J1756$-$2251 1.341 0.007 1.230 0.007 2.56999 0.00006 0.0284615890259983 1.017501929557283e-18 0.31963390143 0.1805694
J0737$-$3039A/B 1.3381 0.0007 1.2489 0.0007 2.58708 0.00016 0.0226993785996239 1.759928165856237e-18 0.10225156248 0.0877775
B1534+12 1.333 0.0002 1.3455 0.0002 2.678463 0.000004 0.03790444117830463 2.422494234938812e-18 0.420737298879 0.27367752
J1757$-$1854 1.3384 0.0009 1.3946 0.0009 2.73295 0.00009 0.021497231890027 2.6303e-18 0.18353783587 0.6058142
J0509+3801 1.34 0.08 1.46 0.08 2.805 0.003 0.076541348722003 7.931139832884616e-18 0.37958378535688 0.5864002081
B1913+16 1.4398 0.0002 1.3886 0.0002 2.828378 0.000007 0.059030003217813 8.628072663148043e-18 0.322997448911 0.6171334
J1913+1102 1.62 0.03 1.27 0.03 2.8887 0.0006 0.02728500685251 1.608058653713678e-19 0.206252330 0.08954
J0453+1559 1.559 0.005 1.174 0.004 2.733 0.004 0.0457818168729515 1.8612E-19 4.072468649 0.11251844
J1829+2456 1.306 0.004 1.299 0.004 2.6055 0.0002 0.04100982358117 5.25E-20 1.176027941 0.1391412
B2127+11C 1.358 0.01 1.354 0.01 2.71279 0.00013 0.03052929614864 4.98789e-18 0.33528204828 0.681395
J1807$-$2500B 1.3655 0.0021 1.2064 0.0021 2.57190 0.00073 0.00418617720284089 8.23245E-20 9.9566681588 0.747033198
J1906+0746 1.322 0.011 1.291 0.011 2.6134 0.0003 0.14407315538 2.02678E-14 0.16599304683 0.0853028
