mlo mup beta
1.182422272545575 2.2796427689221153 11.460856252737706
1.1317888471601925 2.0184765757079215 6.870099024483213
1.1181669241412713 2.0877389157811574 4.851396225653328
1.1336032395625655 2.406517562916881 5.756023480366302
1.1382588491513221 1.9734438696236203 6.596971189660728
1.1651141698019503 2.669621796676121 3.8809429343471855
1.1580706301133332 2.726720740346486 8.96319333554332
1.1391270817743577 2.5833120998981847 6.3410030191323905
1.1340733483375323 2.3492920227108747 5.117521077249187
1.1858106580347711 2.0057293159076766 3.333892051822261
1.1636341425440206 2.387662668606951 9.38821897128235
1.1474757012764594 1.9943803011734198 2.1202174747563323
1.1336987735138393 2.201618569342935 5.410954478435254
1.136600649913932 1.9470297981357225 2.9827990198663326
1.1448173702838713 2.7692688513801484 6.528545314257759
1.1656769082565603 2.057533285745276 2.079777675198387
1.1424898960280423 1.9261836432026191 5.403504960451219
1.1725994377275932 1.9229563852752074 8.918859913076355
1.183157071570534 2.0617831806658415 3.148511226006514
1.1456077514199832 2.510032742035402 6.694829377760646
1.1744352523461263 1.9493176901019034 9.221164071160434
1.1865420229219015 1.9384786681260717 6.395558033687653
1.1458033894966715 2.536827884985695 6.077955829678977
1.1869413704269314 2.397992066731194 7.9386123510827815
1.1378511383704006 2.1601170785986223 5.593674505672615
1.1441211676840335 2.354071902407901 5.055569795549825
1.1506547387757444 2.7937631777362935 5.420149652761367
1.1524955739421245 2.8284267670703493 7.247772240128256
1.1864329059157104 1.9696865684453266 7.6448915572750735
1.1521400187776858 2.853235826465588 7.068416288792896
1.1832736723021746 2.855103331969714 5.563589512551891
1.187259875476429 2.2001111079422646 7.660300854288035
1.175558701627722 2.7348826394677803 4.500893220806214
1.1523655463638347 1.9715168778141363 7.046496880639225
1.1472188943279265 2.348108111968641 4.897129624211042
1.1829905212337222 2.1989619968998397 4.244679696482985
1.1611128850959844 2.6477225245557268 8.420839608041994
1.1386812364749936 2.076233385996746 3.6729615022022415
1.1764815909398105 2.7244066518726435 4.569938059398753
1.135082101137853 1.9881001299354406 4.117007551685887
1.1858938076691976 2.7653043293772264 7.095528406306242
1.1394867631815888 2.065697315479425 5.808784496793207
1.158497633623762 2.3870759420369443 8.032176805607087
1.1495883589023812 2.518581349882677 6.0090714426570315
1.1695343978601365 2.7735519721428656 4.563251727613551
1.1674468865266863 1.9326195255032046 8.016485299001138
1.1477687795545564 2.2999080707723594 6.293532859582619
1.147367943503793 2.0668879567358474 6.827295567528182
1.1576125669182955 2.259596094095359 7.903178022397039
1.1796464872262056 2.8336397638730975 9.442132982182608
1.156248163424385 2.8482583601120304 7.344679559194903
1.154025446779547 2.344953235635387 7.2652535549873
1.1604006211185394 1.9035902924169856 3.1582532496776583
1.1821765394135584 2.207343533525512 9.09970811163059
1.185264867129854 2.4747864667050665 7.504789060981251
1.1451528422613495 2.2098300739784786 4.974870466042468
1.1700939327357758 2.7663085206287312 4.648399414900753
1.1645454709967846 2.6752933246832655 8.576190425405187
1.1760565811908728 2.57010980044084 9.543729617825779
1.1793512682513354 2.8018830505217345 9.327354032654576
1.1857542635841196 2.0303429042745993 4.708598768573129
1.1442069031232514 1.9589358610725032 3.9692223207347137
1.1464852936754881 1.971582595435616 5.713193743390606
1.1836411915832106 2.0244375884052492 8.532121098626755
1.1714183282169568 2.2366690069625617 3.577511958925456
1.1747873312304147 2.4034199238337717 9.484855374348705
1.153558614261972 2.3842960971722085 4.9711192982935355
1.1591394475133823 2.7264765161557536 5.209745844397663
1.1673267337515612 2.2275326629691903 8.9528901103365
1.1830020941136603 2.400482280745516 8.642743339845552
1.161903135067845 2.3865312711119087 8.17537791121264
1.1600765738240062 2.890415049759677 7.740118474233913
1.1536421058945954 2.5102600549050464 5.539049159444094
1.169671551735855 2.817576454500431 4.78414125813131
1.1615603895025575 2.237547496726163 3.8672567008412955
1.16283714204883 2.4928765610449783 4.612423619048625
1.180747903840048 2.700441680609507 5.340110131321939
1.1596056920456692 2.3460862411179932 7.829276148373928
1.1554644421282831 2.4249211727288587 7.074808489809069
1.16649499480517 2.1519697403026488 8.826254765014564
1.1499472104835027 2.246605989595446 4.8553641721465866
1.1609888890166877 2.543352208473681 7.883616151043295
1.176123303441786 2.346518245013532 9.39848944215863
1.1783271960010613 2.131981908542389 9.377393170976763
1.1648246812585399 2.2714747467897958 8.507169613931131
1.143618534767192 2.02614472439929 3.6884017026366145
1.159368913337043 2.51691240283819 7.5494904542192955
1.1854603867142615 1.9930817396961236 6.990102407903466
1.1532532452967441 2.156546809065696 3.9788188250469503
1.1561255265421506 2.15651971713669 7.37378587158587
1.1588748762294976 2.779387206029374 5.590835960605851
1.1840192971168417 2.6457116949459323 7.269916929047518
1.1813403790166284 2.390281676264158 5.107521952926685
1.1766627637678158 1.9681633354581416 2.7551035187622954
1.1717669316925725 1.9906582782925686 8.88137665806577
1.1809253033250164 1.9379461037141 3.877193793260128
1.1553533976403036 2.260981108161363 6.99268920968119
1.1789583784563338 2.2348318179263122 4.202059407959222
1.167541597254603 1.9466713303578183 7.79713074979254
1.1567840008147512 2.128398351910413 3.6556676683579656
1.1728186906816525 2.8819298434924088 4.97729019654949
1.1745474484767744 1.904555930456103 7.175434344469146
1.1482362423717383 1.956791282915343 4.562203831637808
1.1830734360201653 2.6214844700201834 8.091853352408092
1.1724610967335796 2.8899599616268707 4.988020790022366
1.163241302723032 2.015849196545439 2.6923661034741766
1.16087865198886 2.294246919550258 7.798924408287169
1.1625920416632876 2.277357795807241 4.19074230877586
1.1809520038962937 2.461133153692808 5.279538346163189
1.1658670723157696 2.777179044777291 8.310800939212267
1.1821909706606522 2.8200269389386765 8.213996918298049
1.1792993528889326 2.2719421466220338 9.043351320286776
1.1577122417496262 2.1109599263297447 7.52121755716818
1.159133143869607 2.8313285963351347 5.8775697277739045
1.1477058483510394 1.965714941826831 4.731597750239851
1.181606863086412 2.7102921243328346 8.362080625874187
1.1802608226622409 1.9811199256563923 8.464168428084873
1.1620772182022958 2.096972605339831 8.09593588548296
1.1675207647628945 1.9390617311509029 7.531266624196245
1.1806003664137217 2.0867886380666216 8.95154599793715
1.1610640194017585 2.8982480015573566 7.421119614135854
1.158483965306798 2.753285616290072 6.7718637474143115
1.182313207705285 2.8449162524930403 8.125862536265544
1.1513164009614743 2.0914671486043224 6.6109392859166505
1.179253521824482 2.1043204324025564 9.11398798536548
1.1663119235390114 2.5280347975138278 8.380519798682519
1.1518897602452824 2.2633731848594976 5.711258896616519
1.1720830458821954 1.9214716959790232 7.5414132752558665
1.185873866852129 2.053058363344877 5.617898283511
1.1583151451272342 2.7653828063880423 6.495955286735235
1.155950302040135 2.404285192948433 5.511340840665515
1.16152078600267 1.9114620324996916 3.770290043115059
1.1692302903945213 2.3073439156301228 8.777899563855513
1.1825577557774056 2.783523722506362 6.397820828624056
1.1575352928845428 2.313148382297568 7.0706097276550395
1.1583180799628663 2.7311004155606957 6.350913252331397
1.1662532799512917 2.3352336083525262 4.33191313897583
1.1629195030740576 1.9391313047600043 6.814285675091236
1.1679484734678187 2.1365276433954357 3.378983428303872
1.160956671113928 1.9159622336816724 3.718972406118585
1.1830689447512759 2.613958549924385 7.74465857893586
1.1829905249182826 2.3449497323480726 5.7013425110982485
1.164243212578775 2.6963023479202284 7.935976362227915
1.1617836859627695 2.887915428101376 7.382379086202004
1.161070501437404 2.873618558571242 7.2156432079849715
1.1628727929435922 2.019219355922752 7.968455245643337
1.153214206397605 2.268399054358304 5.820200487785504
1.180484273023138 2.766610313883318 8.506600005676551
1.1766494054567398 2.598210775909398 8.985526485492676
1.1616758184997529 2.060245625235245 7.922815423341881
1.1449916148602675 2.023270336593079 5.065132278813019
1.1675525568111675 2.5125975623169228 4.788337531953125
1.1582614674006637 2.4183515269290523 5.3443466710617376
1.1758120756988426 2.5199567848711104 9.00515999263011
1.1487934573435357 2.0551804485284744 6.045205396928434
1.155394104175925 2.1605149484695705 4.229909279510537
1.1583469815609169 2.5917466623474086 6.240748386500412
1.1631760761946404 2.500225157328193 5.043153226926451
1.182149445426071 2.6913602528117457 7.881923267883655
1.1804361854724814 2.4065423715721446 8.570662471852323
1.1528565989863397 2.2364264101143534 5.591325010184725
1.153667276831794 2.228739228375746 6.198963176417589
1.1610536732229444 2.3823347610310477 4.930403407091298
1.162525724706754 2.507940479014426 5.154044173416445
1.1803069349377928 2.5889302238275604 8.495760356119048
1.1762882418820177 1.9206126987605225 3.449210016857462
1.1589702382856029 2.269126825137854 7.18753048995155
1.1479969758073825 2.092988085708993 5.521647007816181
1.1609759202261598 2.6030595686617133 7.163581433197518
1.178220034134611 1.9652584121238843 8.233620643538494
1.1797690168344421 1.977317221883172 3.4480868384618937
1.1587905139348345 2.504769224343569 6.590612466971679
1.1707500114138125 2.428808698003356 4.583910692137472
1.1570845770131903 2.216818431674885 4.579677817214689
1.1732771012363252 2.843911490337966 8.815538787616033
1.153400238992818 1.9947024253458878 6.269948481834232
1.1509564993213055 2.1162400442638747 4.468927213907534
1.1715377289664157 2.7447630720785496 5.096568030613772
1.1728869610957937 2.7281257227439255 8.762981806006923
1.164602541572834 2.494698802663522 7.841759249848026
1.1587433787111996 2.2852954961673335 4.874534331884467
1.1665207966333448 2.852907388355825 8.028346986536853
1.1804113776322234 2.241312045090545 8.550298981441216
1.1700178434037038 2.217807004235179 8.685829237486534
1.1729797923365843 2.1472324501550584 8.94655834495432
1.1598611026314163 2.317406277883196 4.923764702702773
1.1831107211890088 2.4489540361641504 6.866747731603883
1.1648468738884061 2.608696961110852 5.263119199626026
1.1828590079243226 2.2840327853743645 7.783190053688207
1.1689046214437946 2.0432196876437523 2.9183274302271194
1.185113265683364 2.059976270354699 6.38130829420418
1.181670059278595 2.5995825465068756 7.788710083390207
1.1704460280752675 2.5805954969237987 8.555689502675413
1.1619382809897925 2.6310300457190774 7.158979524484442
1.162040085914403 2.616346123549634 7.175640160283216
1.1825147251976424 2.155610406868166 4.968373867761697
1.1617428164509793 2.882713081178707 6.298687103297375
1.1661096665372555 2.679141153554915 5.312187152270173
1.1817947092313628 2.7562551689991297 7.581925795074442
1.1671860067971394 2.6825827410105796 8.087750319536
1.1735395640503146 2.2021149822287414 8.885236937419597
1.1670123470489826 2.444354444668305 8.143984898018468
1.15670332525882 2.3147992114881966 5.782033860774556
1.183095556799252 2.1362328672164175 5.049948412221223
1.1762912392395708 2.774328249346799 5.348433481285827
1.1772777607063705 2.3089871559674626 4.59674406697879
1.1742047237782671 2.8548716258266458 5.308961257258023
1.152509568754511 2.164526231696079 5.215182195334473
1.1663808628454004 2.6062163917724512 5.21892032152763
1.1536164739956878 2.1842237993096845 5.145253635961053
1.1658070770346625 2.6364661954271673 7.84636919367458
1.1826981015005957 2.4463624156411017 7.1302679492746925
1.1806972045165636 2.356675209344942 5.39725210740006
1.1672890533273543 2.7824436261945547 5.413121577673271
1.1539012842981862 2.192049310228462 5.756681004679406
1.1671642244826053 1.9107117213239815 3.8406810147387933
1.174950354186159 1.9407822635694385 3.2817557975686444
1.1697248458658864 2.763509638830662 8.338301588158934
1.1620814110475013 1.92242789662648 5.312457850260401
1.1824836998057906 2.370550863975895 6.254702924260592
1.1843859036565139 2.0605630196852407 7.0333358073661945
1.176005857348975 2.768755584305811 8.677145538701986
1.1585197016349091 1.9374985512494332 5.0002819838071435
1.1777124672525843 2.0388234286181333 3.325044386422114
1.1620172903474326 2.76743867747716 6.319099763705228
1.1787340926073648 1.9824908509254695 8.232554917539648
1.1778961559218497 2.8193081557531565 8.53954958302022
1.1534301387933212 2.1297748149463342 4.6075745115445965
1.171191722317276 1.9706750455186721 8.085507962403707
1.1838092146390955 2.123058992144479 5.607062633617852
1.1779551689663132 1.909246103344835 5.801609407221461
1.1626911568130074 2.5399232242659964 7.169299436270913
1.1777060596306221 1.9877618944204607 8.400338469194693
1.1781208519534416 2.319074144433263 8.627769378643265
1.18133252716923 2.3501541181790366 7.9521306677180394
1.16933459861555 2.754328730314964 8.231789366559667
1.1688787680429604 2.7886944435045335 8.157932886451109
1.1593333635762355 2.340196189299129 6.571655687670283
1.1566267566090076 2.00012595182003 3.4966407692020045
1.1608758251462445 1.9279591553328772 4.697978935888482
1.1826642388112476 1.9631118632014626 5.123762710003787
1.1722695707168271 2.3612589547014586 8.603564189946443
1.1581962688575835 1.943377231728087 5.09440452529428
1.1644907750521258 2.387474344525952 4.9868140866245785
1.166428841911454 1.9641516540035093 7.4038744814698205
1.1830176551053486 2.2762723054442096 7.077479204243376
1.1845336907486563 2.049168848076998 5.851552631017169
1.1637597735270686 2.151391688545665 7.776752798676709
1.18090096927977 2.3390777883799125 5.556321377137737
1.183169790419186 1.9866686631475479 4.914397436323899
1.1608741022715678 2.496733196073945 6.180959751978579
1.176980805899122 1.9144440347520253 6.484328801310403
1.1722070737986998 2.6483529233734866 8.479721269710955
1.1646264340705588 2.100817705932394 3.5671169847282176
1.1775936801059221 2.7517489445273435 8.48053514560238
1.1661715509655348 2.033389637732328 8.078053913090072
1.1802566009342765 2.7513468835184716 7.916518799788452
1.166654839715441 2.0691238299033645 3.280236394551407
1.1704139691541195 2.407600520140899 8.386666866645305
1.1807576292246218 2.2588290150042134 8.125794812141846
1.1609888882788026 2.482203199434069 6.15840478936008
1.1585843709250374 2.0840219502060884 7.055325589545383
1.1638932773508566 2.8000207709857534 7.039914797364046
1.1738859465722127 1.9327690501149475 3.4469356799245183
1.1685368758385963 2.752235670399006 8.025019831237813
1.1650941670373178 2.40527142523374 5.06201767028789
1.1797143278336035 2.7359794538215034 8.052240459579808
1.1571931389757573 2.2509946907786476 5.731570377012387
1.168126176039375 2.48297584869686 8.041885624563355
1.1553446148949498 1.9673249209445205 5.343677381833947
1.1698026718465255 1.9040287333619927 5.581513625854782
1.1604512815131096 2.086649868881044 7.2977298740837
1.1811637215637516 2.4745188740159767 6.184807565283689
1.1798228156071924 2.2851856145191793 5.125938620881319
1.183270785398001 2.1939856003649454 6.7788854964476055
1.1738968061551904 2.0718223371431708 3.3334600878902307
1.172323934558424 2.498036288326163 5.005059250823418
1.182046184891925 2.29498125989798 7.362115482063713
1.1757538992576035 2.781258248367337 8.492320376084258
1.1805413183091906 2.8015354516867657 6.604820415455986
1.159398129129753 1.9872828034115955 3.4554109572284144
1.1659844221679125 2.796616343389548 7.485742273515353
1.1699390163306105 2.678922267414606 8.16333757928618
1.1807345988363398 2.7026867065180395 7.482305094428012
1.1623864057713362 2.493267025329832 6.770887565059219
1.1800816303066508 2.2234366726018466 4.943848133559172
1.1636525919544625 2.773921086688178 6.5942806466693344
1.1571038696749019 2.1889047171352867 5.006050229890755
1.1645745754178276 2.874060031950214 6.207455108011052
1.170168571918853 2.303775274784989 4.519347779853501
1.1783298849463 2.426241704869857 5.314483226529882
1.181285122359336 2.54951910860043 6.7498544224825725
1.165865819804434 2.7563941483447403 7.428685559667411
1.1626748875697972 2.4808768085481825 6.87043339819423
1.1683772930131702 2.328377371209713 8.099206655288832
1.1794416386364917 2.3103986643074492 8.265400144807657
1.1685235690227627 1.974674866703603 3.070141420390181
1.1562463846754099 2.083232139121251 6.544809762860947
1.1637846238371337 2.6811270349930023 6.130173241957079
1.164302189961994 2.6764744619694056 5.966786818510236
1.1598672235608165 1.9847947815851952 6.644265600798878
1.152363290639282 1.995295348047615 4.399828658206534
1.1664366354335096 2.847027393549124 7.476257977145124
1.1599274115172706 2.331951016204447 5.81475018367135
1.1650425900191925 1.9819882781887839 7.374356098249713
1.1712115527418772 2.0845230878841985 3.3938146083481016
1.1701683602440127 2.650341843679392 8.138176137167987
1.1508949138057474 2.055748874120149 5.076330265253246
1.166188824387807 2.7408478207788267 7.439460970226669
1.1604098494349042 2.122029722452891 7.12543873877522
1.1682057776707566 2.7154056054679376 7.818154503440997
1.1783505305864677 2.8587882330519117 8.112964082426387
1.181502379722129 2.3658694499525974 6.34645512718723
1.166061438432264 2.4962317538127756 5.369746238860817
1.1805591522271122 2.544660042296032 7.588548570405395
1.1771866627508163 2.773918272739267 8.298140751820341
1.1741166433499985 2.313103276839324 8.521209731909867
1.1521539668681189 2.076559357439061 4.8453065270715925
1.17569283362909 2.512647690159346 5.2336827578803184
1.157700681416828 2.150991137067176 6.48913225747787
1.1630345373903408 2.4042543580821794 6.988604189460254
1.1628734825241462 2.5048985961803774 5.9918153736093736
1.1692802481875393 1.9606725809378238 7.480020970425386
1.1669744984427608 2.2904341137873425 7.85474916753374
1.1605569558200841 2.17948273698701 6.961812492374797
1.1774765254154478 2.0132855278666786 3.4167513958211657
1.1828946786103736 2.1018766115287932 5.218999792556321
1.1678867177797043 2.738477950361265 7.712585053837348
1.1680073855796558 2.7978406520239667 5.718339397445309
1.1819022620660644 2.303406418288984 6.328598834718614
1.1615565611380614 2.297647254601619 6.818874741495085
1.1664899696716882 2.4304764574855255 7.630607890433005
1.1733668971253575 2.6093422122369923 8.340765433289054
1.1772021432379374 2.6572076826489517 5.649551604601767
1.169231107797639 2.821884477941007 5.652449971684948
1.1640027526139605 2.540784127845802 6.939979895680976
1.1807086946212006 2.596998223752928 7.121440772766034
1.1810019102238065 2.520951512924176 6.918828486140114
1.1724170221039432 2.0242995765594114 8.46169848407688
1.1762465087418508 2.428864535824495 5.146318672841343
1.1667817896744075 2.506109838682941 5.390952160371576
1.1649144478084623 2.7262338749230106 6.176788050877585
1.1545069432763284 2.018542327744096 5.956354663678651
1.1661630595166734 2.7435668756317795 7.27593283748762
1.1781561969955754 2.622080914248861 8.129527230426934
1.1597757194612481 2.254713458087312 5.365916025262294
1.1576329242964354 2.0631192349394234 3.9306063713392287
1.1634262574412952 2.4941844299982776 5.914238139674989
1.1532425898200418 2.066928583687058 4.5653142316479745
1.1731597859897347 1.990595075761655 3.126710754096626
1.1772473365984353 2.2722035131230407 8.427989605978018
1.1663850586365263 2.6568812842962903 7.361174910374494
1.1534727614694709 2.0322010837410645 4.239864185863146
1.1672876034990989 2.2113279721010826 7.925781212021624
1.1653124617907087 2.501272214279978 5.58909949537281
1.1826230551287753 2.1604198234044976 7.25531738526394
1.1613825527982011 2.224148125752553 6.895068751110587
1.1669244046406466 2.774376757700426 7.390587254838092
1.1743107706189828 2.7669876845477055 8.272686757089325
1.1829560148249547 2.079884593282898 5.164510788593612
1.1747890459082062 2.014708224900785 3.2355082225916103
1.1752897987643751 2.491565223397318 8.358301902945326
1.1676379071208292 2.7140057924200893 5.756007706910896
1.1543288747159055 2.1076818837493763 5.124833805436596
1.1556514275877487 2.0470520353748913 6.246909184030825
1.1756729131610018 1.911282836630909 5.685211577896755
1.1527169015385403 2.038664095910559 4.510225788639575
1.1675534486748547 2.8072266586607366 5.895852504164095
1.1727468055721069 1.946688908438662 3.454125426062916
1.1668467487764558 2.8606700858057716 6.087841003603359
1.157751866169008 1.9625347816192504 5.016359077217384
1.166655029188032 2.6567308986230955 5.823112524761683
1.1792079405865823 2.5863155703431127 7.800230973242488
1.1619528808054116 2.2917393342845584 5.309917212278039
1.176272580870942 1.999916824993051 8.274189110027896
1.1712535258634316 2.866056349395281 5.69979458232198
1.1618783543572726 2.308370052880442 6.641276487576892
1.1692425119274548 2.8836506363142114 5.830315783852509
1.1828323071758933 1.9952479698448524 6.664995366248361
1.1658546250446222 2.812626339769502 6.401076578798413
1.1780138857116693 2.112610381071809 8.457530895711951
1.1666899468285628 2.192925886535876 4.3131947583124735
1.1657268569094508 2.7820379490690472 6.780078408185114
1.1707989357009252 1.9712098314170081 3.218371742676588
1.1688366590263843 2.749247224432059 7.6923739302776255
1.1777536602094332 2.0441871660027062 8.453294283355625
1.1728307906139666 2.604020977182279 8.176081848770046
1.1766267820787424 2.5665148070761328 8.195850837054431
1.1814798757664993 1.9784094469559839 4.824496143395875
1.1685125842342092 2.3288834325898704 7.888732386478528
1.17771802843523 2.6802245294357494 5.90832918583463
1.165919084074265 2.359505892343663 5.1647318478603275
1.181277148904158 2.1589061030469323 7.703143412666362
1.1809257012716259 2.362828098279597 7.2083754858805555
1.176030596565198 2.7257797081036514 5.7438474503192385
1.1655746963113591 2.6621780528507837 6.8548100804690275
1.1682397115289125 2.6427620514788046 5.676052478911624
1.163667403468805 2.2314164727736943 4.787907890036847
1.1746877772384516 2.6158133755588207 5.516914224725111
1.1801166276383634 2.2112265801325046 7.939600607462273
1.1618633847041846 2.3076028971032927 6.5016720384991284
1.165139590244188 2.3199543937653004 5.1006677512346545
1.1735348005279127 2.283807737698088 4.655089856252854
1.1554047475987803 2.107279624402662 5.005429288601853
1.1739213678468694 2.5334539546223276 5.349060438395275
1.1832335810869434 2.1062818288878917 6.057927656578787
1.173072612312154 1.9570998466156966 3.4056700906847883
1.1630527824138073 2.0900860097382177 7.376985503217005
1.1687255909621785 2.4059736177113744 7.812352335799906
1.1777928234974906 2.7899002905499217 6.093890063128448
1.1778461150442872 1.9542665555863359 7.233619039763498
1.1796879988703166 2.7179980476405428 7.178766361421648
1.174657917003358 1.9857305626154353 8.041037755459373
1.168466797354959 2.7352526189499624 7.519129037087602
1.171239349677434 2.306548266177082 8.15257997580377
1.1793289961074724 2.046864299277642 3.9742639307389
1.1658521775250714 2.050899417478257 7.74461776038749
1.178413109359425 2.884172869497272 7.652625557494789
1.1640203688731967 2.4401632472594654 6.653477388256482
1.1706754075335453 2.7366076362736926 7.864539305257562
1.16463297475812 2.4826239807305597 6.771829450628449
1.1640402057574954 2.4651006502373694 6.160439378298687
1.1666090588740528 2.653159421748573 7.097832450045654
1.17364914871442 2.7117922949897233 5.651172158917765
1.1683422872592573 2.7235831070872822 5.869464076377183
1.1678761315381048 2.765494934917591 7.343503817738977
1.1689002131414332 1.9571341929100234 7.121095582349
1.1664206845838743 2.4213029559618633 5.4226226925339756
1.1664865192431018 2.778330808611015 6.443406068075495
1.1620416942395342 2.1800639281527174 6.946375510638752
1.166194148227878 2.7350488901998 6.6109715087953695
1.1713943636492292 2.6956301951723285 5.626743119642516
1.1798327796577353 2.607404210008029 6.799380081608479
1.1670378047839414 1.9775497688526622 7.285802405099229
1.1667420719906039 2.3697073562369813 7.44622827820303
1.1806902319650194 2.3258530601313776 7.285205999601176
1.1667503644668793 2.3343074616182076 5.090485011174803
1.1695536545576795 2.3953143259524046 5.106380778675209
1.171619015904934 2.8018932161535446 7.9077177901771964
1.1792876328038475 2.764359908915372 7.19018336526965
1.1684199267004196 2.1025264739791485 3.7512819435164744
1.1783927232224345 1.9708099092124365 7.46174055469057
1.1684843764628177 2.4372567836629666 5.309648833573926
1.1636528485204936 2.1299326976954083 4.197672616315847
1.1748005322211064 2.457517154887725 8.168075288427328
1.1738962453165402 2.8204141241863314 5.8226417333348905
1.1708930117437897 2.138806365919969 3.953843816526023
1.165647617829098 2.080519863017632 7.672481142826538
1.1650916618041702 2.5308942018223237 6.451126357080684
1.1705919916479002 2.639860596336778 5.627520516688854
1.1723866373145335 2.8214270732871176 5.810089567438739
1.1611258903391477 1.9712624392742915 6.079114724197128
1.1815301530133482 1.9971366984303947 4.7964366325929895
1.1711351265202463 2.4755178748375135 5.294531383712902
1.1698337327370387 2.413062696503654 7.84482239322506
1.1732895372040102 2.30243180971545 4.795528566078183
1.1636625541043089 2.3943836847416042 6.175080567120283
1.173750442891421 2.664538392981795 5.659067952673109
1.1689515420550771 2.7395085829267556 7.471465929830101
1.168019688892804 2.2683109437439377 7.720665718786458
1.1719087266350836 2.0469288030052994 8.307156404618247
1.1754960226779527 2.7335075869201537 5.840402430731222
1.1687966702192893 2.626307381024938 7.499366275068539
1.1653200442093055 2.2203912522331426 7.357501805305494
1.179098937935005 2.619434754704461 6.567748713290232
1.1787995050632296 2.5666547170067595 6.276311034828469
1.1696313173215285 2.6913638668876643 5.808240375167282
1.17689705954596 2.473709015889079 8.016516827652733
1.1608647664855698 2.1745627766542475 4.921573326677581
1.1794055163622492 2.6053317862863294 6.678693083593327
1.1758697776719045 1.9198543293254493 5.603547414237228
1.1630547846269208 2.0822429710390216 3.931184831008192
1.1665234773467716 2.5829037955831535 6.159298726666943
1.1761723116074323 2.692110587803821 5.905093766113945
1.1653149602541162 2.3407669211737456 5.396110029504042
1.1672555450712037 2.260487732820142 7.570012775558933
1.1605819370500874 1.9729881484639382 5.8899759522922945
1.1809495733619406 2.289892318606795 6.699979859635093
1.1822033423859482 2.1380478274961314 6.846250786667635
1.1718860431121298 2.2530499070285837 4.618192099757364
1.1678261392211342 2.7234453197256188 6.193436666068667
1.1710279060375832 2.063955173161759 3.5081308118877335
1.1771260792465756 2.5394355893625775 7.91452498041272
1.1633794861637579 2.2888250379540103 5.467402585170207
1.1805679958376516 2.0136674593226003 7.604638634750012
1.1777410030798265 2.723400452889154 6.2639851552082355
1.164350945609554 2.2054365613539364 7.164433421753046
1.167469634638638 2.3426802399384963 5.178552578507274
1.1771896016002277 2.645639542692864 6.0217062004682695
1.1765315477634954 2.7625319513129507 7.832032270680195
1.1741748722191716 2.706531716570422 7.935622449878046
1.1719944307254315 2.7080470704263653 7.823115427199122
1.1648265245489213 2.3591378624547064 5.6122936316019825
1.1703903337621009 2.52150468884638 7.733598650011874
1.1780970620800162 2.509573572305161 5.966305086925058
1.1619897402332646 1.9668040171108565 4.0523962470760395
1.1603204834932221 2.170516435226395 6.315650281819618
1.1785157449932346 2.6882795856872588 6.591797554349771
1.16168462877415 2.0952959715869053 6.933802216834399
1.1683196513878595 2.825185770844289 6.347885350979897
1.1776207838746489 2.361452008553396 7.959387163313041
1.1672748980747865 2.6923803095648893 6.517070580096485
1.1678363903835955 2.7811690794425763 6.808425088986002
1.1785637002993807 2.722510848311235 6.863371417765112
1.1682673422573298 2.8894442683870896 6.616293972971871
1.1598023686943708 2.12368849368882 4.6981093147544986
1.1602319528077607 2.192596852955248 5.584764154732117
1.1651683337933132 1.9549349867074195 3.92535544064809
1.1735765240170777 2.617182107368519 7.908830404147105
1.1816385429199203 1.9847659767608348 5.418730829454759
1.1729146635756527 2.1616251929727786 8.235620267116882
1.1681119820556187 2.084137548348613 7.883683220532186
1.172946683484156 2.6499913270054636 7.857120169379424
1.1687242128891664 2.5458509934413045 5.7401948134578245
1.168728830796017 2.2765137195558736 4.849900702377589
1.1617901316003838 2.0682843299630305 6.965709149207136
1.178836195819863 2.489901543192249 7.4230646049452265
1.1687391380447618 2.5612889375775287 7.376745539437341
1.1725023397921577 2.869975400075487 6.012953497527743
1.1807691567014333 2.2625642324106128 7.033371462772642
1.1639861755856908 2.295203006958479 5.497818403704695
1.1799860601322931 2.0685580662527236 7.921773699961946
1.1733753933898374 1.944798352325355 6.896514333442445
1.180783146615405 2.1359491426235406 7.554969836561941
1.1766254361416966 2.635264362846417 6.0001031844376875
1.1558018037623154 2.0154462137972686 4.640154878167401
1.1615950862809117 2.1580276230480155 6.64182276780191
1.1686060183958962 2.674952222577512 6.075619144188918
1.1675207969921362 2.60959380777578 6.924776058032959
1.1805446227000373 2.285288677138951 7.017214463928102
1.1826828835741736 2.096748634002381 6.436500859126554
1.1713052379373754 2.064298790936526 8.19033770968127
1.155331825030619 2.053673846519506 5.200896034609503
1.1727217195503452 2.6734095082074525 5.802889480588178
1.1641706638317035 2.34466900436752 5.932762126631134
1.1734680454872326 2.0534007038111146 8.287747055412314
1.1659887737968488 2.122700148546229 7.51393195034526
1.1783805201951887 2.203079651781016 7.959341856302009
1.172573886818495 2.0068826240168587 8.016022730183733
1.1717199841492492 2.479957387321932 5.456344528241207
1.1745585839646222 1.933913393506047 6.4336799485793215
1.1828003216676466 2.074848422170762 6.475103846976586
1.1796849241958554 2.269228139793973 7.54310216314868
1.1777186696314978 2.5610838399401383 6.116491056211318
1.1671958653277985 2.572423967942459 6.2725600456971105
1.1781891559635014 2.420762004999954 7.656612094378762
1.1801976455637264 2.2181104678114916 7.463272361280671
1.1707918775921746 2.455265273835546 7.720646724751155
1.1748799986719622 2.726789598802606 7.786310889912681
1.1783089411072505 2.6634793741987934 6.780422300402114
1.1695335332568932 2.086015569854162 7.984676040686212
1.1788075799264324 2.2270312298668626 7.789701576526406
1.1775622208622984 2.023237357644401 8.078686404571908
1.1706713492251777 2.835718484372337 6.159183260008941
1.1773553163171144 2.6087175727317433 7.591329408722478
1.1715231056312518 2.4962507992716922 5.534554274465592
1.1726416489272882 2.8929481079327135 6.139898405811074
1.174367801579067 2.885042907210245 7.67917376155177
1.1826155469176665 2.0441368085822926 6.6589633137828095
1.180628088090995 2.0104642607764216 7.358482106174314
1.1768023779169743 2.025870299752733 8.127479822502236
1.1799379863233037 1.9623433873796006 6.378342783567071
1.1696887880269624 2.4620109950668385 7.499031930460401
1.1626603770409072 2.1985684475814775 5.158279832351409
1.1763602876435948 2.4503553700087304 5.672811190748575
1.1708165014240797 1.9695492568903539 3.5346351908804294
1.180957241253196 2.147849222040234 7.264756574038193
1.174365533767404 2.298488822930551 5.00786706733331
1.1782244557711485 2.600804690165931 7.1566669391955795
1.1709596207303863 2.2656207593989817 7.872596150174424
1.177487570727973 2.2357780364901467 5.050775200145324
1.1672047622796318 2.5256929876599528 6.321865168870069
1.1686768622203048 2.0612642956857274 3.637058627747219
1.173884920331862 2.789307024560558 7.660821183264815
1.1674358111269245 2.2876599998321905 5.123893722997407
1.174695654776714 1.9264344666025548 5.745877250268702
1.1688275426413 2.3481922736299126 7.483748436028197
1.1564216919556114 2.014943388252504 4.90256845641837
1.180032343052955 2.2616357996081047 7.2915981641135446
1.1735750995415306 2.6620203901696606 7.710305843172504
1.1591705691578438 2.039571394671752 6.305798324382108
1.1787518863147977 2.4682246845828515 6.481529330856912
1.157648849234639 2.0476021791493837 4.4778445783585425
1.1646316608604592 2.338989201944492 6.149056083253578
1.168503204234097 2.0700297351414765 7.832463839419471
1.167486660305184 1.9416778361951559 5.862826565719734
1.173542421415699 2.783215019916441 6.098016762618947
1.1703728616901339 2.6856248515290324 6.063306547999458
1.1789045672615224 2.3584179606035867 7.408088624636729
1.1739517648516138 2.720233104444266 6.036413438205697
1.1704649482653804 2.3205779825715847 7.724949766716197
1.1802224113554896 2.155936989774228 7.513386024063564
1.1722773660611696 2.191478431448197 4.466002602243673
1.1780583037169374 2.131508556046513 8.028961209478288
1.1739818970060831 2.509576085969085 7.785017385459316
1.1770760020965025 2.862808523530889 7.218022540869358
1.1742003076538339 2.414744099451811 7.8640121031448675
1.1722561263668587 2.123800528281902 4.06061787116168
1.1801303038287658 2.2891820703275028 6.907689116813916
1.1684120432314735 2.0299670480205294 7.708883032539614
1.1674946836852484 2.146151277826245 4.328963218858364
1.1752869393358858 2.4458928543417513 5.603889419045313
1.1790530281202378 2.3438556539248694 7.277883256349787
1.1739709894203125 2.7083550967662102 6.076279198822448
1.1766208261185898 2.481353454316728 7.66655384869463
1.1657485184336285 2.37830757776468 6.236421938665952
1.158436718410729 2.0316143659111416 4.348728219018788
1.1810441308432726 2.0037296388506465 4.872199051465662
1.1662919037443271 2.3680141060082 6.740045362787507
1.1707081190268895 2.3886872810743798 5.368025226304047
1.1681485049088485 2.4792498039100868 7.0004924714815235
1.1805238974845709 2.232082661661354 6.313862418272114
1.1703079487880113 2.6053084365677686 6.001451475496923
1.170527125852087 2.7216092166584325 7.220962909354004
1.1698756475571381 2.736812019096537 7.003902343676755
1.1797992113037978 1.991347773195455 4.4822884813675365
1.1641697599687126 1.951135172449145 5.004489870858713
1.1674500890766413 2.4824902556477397 6.27239959510068
1.173730820288215 2.878575089738796 7.452898760067416
1.1698691468275544 2.7820173698693678 6.756222125634492
1.1607315216513312 2.156156995548057 5.467706229843463
1.1619198698828699 2.058173327582505 6.760435478330281
1.1754607778761448 2.8210745307806846 6.381538607758101
1.1774355506540755 2.6784745387044593 7.000927711066435
1.1734180122508864 2.5913876964901963 7.615125907677253
1.162177508959932 2.1471880218786663 6.512613206896285
1.1676992032099356 2.4998752073482504 6.543751961996806
1.1743060636337812 2.8164815593482366 6.306021581307032
1.1804718982937752 2.147327000145431 7.30963947586463
1.1703331680120816 2.682067244918881 7.144597086173475
1.160707253031554 2.0086017270268375 4.100119627290999
1.1726748031989211 2.8009765632633687 7.40140192445061
1.1793551528191497 2.3359269942822722 7.058727865308205
1.1723611981588133 2.884143809967211 6.403328146088366
1.1724385385189935 2.220953713990581 7.928142686003811
1.1749721449172803 2.5901660331363363 7.616545741911004
1.1703927246808599 2.779494418989147 6.531827450794262
1.1773658920241574 2.648393713636234 7.027635648382704
1.182082748238293 2.0546661218239706 6.50223984184151
1.1642464756840303 2.2017648087207182 5.114185116553244
1.1633462062571749 2.2152837012917383 6.375094336017046
1.1790598976852027 2.3156211731482417 7.200690748807521
1.1602784170065226 2.0163077314183875 6.222305981142014
1.1727455975112395 2.796262446065612 6.298598254803068
1.1747685561036847 2.7697617532736594 6.33448951071515
1.1752777954441846 2.514775144704971 5.864725680134317
1.168758733636582 2.349947314414191 7.301424785950468
1.1816533490368162 2.0346833246671827 5.293444425518246
1.1683918962107167 2.3458093533635362 7.232814934773177
1.1757573352530093 2.312522468060099 7.858473056135454
1.171562547172341 2.775022875656153 6.338187285285352
1.1655919256630864 2.234302344131991 5.193701175668863
1.1654898158974196 2.1134253343142806 4.286826543250076
1.1797435005747239 1.9656513675993414 5.191539784326439
1.1621251709631677 2.132079225488476 6.505391227110971
1.1782944569432194 2.418981476773986 7.1780779330119255
1.162501702592964 2.1985872840097986 5.6840348248052575
1.1678583302382117 2.458984986676075 6.16381066534041
1.171339478357249 2.787693319810655 7.124410755947267
1.1738770729604127 2.319794854151132 5.208963901935016
1.1704016034717484 2.463203512628763 5.728778877701075
1.172567603993837 1.9403849843664616 6.294085587618266
1.1750648544103777 2.7939722436493937 6.448609039819502
1.1703202461486828 2.669204788470294 7.009932202031116
1.172049432991459 1.936779325596126 6.10353555514634
1.1716513319345128 2.885603234890083 6.9995281338783215
1.1741827157465583 2.745977021698419 7.395720100138478
1.1735348740237643 2.6431579653091655 7.469065299287093
1.1639634079784558 2.126904494611364 4.558455713170757
1.1762240152635077 2.388252224965226 7.666621330167466
1.1781120085336418 2.176022499742598 7.786001987150538
1.1715673830438842 2.875401324685058 6.728463873440006
1.169749679198246 2.565768084370644 6.191821356572907
1.1661636423907988 1.97167891508128 3.929842599953279
1.1730991721744721 1.932542090458455 4.694671933909952
1.1732603882332147 2.6430380568167076 7.4328969797350375
1.1783657181183353 2.27549826050776 7.4718737998261595
1.1778935819637653 2.4927923008215096 6.995463778431759
1.1696906511795133 2.5578210375922854 6.987105423711428
1.17817736623991 2.4462966131821733 6.934152816934965
1.1757646436572107 2.0983100913787482 4.149517900172375
1.175918634123037 2.6315973984724312 6.333490416900366
1.1819888173240822 2.0586461701753396 5.875622341262826
1.1788858759124738 2.255169291240769 7.373325215933878
1.178648238803632 1.9752448409799075 4.479918987521595
1.1712225480294434 2.6473792555546845 7.17616504523456
1.1744564959640393 1.9419490446911871 4.431693580425559
1.1727312084636012 2.3090366072075 5.17719831067174
1.1713536586969475 2.782657718804528 6.91662638722967
1.1704245432786162 2.3405669358356365 7.4846677009022535
1.1762791415502847 2.236902596974671 5.071168816827175
1.1740081883787832 2.893508487617385 6.722910500188215
1.1791625685501785 2.2816767775891744 7.098143577739421
1.1721434761387761 2.7300800036598822 7.171554422090173
1.1635496541147445 2.1650041217444427 6.598138512896835
1.1726266072414837 2.727755463983681 7.225310239759221
1.1711716997381916 2.12696314892078 7.8915605009699625
1.1696293276404892 2.513303911445507 6.094055799015157
1.1643896551895896 1.961155869387816 4.479585458465625
1.1703515826238333 2.5038928787608143 7.197116493478269
1.178056451534447 2.3686170267522577 7.289050887481054
1.1784859315710565 1.9620761153202633 6.4868172340158665
1.1683283709225831 2.2728976693468925 7.254837504440168
1.1641610837042113 2.1917443882996683 6.598778997602302
1.1688950008288645 2.3228642183867727 7.250948844870733
1.1758044509329837 2.6510275850407323 7.275630701856365
1.170515544705279 2.604286716139521 6.2946793641987835
1.1806309348575805 1.980452791943699 5.947010074110716
1.1765189465511534 2.6419525934636483 6.955466518260307
1.1766444952768793 2.623827400273559 6.760074527400356
1.166313024913362 2.015576803896011 3.7138419199478747
1.1750869331310922 2.778874779139569 7.146310401343946
1.1745231265069984 2.809551960891812 7.126263570572766
1.176115032942844 2.4094193079181965 5.802728610283911
1.1609999612256476 2.0958343026331008 6.270438775800086
1.1755965688566572 2.7177139298308597 6.576040984282409
1.1806196979417516 1.9810357504716776 5.973683443290385
1.1738507375839304 2.8314892743696114 7.0414655580472
1.1753177716629186 2.6750654690723223 6.4329426504259875
1.175267582053034 1.9366934343676505 5.822965521461059
1.1586495175110514 2.047270873015357 4.73829575936001
1.1706433626423187 2.515155857571382 7.172232412136276
1.159023507849658 2.0829451233700795 5.553398676311092
1.1807042435133954 2.1472794929030705 6.865492148968501
1.1732174635226882 2.3287057909655444 7.693768296198851
1.1696616317536959 2.476379980258397 6.013811821321534
1.1694936104911886 2.4937799176311133 6.9326300641339
1.1739613583453283 2.8252402912073395 6.819522672361266
1.1768276967157871 2.351118913197499 7.550519283924967
1.175447148642883 2.7772825168472353 6.872694300922332
1.174170151253513 2.422725141016582 7.584473187309669
1.1798141180882598 2.1911624466871316 7.152941037508349
1.1629029433222826 2.0229562456218773 6.64460607661511
1.1764966782118262 2.4309061587598126 5.9963152253672405
1.1685806328090096 2.240471036184842 7.3258925402027515
1.175169172632892 2.492991558762915 5.9770702570754075
1.1777903353439902 2.4594189719036224 6.806237181927374
1.1718210005980627 2.7225158079085494 6.8676670844845535
1.1714087568915914 2.607399899406953 7.107565491939912
1.1794673438230523 2.2184866966368295 7.180975060338447
1.1743622114890586 2.6927899640999433 7.194148793577458
1.1767003752401424 2.283900273281776 7.655113933643456
1.1636050980626758 2.0029056722899954 3.977031408597064
1.177478703814639 2.3975941090336046 6.131957292122701
1.168587011272312 2.34992991878518 7.045272455781504
1.1626805698462366 2.1718225732183387 6.022932747694213
1.1799738158046422 2.148550914930275 7.2678137422984275
1.1729936201807116 2.4931703212822924 7.407363358655504
1.173470136029655 2.434753252690289 7.50683640110112
1.1615891203723763 2.0342186148130748 4.213523923616291
1.1666483791682252 2.2794092971454343 6.726805673322847
1.1768036482887092 2.535246909321975 6.968735104446562
1.1796746540419916 1.9824631522739922 4.847572659826888
1.1716023595062894 2.4853777137196476 5.918167284636549
1.1682420485058551 2.420242974846977 6.356989216815922
1.1763954498790847 2.1987958178777562 7.809705289385658
1.1718672234635035 2.2667296296103427 5.065754659719914
1.1673523527153598 2.274652135939971 6.926398039913831
1.1682066580987787 2.2658114146410067 5.2629358277284
1.1595298228405615 2.0338680740191997 4.57440263636027
1.1755442167689742 2.192108421983024 4.821167229500169
1.1652185774155894 2.218743188234833 5.396668538046248
1.1750641040698317 2.3971759000582518 7.550699592277665
1.1739546396324432 2.1707651664780214 4.604268293295279
1.1679578241848256 2.367112276951805 6.699009375715693
1.1800030247552324 2.1589809331419896 7.146731776676045
1.174676294867233 2.6680415937517385 6.607712077215933
1.1733280013523202 2.215789334589538 4.8416664345405
1.1720398251067445 2.6414629602414705 6.469648972659179
1.174897118908998 2.549475812331878 7.301328395452504
1.1707114364140394 2.379334807801352 7.310915662027137
1.1774847206324257 2.4054767906339927 6.280275233629242
1.1702375768180642 2.4955713368503174 6.173824761364152
1.1779416953784496 2.396112971610624 6.520817292317011
1.1732671080686963 2.7013896241998725 6.662341595097333
1.1766595270062585 2.487732850346765 7.110140943839015
1.174736687707211 2.525952161333177 7.320657321741823
1.1742454184688693 2.537160923322337 6.158098602185886
1.1628198881527327 1.9865387774240213 4.287734379375255
1.1728595919643392 2.154252756822858 7.857241929078388
1.1667080310112916 2.227825004373494 5.250859510865293
1.1753751160539643 2.50257242658389 6.149836805990519
1.1762074098796629 2.520797216660938 7.120896586847351
1.1798223074216874 2.1867844250922945 7.001999415902338
1.1610512335273295 2.0798557907151247 6.1948197481285145
1.1719288405388484 2.6457689311334502 6.751678221789321
1.1729288950157521 2.6387038343501037 7.019820890806738
1.1730843027545605 2.6545699021459503 6.551016251800506
1.1696688130426849 2.437068877584724 6.916985193855929
1.172571735425086 2.5268276402258505 7.214351507275353
1.1772203209843723 2.129072147381793 7.8334348038981325
1.1730288191316138 2.664354495471409 6.6017301982036525
1.1764556810557996 2.135808194051657 4.603487638752755
1.1755798322101838 2.5546560689933617 6.386877000308642
1.1697859019191406 2.3869868478117953 5.77988418891962
1.179524567595074 2.247058991710487 6.625305087735741
1.1749165234675119 2.3628252437412733 5.629707829620266
1.1721697750344218 2.352133278000972 5.497754867565169
1.1761174920501183 2.566052324742867 6.753219087664927
1.173779289204145 2.640455407501383 6.534069361838229
1.171519546491478 2.5895366653116194 6.874886036884213
1.1761636276680887 2.3541433508185414 7.482868295820081
1.1696667721429963 2.4199494535078387 6.937268077576817
1.1674306318667727 2.2338486953716874 6.985892334982163
1.1763477198170877 2.4688586473078673 7.150541528214077
1.1775052000207085 2.3510253214215338 7.1831773004270385
1.173136040244889 2.5184791537369087 7.21235591829198
1.1778088344803814 2.3821761852936456 6.586553630031501
1.1792521002010772 1.988524664765059 4.698250496215282
1.1720086257208313 1.9397744413959233 4.77746518183897
1.1764639546662827 2.461453426632343 7.085533866759164
1.1759319990709378 2.490935513026656 7.140402480439889
1.1749505652998005 2.5579803891885153 6.4292117277105945
1.1622834238904263 1.9808125387509203 4.742335846341625
1.1778473387369064 2.3540566034446293 6.971797281437368
1.1666461251970404 1.9524020526514572 4.968529406369694
1.1670956893223665 2.018758408154814 7.1723302944500915
1.1659035683481598 1.9747571190330486 4.166382866037873
1.1728395317217253 2.034265058286743 7.840899695133134
1.168608025126883 2.351134700920727 6.782549118710071
1.1758639466434033 2.5232070709301166 6.931500326995961
1.172709456683891 2.5721586120198845 6.909884223881765
1.168208168752162 2.2913152309555462 6.890014062118963
1.175812430609259 2.150701464132156 7.830131854451073
1.1792861667914307 2.1083216333759607 5.029535997093186
1.1719844227464773 2.0012150038758447 3.693117760584963
1.174500529675489 2.5138253175139216 6.2834900721889895
1.1728928190615084 1.9528070234442336 6.488119002865936
1.1749662227217144 2.4191981547049433 5.954591097012882
1.1740168818138836 2.3745103988827196 5.722370137379807
1.167878089548354 2.002518986669891 3.7851937767458104
1.1596944934207876 2.039978831160471 4.834826665629549
1.1696884985788274 2.1508066304632263 4.54536184858496
1.1738894964343083 2.228104534695027 5.035701238598055
1.1597781565465028 2.0382614676263606 4.824577118599294
1.1784916884236671 2.0404592925195786 4.394921980016083
1.174050807197335 2.429541139032443 5.974725907555577
1.1740321930401756 2.5564431324330337 6.870856116347824
1.1732275978643678 2.3644440709308308 5.669221185029333
1.1777841525090582 2.104124783714108 4.651073387172918
1.181333525095325 2.0634489205958886 6.3442561217140945
1.17984758025544 2.184557208375535 6.2580921951331625
1.1774530327110633 2.371185890750073 6.8104277601212235
1.1777479112940823 2.257782320319021 5.741344334955517
1.1763856396593424 2.314872252840326 5.755283121562245
1.1640841937118724 2.0199726548187273 6.6227358530334595
1.1734720666386533 2.4788637292945195 6.1821761631321195
1.179056703064843 2.235164607321724 6.495282520231882
1.1686888138659035 1.9863301303511447 6.9453022123071335
1.1603331588366492 2.074378902314385 5.533266711846409
1.1804669139639734 2.112079606768259 5.749286765011114
1.1732586995174787 2.400294817043355 7.275758798436415
1.1687107619437564 2.209324626776096 5.047092389492157
1.1752947071115307 2.440982831468257 6.188626405753693
1.165663990798915 2.2014867236045337 6.467970119944276
1.1728240038950002 2.106908625099043 4.251825618590736
1.1748878339912456 2.512203824529778 6.6978001161413285
1.1754507020399476 1.9445206886632829 5.433158101237055
1.1724736685620178 2.497120356730938 6.398190773882023
1.1709989200474182 2.453989224472984 6.766294540987644
1.1740241222261028 2.3487613620236916 5.708140429315677
1.1735500710518965 2.370314104366384 7.3048910480597
1.1725224192909491 2.292676077319882 7.415074154580525
1.1732671490782858 2.2731508264078784 7.497622298297188
1.1655236617608165 2.186147934111815 5.362625959080612
1.1700452891943576 2.3098061831397367 5.5974608476993755
1.1795035570209131 2.197819501787616 6.356122754311961
1.1773631598855474 2.063105924334584 7.738371455050228
1.1726622176644392 2.0313967564163136 7.7309346185949295
1.1664201506985554 2.0907320561501614 7.070903044759833
1.181262400547118 2.04339852815202 5.940059997403079
1.1785922711472125 2.2343579680438763 6.1190490332728125
1.1702087171869264 2.4092962524181294 6.577292160638979
1.1719725962952998 2.4348723300000863 6.133694168806381
1.1714947107391418 2.360750165112949 5.774693511331995
1.1772644494241273 2.231676053181447 7.360885332705681
1.1733592896687945 1.9767436370823765 7.0823855004118315
1.1804241326550922 2.1163521596975294 6.000362339314256
1.1759131109681635 2.2617457970694352 7.446329867814871
1.1759623373962282 2.3778505452888186 7.103713412049155
1.1724629759298033 2.2012282046573564 4.934620687937738
1.1751031097040483 2.465143917324343 6.741042808506567
1.172117611863818 2.4664293299591717 6.6515002806223915
1.171807227531012 2.280909014220737 5.392454031577259
1.1733208965229032 2.180596103079085 4.8239197597946575
1.1774230139693294 2.326456017580092 6.481902751980714
1.1635252107788245 2.0588876575057107 4.419801913392357
1.1648974526770248 2.181690633808093 5.670915935305564
1.1733140492505645 2.4679525709381083 6.419452602355184
1.1715037563131143 2.034048170908012 7.641484168562519
1.1701018836389898 2.3825713464267406 6.258554666981823
1.1685281996498276 2.23054214225351 6.9506308837164905
1.1629445497690085 2.0109727693564263 6.13824148265334
1.1752366310145375 2.1723979169227916 4.8903811566739925
1.1707458906206303 2.2081909934382074 5.012332114054864
1.1699121089248055 2.3433692010017104 6.765586794200832
1.1786859765532367 2.0646356070527054 4.699043089247015
1.171960634691875 2.064593446669699 7.721066836392273
1.1728902981975233 2.30411030502602 7.309453640264765
1.1746275746220485 2.426147786314685 6.934376269541966
1.1718014683065587 2.4230856663098477 6.80997139780381
1.1712237418649676 1.9750988715493394 6.8766780924802315
1.165847828938598 2.2032913838678696 5.7354190230917155
1.1681709113377325 2.1351076265788294 4.643136837972476
1.166170224883888 2.1611701046605525 5.109439072268524
1.1805043714971108 2.0062544804740576 5.8468538863478425
1.179980701347352 2.0473533354074682 5.002360936327369
1.1762054854081914 2.240178206974241 5.47545510177172
1.1703359279499626 2.3758114162692388 6.587541285004514
1.168280790100297 2.0504982292128697 7.308243852994561
1.1700294313729667 1.9503953576888342 5.649862633508846
1.1717731106479654 1.9720939655982692 6.808005796982076
1.176041395331199 2.3009598543580108 5.831085613896544
1.1801253346078384 2.0657136599157497 6.973139619348343
1.1667990913691453 2.2266651524939114 6.265687152019616
1.1761504400534366 2.305394143228757 7.1642028443642545
1.1654699209070816 2.1063958107345435 4.6913670531811835
1.1760413516323847 2.381252167794363 6.530409369941376
1.1760340462880672 2.353006170713262 6.213717832378634
1.1757707331844256 2.1780840466085523 5.032434779094157
1.1735876635119964 2.4374968033538424 6.584270694908833
1.1715089031639747 2.393790735056114 6.211543521279712
1.1714163183641806 2.2644618530436196 5.394433914783983
1.169313670743852 1.974784005248839 6.5830188715842795
1.16576689234241 2.068712934500169 4.330074247979288
1.1738214961775106 1.9989015561718113 3.926890984878236
1.177618706230234 2.1058052740066766 4.795814636807199
1.174242948332787 2.033539507486679 3.9629207487702818
1.1652094110392317 2.043029229265456 6.760005396142878
1.1735003320974768 2.2365176320237596 5.263393696946068
1.1612892107687127 2.049883250181351 4.945572325471218
1.1674385332214454 2.246585997067682 6.203454848629011
1.1651063909548869 2.1717160186897795 5.976704244879484
1.1757840113930276 2.380667435490927 6.533931755373697
1.1781135751128131 2.0224225320025866 7.34257706074208
1.1727990898277882 2.3665535438801424 6.021117231259826
1.1694028716645963 2.3131190506889125 6.515572671203959
1.1695925363428477 2.237653576322264 5.38572053483707
1.1764063892953116 2.3332538014204203 6.329642433467068
1.169722054417115 2.3290278857801776 6.41144539522279
1.17566609533561 2.152836508277595 7.597805460286503
1.173286454940457 2.351431732934153 5.941071624854462
1.1700551727718282 2.187054274078334 7.222722664009019
1.1727283137214373 2.3085446220185584 5.692464502036087
1.1787729692617868 2.1941420543376 6.522092518710473
1.167062832410501 2.227211573152095 6.140084757194421
1.1646370592064514 2.1488205876577036 6.062734880569284
1.1647676174394945 2.082977151627513 6.611341676291154
1.1638235426351082 1.9915581931861481 4.626877999964705
1.1723385736420904 2.287305323062941 5.584913436207538
1.1709032819563145 2.363214483633139 6.494759454375719
1.1681790540171837 2.044285676828179 7.201440145190686
1.173269085708918 2.166303702126214 7.531898308762148
1.1719572722377665 2.375236505909977 6.745751674659509
1.175390869625358 2.3186240665575024 7.101311951131548
1.1668280776709619 2.187298395105177 6.506087576144415
1.1769165641318313 1.9596782170584386 5.787237771280605
1.1713749570170329 2.3750503621360366 6.483072984386135
1.1622034564163715 2.0815004060487654 5.733939470321699
1.1616940392242014 2.0211408398855766 5.546671103976561
1.179433441820298 1.99174938911096 5.286633371405271
1.1708773720400454 2.182070505484468 7.30376340982917
1.175641739487778 2.294469037520564 7.123299128545108
1.1732288851238304 1.9755189917284302 6.858623084265545
1.175612003564345 2.0573389560805397 7.695214477191518
1.1672536555605069 2.0563691676599447 7.0488856441241445
1.172808631412242 1.9546019708847477 6.067836030833382
1.1763445824958747 1.961133377085224 4.966157111562632
1.1727539978718267 2.3681472611330205 6.764655904239644
1.1763970965325976 2.2056442630787165 5.432428835628372
1.176783619273377 2.285850389989006 6.222624453619707
1.1721772878997156 2.3478419716540113 6.115016889634514
1.1798534501665348 2.0615024542541134 6.889497858496952
1.1710017959664216 2.335611658212984 6.5933739410237315
1.174686361062887 2.2757331908887615 5.714238746485021
1.1625131106365987 2.028126051954167 5.887905616026954
1.1779150437370256 2.06311724721877 4.6458169928837485
1.1732898547515922 2.0834253460107885 7.632638019669663
1.1640144084761748 2.1220863886911117 5.768310838788647
1.1751247173510313 2.3525104989890497 6.478531920353964
1.1658025998080705 2.1589744630398906 6.201862779866605
1.1748742986780651 1.9550898618626358 4.970118030776588
1.1747113824062552 2.0726029798767835 7.653366791187221
1.1620733520365272 2.0482847541159503 4.982052175176468
1.1736308717590007 2.321792884213919 6.939241001726145
1.1765264654325382 2.2633078646655234 6.016916175882647
1.16695815200858 2.1831158530602317 5.535263081362308
1.1699849735850498 2.1504402162799305 4.826846766845588
1.1691511717406016 2.2193430758672807 6.798121547981031
1.1730409575692722 2.1295479167260094 7.523632372500364
1.1719213629750223 2.30724500465979 6.8865315050715274
1.166940880664726 2.1819938369841667 5.54506591707203
1.1631177541937618 2.035055177855719 6.0765754356261095
1.1693762574009234 2.2533925691877936 5.76807643241637
1.1762171148966947 2.2814354878754264 6.862629588047376
1.1749264817098728 1.9581281875607348 6.061279636463645
1.1725768276160462 2.2726138473307573 5.652038343870727
1.172861380501236 1.9603223960004732 6.21876105272043
1.1737647885489348 2.353295284836582 6.444010092237413
1.165425243540692 2.0543825931434285 6.636409357422101
1.172607457547258 1.9715802166191176 6.612123956830455
1.1732641720391528 2.2926052325787003 7.002334876681639
1.1768283422429446 2.124928249352294 4.973712482550896
1.1754342418297503 2.3235284195005472 6.351765189313072
1.168182762506803 2.2061725493546764 5.581971945063756
1.1766742328753572 2.223338532164803 7.038850454572559
1.164899309914303 2.1296812183876432 6.046923677141352
1.1750138124495353 2.0705323676866914 4.328547900030156
1.172759974492036 2.242425163690901 5.475706813475687
1.17572478605929 2.236382603749388 5.641209895743556
1.1723360913729426 2.3361992703601295 6.278468850878188
1.1648934408311993 2.0544535036582277 4.507070605466193
1.1632700362136312 2.0101291937136176 4.774694151996409
1.1703905863511914 2.2341376213012585 5.510193057541022
1.1663929825226553 2.0530559161944484 4.337846122334698
1.171887073357022 2.188240651120749 5.0928258521157534
1.1719926439101571 1.9936046888481576 7.069384822429342
1.1724444976204702 2.3292595068859008 6.229831285178324
1.1754200808582023 2.1755263131166998 7.3773362468302395
1.179109293486997 2.1284188502629826 5.892012250562173
1.167694092392727 2.095229582401697 6.951135478729846
1.1685456680824726 2.0402757903876996 7.110438643768491
1.1650756020423962 2.1357205517967346 5.727552332503333
1.1758382283485023 2.251903040919895 5.844659742320129
1.1727014539553358 2.1905987892923813 5.1424448747817255
1.174945218305766 2.299413304864408 6.845590378047502
1.1733316336089719 2.3337586387430647 6.430739051214481
1.1760028697600755 2.2897392674211963 6.627051574902335
1.1663262937039054 2.1650452118636925 5.819578012187522
1.1755859916580553 2.304427910085377 6.5488146057050844
1.1726779044910292 2.2507863604421843 7.042541401671588
1.1707501763486488 2.2763660797162695 6.630331343839753
1.1733273418519876 1.967585855228859 4.489820781203248
1.1669565375088249 2.1229052429535917 6.655150160984567
1.16323447688037 2.0252390216100045 4.778391052015229
1.1793842149285245 2.121969754145881 6.0969322861165605
1.1665108131195083 2.1096089471767914 4.890209449702409
1.1735566078868394 2.2196817177398738 7.174165072434528
1.1788815946010582 2.0214752826877094 6.858957937341717
1.1772074777438193 2.05405078343978 7.412589350891487
1.1723846202824446 2.1269350472745177 4.685826366249916
1.176703045121586 2.191086167791068 7.087069096316087
1.1746530993177702 2.2919115789270332 6.105807174007815
1.167473296854971 2.180706272383496 5.621345085865826
1.1695345833386197 2.2525532183142682 6.295527760807264
1.1790155130622209 2.0818806565119434 5.3137028821255825
1.1680618113567216 2.189115928745407 5.572893113157887
1.1685595392387549 1.970272700203243 4.685114444499213
1.1748078388833598 2.2380730645643307 7.050941335540033
1.1718436907119145 2.270280428787723 5.8420258836250465
1.1742020978927976 2.254344528352141 5.7574646459353165
1.1760809833802732 2.270089120945277 6.491428550530577
1.1722163077626861 2.138288567437877 7.3289698742818175
1.1719426606461312 2.092012622995494 4.428069204402259
1.1732573479699429 1.9758521766611568 4.359318338190212
1.1706169698325395 2.2274753773405953 5.574082372063719
1.17857258988974 2.04947090675929 4.925796627835528
1.1635877738399356 2.0085520757122857 4.970532822490023
1.1772566877663428 2.2199253694366496 6.435520020964198
1.1751419620910721 2.26999674000173 6.8461163147551165
1.1699267453511673 2.2222821298036735 6.677861488169489
1.1630312986956148 2.0605001711724733 5.2206600250673
1.1759895861074035 2.250430125558638 6.045476385555423
1.177562390599137 2.179065839329598 6.843648705671507
1.1635652192732304 2.080519152180534 5.657478433926217
1.1798572897858786 2.052467705591306 6.505362723539255
1.1626577157660285 2.03963635658179 5.311885459037358
1.1717137438189977 1.9563401158354141 5.467883111808263
1.1655941521887492 2.0105355711166752 4.4725319257628655
1.170334622969894 2.209227171377813 5.481808581332162
1.1703399167514026 2.2590127221709513 6.19111199023085
1.1713654331081567 2.2284900552685873 6.885383817284614
1.1779931722127082 2.058463827643584 7.203747947844951
1.170222570640516 2.178037468113825 6.918160046689657
1.1717120008856017 2.261711146299176 5.905767826812644
1.1796634561475143 2.0785734260350734 5.807830099257409
1.1708438299374258 2.2667983111155743 6.217244538387487
1.1697965599684585 2.2404834220983183 6.192305763021118
1.1730879629417494 2.2300878144725242 5.595079906908943
1.165760919626557 1.9917024854021743 4.74945611366133
1.1661190287745375 2.136669400372582 5.668677700161709
1.1668397021436019 2.108056515221027 6.554102799921617
1.1702287635545114 2.1566571900659044 5.070629464846393
1.1764675007347063 1.9699178034263238 5.287888942725182
1.1689550233409969 1.9778927468305623 6.151595153502175
1.1633061649211798 2.0332548223060267 5.026661291457279
1.1721166366214217 2.080893019843708 7.386611121446087
1.1700882985958523 2.23332360859422 5.928697494796246
1.167762128020738 2.146504334758485 6.513135359368615
1.166004824807043 2.0341920112632117 4.4580349745709125
1.1699022352583772 1.9660671271129226 4.852733041011213
1.1775010600343205 2.174479389712317 5.913988761655894
1.1697727371139437 2.1998276908500873 6.639479472493781
1.164542810954174 2.009464363936266 4.828066616474269
1.1724026157594138 2.1197991116790362 4.735125018159788
1.163333110247273 2.0312792212757818 5.126206471487496
1.1754655096957998 2.149827689319218 7.257979621768364
1.1751208918634695 2.101802905018718 4.7284368534429255
1.165853961651301 1.9907450256037529 4.891328729323828
1.1743739052563162 1.979729064572218 6.63928802322857
1.1791386833117798 2.0208855449615526 5.327555571120881
1.166068307209492 2.120774841535801 5.409826367606495
1.1778965746017567 2.1320079994493573 5.569540234317522
1.1766909471094753 2.083410929988358 4.805896291523707
1.1749742420841776 2.133727331980522 4.990515298858487
1.1655159826038324 2.098485489202714 5.234280973184923
1.1784882538346821 2.010267594442274 5.123376197840086
1.1762996333758318 1.9847378328246914 6.561165878591165
1.1739621784785759 2.2192234845792935 6.902598657898059
1.1773281670793252 2.092944215205024 5.045375718716219
1.1732825753201372 2.259131444126371 6.587360440118847
1.1665747636994288 2.092086845527625 6.443293464633154
1.1670894086020205 2.139285128591589 5.527057019029977
1.1734202831980156 2.243012053087252 6.703485244780458
1.1715019185384747 2.113811472905622 7.19730061883978
1.172440911518199 2.2539458842055744 6.47393550356761
1.1720626184239498 2.2199577677797055 6.777478806426318
1.1735103500701483 2.23380903609274 5.845906186128078
1.1784790975971828 1.99523511959692 5.706637376245306
1.1734893746887023 2.2270537896659577 6.815139777911609
1.1688651738891096 2.011671462406677 4.254033608376634
1.1664204167047247 1.9879390843972184 5.550255377625996
1.1748659133919699 2.224388102490518 6.79698286331436
1.1787267052997836 2.011271075688649 6.3810512048038746
1.1760496862865601 1.978458480465512 6.348313822461073
1.1723555407436037 2.2338343927034128 5.847109395697499
1.1790738122388031 2.0137100964372783 6.140690386879445
1.1743467040939328 2.0790118242623703 7.388395245720938
1.1658652401821366 2.1125729673321514 5.545147513031008
1.1762814671443511 1.9723122562272473 5.732956229943483
1.1706116991050393 2.020773963808132 7.034339532567921
1.1757063340021807 2.20780964067483 5.842037114421942
1.1644281313457816 2.071310581916751 5.255297849169251
1.1683926838001444 2.0626389390061686 4.470458106695377
1.1777375234294993 2.003388591521342 6.649871639300889
1.1752998702535251 2.238135522755037 6.220965857797708
1.1723547101013556 1.9753775185758897 4.575335927968899
1.168842002581158 2.1832006853871775 6.1993351714271565
1.17396854746606 2.0027457523572365 4.308234947797995
1.1731385919675161 2.05555573411166 7.338386795684354
1.1639605592168136 2.0359150920427123 5.596022364277848
1.1726320527602363 2.2465706351777133 6.346852988982423
1.1732772380992897 2.2211275035396243 6.764388622629765
1.177074818765103 2.057794857265972 4.77407431145471
1.169251592138172 2.106005267921642 6.874471222687122
1.1702565727053647 2.0613460621957524 7.104376014520399
1.1684480390052485 1.9883114499047598 4.576392879230671
1.1737143364259572 2.2024124835386143 5.639854810517676
1.1748749326880796 2.115081210714115 4.934058845895871
1.1694580735847686 2.110899584913997 4.861932786302258
1.1680739863766887 2.0226314325170964 6.635065400119432
1.1700361252730676 2.0044736074465033 4.281086751486601
1.1748013194454712 2.0200035565450434 4.359636653027135
1.1683016516830973 2.0542792837161556 4.470331067766098
1.175732945620961 2.1556611954152296 7.02579677020668
1.1736993812717489 2.2012279437558773 5.66141841512572
1.171535110956385 2.0839554691814857 7.195869002635066
1.1675662964133549 2.118983913856371 5.238254712765938
1.1730529153532214 2.0527287197808333 7.294713491068213
1.1709351572412907 1.9936015656247477 4.345433315231457
1.1726838571556848 2.1435553413732116 7.076111144103532
1.1659849942494072 2.1029513833258178 5.817198729347739
1.1734097316908558 2.1073246812613915 4.796630220284239
1.1771584126269434 2.161457569350097 5.980704739339075
1.176172900046391 2.1990083603698953 6.267209633037451
1.1765004645423194 2.040832579136121 4.6317162387356845
1.1777284743969028 2.0443356074739905 4.908471412059599
1.1763541160751365 2.089431629899587 7.175274920983627
1.175629042953363 1.9724353926569522 5.765571157801162
1.1744651552421503 2.017675837728607 7.127734098270455
1.1753078227245344 2.217542156073642 6.224889875871799
1.1747656573740384 2.163715408397825 6.970287037954668
1.1792938098193615 2.052234593268472 5.948735728988396
1.1752792370797185 2.1835658840073036 6.840536549577564
1.167932911914874 2.1382771498095328 6.198042755541879
1.1725941943489622 2.1862242041182585 6.80356479996272
1.175974078330023 1.9843526916762544 4.884825766966907
1.1737847431092274 2.0903082844272465 7.249325910690796
1.1707930915779128 2.0462419176114386 4.330804916555962
1.1658746124162884 2.000643286665366 5.414353341075785
1.1661674119803482 2.0383963058178027 6.255903409621636
1.165988161261007 2.097809095174979 5.578967023183424
1.1654518856770262 2.054820706619818 6.0575611743960796
1.1726580552769335 2.2167806013530518 5.9368632355744655
1.1716202245416043 1.9863918067350677 6.500914382897603
1.175059824105723 2.029211377963241 7.1867468584611665
1.174977086331324 2.2006708225666824 5.899859331268807
1.1743423892343725 2.1638225623067706 5.405209010488786
1.1689123448070307 2.0923214243275092 4.803285487162963
1.1762487759617717 2.102693285031142 5.078390426756165
1.167539435481059 2.0307230172281567 6.5113018830435205
1.1768830895749731 2.0339088371997622 4.731306325699757
1.1654572518743267 2.023173954843515 5.875336926070494
1.172615899786312 2.1149394476332914 4.8890234006653905
1.1670747277729516 2.1104658133318863 5.396029299018192
1.1660821066881832 2.086829731683853 5.317940521842656
1.171745993744435 1.9999648155622334 4.358879552506416
1.1716813946067288 1.9696327377682834 5.57230011135408
1.17105674567815 1.992508314372289 4.452072870000885
1.1676673026781481 2.1204533710533364 6.127793301086401
1.1715683095319775 2.0134039100540346 4.314389693880658
1.1742570605425418 2.029297435209517 7.125773546198687
1.165042870376036 2.0392093454615967 5.6966948460842755
1.1761573719091043 2.129782979526131 5.410605266861825
1.1720442284697858 2.036301422160929 4.350783805364186
1.1704056773106135 2.115327173935301 6.8287055358352475
1.1704721350016232 2.145198605648508 6.665803639259753
1.1731042000144896 2.1907799398770034 6.610552351039647
1.1718136415721592 2.201476991814151 6.208855688209324
1.1721945929699884 2.0110573333144806 6.876186426998196
1.176814925516714 1.985049053186471 5.6760506398680715
1.1671073300516 2.0937108232056802 6.164493337883842
1.1663721068536015 2.084024316817307 5.34949333195369
1.1771351260931182 2.0684839335941136 5.045316217768713
1.1731109020355621 2.1326517670196212 6.969129445493726
1.1691786363317647 2.0185860963583253 4.4454276963229375
1.1677360884136 2.0206459253161464 6.33867151846294
1.177387154252183 2.1166256421913126 5.7205426205853325
1.1745575838451214 2.182265131824089 6.60183352045982
1.1726222717101717 2.1558309027642086 6.797639547601332
1.1664137801341772 2.085479003167104 5.853220197599192
1.1731560792178188 2.1751056442203573 6.687764300354386
1.1768326822707569 2.118407650908016 5.549093424245216
1.178441088055445 2.0213861646550737 5.67224509835323
1.1693879760396622 1.9870562733713752 5.984706813624012
1.1751816998718114 2.1436821566231634 5.450603001426003
1.1690788006153916 2.142081901729151 6.220621275128467
1.1685012241836572 2.0960239220220873 5.043287947770253
1.168156508651355 2.125509259482815 5.652355427162412
1.1681831002199163 2.066354063583992 4.774528503701859
1.1672178494979475 2.056674272509842 6.34136198442201
1.1684422448266583 1.9878071839158609 5.662925709466046
1.169854208026344 2.1507791985399964 6.342122256241083
1.1707581675535186 2.127848183256384 5.181452536142126
1.1661732263547209 2.0501086659521266 6.015377732512146
1.1712001500334617 2.047860291672875 4.4580272348617065
1.1712241866498796 2.0102130000123712 4.414670396606711
1.1779720262949014 2.0731097459554704 5.456013866001344
1.1670546690706547 2.097879048050105 5.878934876437041
1.172729600395576 2.1264771324570777 5.142357001079555
1.1749697152537006 2.004363116937215 4.617020231813381
1.1752481825147296 2.1741795872689647 5.949413622085791
1.1770147856701523 2.1228263984439533 5.7597771608638215
1.1775078102736964 2.0066590493555654 5.261740901374521
1.1771705768973515 2.106023345724487 5.561244196105816
1.171495663017067 2.129236971891683 6.796419015720408
1.1687240565484012 2.1350314435287188 5.822568127968712
1.1774487414469752 2.0010186035855453 5.426141677202953
1.175503285714047 2.042861858102351 4.6532508249766575
1.1659467958345573 2.0469015519255334 5.148843675470751
1.1739732475783435 2.1462596651372903 5.456064306756261
1.1749749667749187 1.9881772270006253 6.321394051305319
1.167965010770451 2.037473965241968 6.420636639925256
1.17322254706852 2.11115300743237 6.968193482484695
1.1764481546191068 2.1410358644882006 5.970494481252
1.1784382328467444 2.049341267888953 6.197292662534988
1.1679046605475658 2.033518712185654 4.688665225005085
1.1710464578075033 2.0133065852136984 6.705352576243415
1.1714505388509027 2.1617613740965194 6.4685483244838
1.1752367743455596 2.0525796146865805 7.079332332625791
1.168016513777458 2.0526229326969516 4.770638298046819
1.170265967114877 2.1544218539747204 6.152750002794097
1.1674561862568067 2.0181443630800167 6.070418608873716
1.171421487986844 2.1562905318954777 5.6122626071033626
1.1748311521435522 2.069334704885219 4.803487508958089
1.177192796754667 2.1176727113748246 6.066460902797241
1.166589652150021 2.038225114469813 5.016565621286512
1.1772286488435302 2.0899889634270004 5.514284132495147
1.1712621239848136 2.135111445920313 5.373515169949693
1.1702812582563424 1.9818731569834167 5.447744758289359
1.1709079219686056 2.0203367276913538 4.5006626818946245
1.1740798716680492 2.104643588420523 6.914566658774165
1.1713400522945596 2.1534601475843997 6.395670667377944
1.1698710725716064 2.118687051211496 6.437654576128114
1.1726694330719294 2.1715833645366303 6.256492767539651
1.170260165583017 2.1197630974802664 5.312449422142496
1.168629733688936 2.111837634926385 5.52951634688694
1.1685759388169032 2.105780705023086 6.1854045714273465
1.1676678355125425 2.081264909086339 6.083256074038481
1.1758947262965118 2.0349431763707297 6.882400072552121
1.1706879050744061 2.1519440739321203 6.021629301412313
1.1679548408474119 2.071262803384088 6.2615754138772015
1.1746174908452949 2.026628547044139 6.87822603061981
1.1669644679650735 2.0126722020351613 5.338589357370866
1.1729811723214483 2.1440501705162442 5.544065710230376
1.173081626195476 2.1545994966720428 6.4892487633266125
1.1677224255841998 2.0422808312168774 6.228875028092277
1.1768845630020417 2.0079515382091335 6.2706732070564914
1.1776801902306246 2.087739712112195 6.084627522154102
1.1708404985084622 1.9887322499360724 5.988196132717846
1.1776814375487659 2.0854250507754646 6.135120252652113
1.1722312177987835 2.113325613412149 5.1799735620610345
1.1780636593272653 2.0463033987012236 6.194517235656116
1.1674364981258856 2.081439903178061 5.746491106224102
1.1710416943434927 2.1367107590845458 6.397989652089743
1.1727095269577354 2.1615323270976408 6.023236158628855
1.170021191460021 2.1142973814459802 5.361170409621419
1.1776003866414575 2.0800711778338927 5.756844573818979
1.1774626094769487 2.0566843894957363 6.542270657051512
1.1692845652230468 2.1091097969603774 6.25416865165036
1.1751314615002968 2.003491683692535 4.855024986191902
1.1711405786777584 2.145709805966563 5.777712646689748
1.168451338935768 2.0214437286378084 4.800896834790754
1.1776221344423785 2.030925673905089 5.399162529452269
1.1720330178021523 2.077583035460838 6.852445884781659
1.1768345577876431 2.077620896927304 6.6212486730212685
1.1731728457021664 1.9846641035736523 5.101037773326661
1.1692682536819696 1.9954306236883816 5.048884976419888
1.1726348199757066 2.1565176411287172 6.115757223303094
1.1710965201564965 2.135489927885466 5.614996839664611
1.173896953269189 2.1388132711547154 6.527741303688725
1.169028478549315 2.0530150501437623 6.452018381965974
1.1779747922611592 2.0440077048731884 6.067605659965114
1.1708307401516993 1.9947894484027264 6.089864549106464
1.173075785306044 1.9879676800939545 6.031832241358275
1.167277207593661 2.023306189435278 5.216533220076769
1.174901902953374 2.1030477206654563 6.756378141319006
1.1764927057641197 2.110629066874476 5.941592421121319
1.1721976853345164 2.145510760823765 6.2536746419374065
1.1740932726962394 2.0989732474529745 5.208731330530222
1.1684185356188874 2.045338268798551 6.268044192476355
1.177039720481964 2.0821170316149806 5.643593741230321
1.1705678818904794 2.1275553120225594 6.14283784457951
1.1775893313676946 2.0306492374500276 6.13417619351236
1.1740334830912096 2.138995837430018 5.916779334528357
1.1722569351945804 2.019356600443702 4.669334407379489
1.16862582700379 2.0916829152087657 5.82707415486359
1.1738054916796732 1.9868678559687303 5.385012820680254
1.1713658258664255 2.1252729527476966 6.328320850558077
1.17352370506065 2.0674959676882416 4.906199452000859
1.1696504200690743 2.0804604414714483 5.137323971941981
1.1754920946281022 2.0564203915706893 6.8058253880224076
1.1709374763621756 2.118488553596767 5.557783902400196
1.169697725405006 2.0302618734226705 6.38614121234799
1.167348693895652 2.0418666851610765 5.580984855116672
1.1694315227724472 2.0503310995091786 4.884302242075
1.1739925382880028 1.9989481029574443 5.022355216932919
1.1676552096548665 2.031821498001893 5.673170003045106
1.1712028492649635 2.068857714232304 4.922805897469333
1.1691536042181685 2.0696157548024354 6.259687653272508
1.1697363834783103 2.097379690817456 6.132411793920323
1.1730733556734356 2.1350625704548376 6.072661557653037
1.177246507065333 2.057260371737838 6.199003417834222
1.1742347831281157 2.0745989325704692 6.742364066435243
1.1726436297012 2.066437035049574 4.923887520322307
1.1688356575730754 2.0737267836219555 5.31986144643186
1.1754534687190534 2.061587150932795 5.10658207743462
1.1732486706804082 2.118557319456294 5.586935573885889
1.175185830063437 2.0849794345303008 5.314392958835377
1.1695659721290244 2.002161731613998 5.641355546435953
1.1721581976879933 2.015708738825416 4.7800865104460755
1.1724899807584022 1.9942165892259114 5.9213674604179936
1.17284302823401 2.124635781256221 6.256168279573313
1.1772601241948064 2.034611286259853 5.84671597905705
1.1742925376118358 2.060602908798347 6.7383684188917226
1.17581387761713 2.0952062331580423 6.382768319494875
1.1726112171852203 2.124708782517229 5.823946755797984
1.1730013717884948 2.122956273281832 6.255241818424047
1.173271806083933 2.067797599183286 4.993185769388726
1.1765280716577249 2.016568814218943 5.5494776084877575
1.1695846508162067 2.0737315371304486 6.22992396827706
1.1764069127479895 2.082345501857488 6.2079014965501695
1.169381992501625 2.03232571535142 6.184057018461051
1.1758046164234122 2.080730518995066 5.477019807225025
1.1717369389919396 2.0078558369231714 4.902708259871195
1.1770002055527415 2.055964809852418 5.707999564152804
1.1771659593294062 2.0475021067004016 5.854056102162909
1.1733064780423819 2.0300713352146906 6.5976287128938775
1.1747039930634775 2.0666691779082575 5.169206152196116
1.1754049205755783 2.0017095859483147 5.8156613467017095
1.1761791312306498 2.074987397369006 5.608817349993032
1.1731625350680477 2.0670788670856783 6.657986992939762
1.1682896351893235 2.046109188180323 5.403061416953923
1.1698646391314464 2.091331801076096 5.7278039470894555
1.171689521431701 2.0351689784439815 4.828058805437875
1.171741209362254 2.0446820836294313 4.859857507201225
1.1705941622782696 2.0780410981704627 6.334943466975014
1.1732827372476542 2.1173246657125833 5.877214939333738
1.1711204746348225 2.0047132297344965 5.965729961265032
1.1685988445602238 2.0577819724582307 5.487247839527257
1.1755905831774196 2.049139627039111 5.184211468488929
1.1699772339747523 2.066245483751426 6.227876386452673
1.175093011326015 2.1038388195706204 5.912798468233303
1.1718534313107734 1.996087063767475 5.459114044512857
1.1727911066157866 2.0159719939713434 4.92537604882501
1.1720771077083776 2.019750263092482 4.89435362340703
1.169283961560912 2.0255367296012667 5.143228355583853
1.1720802946703692 2.012879092148394 6.237312378857872
1.1750772050438065 2.0096670598832795 5.303790033654236
1.1746232606171056 2.092847375222668 5.6264255314935845
1.1758024463665522 2.0411742887261632 6.421728421078004
1.1698326884061674 2.033396834056629 6.134392708655909
1.1698246147885663 2.077642055506011 5.963345384771074
1.1700011742157073 2.0838261322488214 5.760941675393971
1.1717300283456216 2.076201992427994 6.411756965443821
1.1756299252167675 2.033373142414268 6.393505615912995
1.1747907946247074 2.073044305057298 6.466442285732642
1.1736304307412113 2.0010972165983207 5.452033954855851
1.1715580169169557 2.0704880792894813 5.182789112144237
1.1699788113232552 2.0115292937193816 5.464075265086759
1.1729592229656791 2.0982021599201848 6.218429655039424
1.1735547771334958 2.0868212741526233 6.340986302145771
1.1713267904075044 2.0649481133745864 5.178236305292748
1.1705212566296843 2.080994452075159 5.993848056191547
1.1761473011095496 2.062426074935315 5.997451525916263
1.170591425310346 2.0488346702826217 5.135403508802998
1.1717642129481503 2.004634727882289 5.627466857296875
1.174912380497146 2.011062095929492 5.522171508594312
1.1717378071650049 2.0217642041425385 6.173796836265977
1.1761755755249417 2.037665791414139 5.760454910764693
1.1746964894312475 2.0840260892960627 6.11328980794339
1.1722593198806315 2.012239128211239 6.021523451379071
1.1741625783396181 2.0650207169934127 5.364682511796392
1.1734763127929315 2.041583942759211 5.112845649105422
1.1727671866644818 2.0502623196330148 6.4071517295870635
1.1744539171974684 2.0497934197246965 6.395186121655254
1.1723150256089774 2.0825449465353114 6.14490950222088
1.1750516024630124 2.0718343768421326 5.703145040998235
1.171040569921793 2.0777147841565218 5.842029963580602
1.1717863047060502 2.0159781408713737 5.9395597430645335
1.1723615611803189 2.0508418487738034 5.17769113408745
1.1755428022155632 2.029879302893652 5.559217652249625
1.1715260317734502 2.0484800971922494 6.2477788825640985
1.1754164381568768 2.0369261278163338 5.477244883934047
1.1711740609650327 2.0155100000795665 5.464647589896433
1.1708615398420426 2.0169094126385483 5.592537173930987
1.175080105082618 2.0214724242498097 5.666549987289574
1.1749252414059987 2.0616505281255018 5.580979409258315
1.1702277950330102 2.033238821081921 5.520863699468574
1.1728282758856339 2.0246493959563634 6.098022199366959
1.1714967346937317 2.041674499284059 6.15406450240231
1.1754495061940238 2.045295002950388 6.048881102613526
1.1711092067571776 2.0608163354393882 5.481784292542525
1.172967307795159 2.0656707649584773 6.189697495740148
1.1725221338183685 2.0383078439276043 5.234125589264552
1.1743882815457964 2.0206479513985243 5.653213108029913
1.1738421355767519 2.0543646133831137 5.438782501070376
1.1714543148685816 2.0674934074385516 5.912062731502843
1.1747086539043807 2.052824720754572 5.9160508135584
1.1725269056216612 2.066759569307937 5.743364213023574
1.1731877119463958 2.0525318361404734 5.432164674916068
1.1736388090023042 2.061632037357683 5.877295087030014
1.1738903009378634 2.0586720673600993 5.7728355309542625
1.1731465808496557 2.0491506679954794 6.0919617687275185
1.1714046565066005 2.046524408494862 5.732267187070853
1.172927623711644 2.050340626799481 5.528468535627116
1.1739073539610851 2.039324280862009 5.8277978964770565
1.173693659405353 2.0439049523467685 5.635519421404652
1.171753079502411 2.0427182311503116 5.591396922628382
1.1730103559162668 2.0493065774765604 5.866170863301573
