s_mu s_sigma
0.2551211503159164 0.1464383934893972
0.39297065580817003 0.11005333797266541
0.3684231187187008 0.09523702734389036
0.36249823134565723 0.18738229583619428
0.34559187433914046 0.18750461195866458
0.39096090284721385 0.16506803368992248
0.3753256030775437 0.17192163046967687
0.33415477422494017 0.18253449222123497
0.2889485900421767 0.1695149854745205
0.2704450909489446 0.137655792080682
0.3722574177468848 0.10299702766973932
0.27109418983414857 0.14117006419532635
0.38856982038919546 0.15350429183816033
0.38737934333740887 0.1545320051295416
0.27673383147683406 0.15409853142698277
0.328851808165888 0.09214656207636
0.3894499402560975 0.1309382416598117
0.27529333665814426 0.14091295266018605
0.3458228807934867 0.17463175282336962
0.27665529473883577 0.12798904914447112
0.3592883030813653 0.0983998010360009
0.3796925737065848 0.15640378409718567
0.2984148813992228 0.1031174982313971
0.3671320581039767 0.16432148234631064
0.3850892824620069 0.126535680783587
0.2893938376020461 0.15854981480242242
0.33434569975533474 0.17236150527520552
0.3856361979356036 0.13202937497978276
0.29534514879515317 0.16222120641842708
0.36436475054413353 0.16440831312868912
0.38125235689656894 0.11962500094466322
0.28860489757920516 0.11322800121033005
0.31102888456879385 0.09856220825136917
0.3850437731346396 0.13411902014376811
0.3346942901636575 0.1712395917638576
0.3756681036090419 0.11235602790748352
0.3081229950605615 0.09989154353415926
0.35663041379418464 0.09964398897946446
0.28220125941501445 0.12449790817597953
0.34929411138162964 0.16856230021381036
0.377372478738241 0.11507019644628709
0.3840102941361473 0.13532725215741598
0.2822934297745223 0.1252066088759265
0.35241335696212917 0.167368034228496
0.36408926920422824 0.16245867206050085
0.3487103927056164 0.16814536152526158
0.37068159081750307 0.15787317262932135
0.30179984211349264 0.16290815595196428
0.3068290804312888 0.10135158810446813
0.29569693407635295 0.10828255495136109
0.3442936508347857 0.16787174395802726
0.33633534520828207 0.096101753465181
0.3683672746745191 0.15779746573289974
0.3649227480011416 0.1600005304853345
0.2825414319159277 0.13299838600420855
0.3782737463616046 0.14699754219541605
0.3801422078516307 0.14323277217283467
0.3097029007934116 0.10071173678596974
0.2855771390789066 0.14523437686066443
0.3402566285166628 0.1670029368405656
0.3796437233818301 0.12385759053330081
0.2851809861735693 0.142933904762681
0.29174873548553115 0.1525453772390541
0.308468839567515 0.10175669525153105
0.3318317769233196 0.16678645434763348
0.37641399594077235 0.11837880258714624
0.3792088898093612 0.1412175252675661
0.2886646555198314 0.11847844350908765
0.3668528599183827 0.15643560227059383
0.31911536875771956 0.1650846356401024
0.3769348373868139 0.14453440094029596
0.37179465591843686 0.1514683839549039
0.2848355908637269 0.13395984351735477
0.3471626776846182 0.16420154046349547
0.3059814719311146 0.10365693904745188
0.3119604145996473 0.16285756524355396
0.3790695258294791 0.12692075987423673
0.3721400981007072 0.15052323624300507
0.37956605914809866 0.13243514484954447
0.36836353301793545 0.15402953412618187
0.3787869949901556 0.13809713721576425
0.3548496614451769 0.1614643788305572
0.37917527849971716 0.13448862648279394
0.3732088653062536 0.14843248121401026
0.3772997772195013 0.12339103478083939
0.3439579897744114 0.09865740324288631
0.3647933717003289 0.10775524043284158
0.3775647072048045 0.12491714828326815
0.37208557069113524 0.11475153977110684
0.3784590223274238 0.1294679924810215
0.32730004827796094 0.09801117636166357
0.30603600607870396 0.15886603836690577
0.377768948274104 0.12743106314174268
0.37670786720838983 0.1240448782812958
0.3481098273111029 0.16206982139018403
0.3533189772159825 0.1018681328218865
0.28741305869397926 0.13658160400421326
0.3745158128181225 0.1436160300480517
0.3088690222255943 0.15905773190720346
0.29392709876976914 0.11552226448169468
0.32141308538419106 0.09969328816570704
0.3424676732730169 0.09956982816284492
0.367150695456751 0.15049780415795894
0.3321288078901943 0.1623661518182713
0.3747890644661547 0.1395813180607387
0.2930369514720803 0.14590374621572028
0.3750437037178899 0.1387453462245903
0.3401000776475284 0.16173654504855572
0.3205945567349872 0.10025571937680233
0.3736306187714226 0.12136773915658366
0.3346887169942514 0.16170325535916705
0.36492380106870403 0.1514831799194511
0.37369360668104845 0.1405124351355215
0.2893211590205304 0.13537909915228885
0.3577516547070864 0.10532206824251165
0.30155891076074837 0.10940103783111504
0.35963655317801324 0.10655763059624103
0.35130750436933494 0.15820257353629014
0.3090373914469954 0.10485438732874061
0.3589143557000148 0.15481590564959435
0.29149362300624104 0.12238932115799765
0.3410721528812057 0.16055194105568107
0.2938735676223323 0.14488602338358972
0.31944135145131625 0.10101025540433717
0.3745132612922839 0.12590452274427683
0.36779947824567844 0.14790771939198794
0.2984178654129297 0.149799841883333
0.35882425435455007 0.10656433189423449
0.3734200260811611 0.1382546027431505
0.31156325809281155 0.1041112921376511
0.3321668199647114 0.09977171386815634
0.3741227602486821 0.1323683811610429
0.3070689296442543 0.15453783032853655
0.30555239701320125 0.1536064520167646
0.37360287687252874 0.13465300426900603
0.37382986213486735 0.13295737188070034
0.3580034797582322 0.15372374730971552
0.2913349131986745 0.1276940163002855
0.3713295718646223 0.12100879586341456
0.37299958560798807 0.134481209597078
0.3722587080773218 0.13726837245322107
0.36658238777280233 0.14650983131976592
0.3708209058783897 0.14056302526864353
0.29163747374232984 0.12834046201025595
0.30884481281611864 0.1061751060890237
0.2927636053838677 0.1380880940263979
0.2920141292839519 0.13541018868515786
0.31024854850630507 0.1055693410602732
0.33029815379103156 0.15897079191468622
0.32964548562131 0.15875506429787717
0.35274480645264217 0.15487118606882874
0.29250171460658336 0.1267033461158694
0.30898143605406325 0.1537468677566083
0.3706256450034038 0.12149765176597879
0.35947746176602596 0.15110708636589146
0.3637093996940624 0.14792040124429687
0.30847639755000844 0.10701647344842652
0.36231840912315794 0.11087016024041114
0.3609911977559895 0.109818324235707
0.33227941671204625 0.158148918883929
0.2928478252417962 0.12938649586902895
0.354170266133635 0.15338701285770218
0.2938771581877934 0.12432587872974259
0.3610269432961478 0.1101553327953232
0.3581807081075156 0.15120982066621627
0.3028737160758505 0.14902853513114062
0.36600083117024035 0.1446396406877877
0.3572671569649166 0.15158327449043274
0.36156672339759494 0.11073898327972964
0.29985992327641037 0.11446958014731595
0.3099799052310841 0.10663947745554682
0.36766063094695073 0.11761554368564707
0.3262677786337319 0.15738220067513178
0.3575424714916622 0.10794476532960545
0.3332589276423873 0.10108679705015602
0.32686895835608154 0.15737745291405583
0.30573952309532293 0.10942326208062285
0.37113026971070223 0.12657035778732767
0.2970203393036468 0.14225903122320724
0.2949047876631984 0.1227866996343524
0.369660895906185 0.13801696546779366
0.3484188018438057 0.15491382729632336
0.3638855603422075 0.11336538920941541
0.36097170391256156 0.11069251519497288
0.30434260739346725 0.14927047897809548
0.30378446632045925 0.14885429788755683
0.30116639517080995 0.1463033980682987
0.32899686331752587 0.15691684220171875
0.3700068240737327 0.1355131425729733
0.2949821752090644 0.12406517923131644
0.3281954005356866 0.1567716154389988
0.3166258798559458 0.10420922635556634
0.3317862788054755 0.15688603387679592
0.36999597774832393 0.1255282669949494
0.29448873562899186 0.1280529077383678
0.32360260576925814 0.15588027415865727
0.36644977701205067 0.14148707829446308
0.3280906379316342 0.15626299082049422
0.37019277883245744 0.12870434902836506
0.34587670809173054 0.15452011635335053
0.35110052974935885 0.10547928940650472
0.35853950183624156 0.148811816975004
0.3090044684541268 0.15073947828909062
0.29605446151142994 0.1369771876714561
0.3493088476801247 0.15327007730262385
0.36364140995903466 0.14436307100641677
0.29678101223565145 0.12161554490693922
0.29946386542624887 0.14277182427749496
0.35606021696497503 0.1501085567205027
0.35690907353594625 0.1496021950846132
0.3346501820797936 0.15595550483809179
0.3697277795476277 0.12800010993309188
0.3671072472091112 0.11951921789784349
0.3165516925275552 0.15360252655352744
0.3683339616248126 0.13660397123550144
0.31703974054030093 0.1536637525469761
0.3354252916622599 0.10210955609785842
0.3682480225569376 0.13646563400866385
0.3102414428384743 0.15086807597928906
0.3027827287238542 0.1458031690589423
0.36732939665267206 0.12043403492599668
0.31666735150144765 0.1050351848379884
0.34119981268624644 0.15470333338614167
0.3132886912894886 0.10662978264754501
0.312659819583344 0.15140762520537282
0.3657370098854051 0.11838497742960341
0.3432314777300451 0.15394176486663608
0.3669637158092637 0.13772039664714925
0.29633904590124177 0.1259377530528141
0.298402372383998 0.12031374221412389
0.2977704778326093 0.12189101047286173
0.318137691229461 0.15298673973737353
0.3094489739987452 0.10899972988471096
0.32063365807669836 0.1535841597667484
0.30186618951653893 0.14344096589741606
0.3665187952718425 0.12064004251585185
0.34077025132269434 0.15401124213196474
0.3427531866437545 0.15361787513895536
0.3437382847792649 0.10395755931461488
0.3668426106341558 0.1217065462300032
0.3092699384853668 0.1489499616942543
0.36171261371536256 0.11402026882618879
0.3364981803750282 0.10292010077337442
0.3166758537381126 0.15199826241600406
0.3667759302643643 0.1220778003366139
0.29786842829225907 0.12302126749929905
0.31489703842479866 0.10654833882199485
0.3216330101479861 0.15314839973985117
0.3371753448719349 0.10313527305547639
0.35761075570864737 0.11078449264592675
0.2980973179736638 0.1356987042592147
0.2971972021967754 0.13191153342246636
0.2974920433605294 0.13324728269983788
0.3598747378399099 0.11290246926390303
0.29727341289812953 0.13022611193323877
0.301554208930134 0.11721640675188284
0.34910897517916784 0.1062361407992613
0.35749911877703733 0.14634086410547142
0.36335340414584927 0.1169288189176791
0.36658194663671423 0.1346219120414131
0.30233537121270654 0.14223020118103394
0.30902917944489955 0.11013850958327967
0.3146482849872096 0.15054361472154798
0.34806351399177016 0.1510341569368595
0.3649751986052269 0.12010174348613886
0.30766140509004264 0.1463500457632342
0.35918920533443355 0.11281714579998156
0.33866434287284014 0.10378334430773564
0.3084638051337364 0.1468093499788379
0.3665893419036928 0.12525255865143226
0.3466338198452867 0.15106446764369302
0.34831925773228484 0.10627195944829972
0.3463898256126222 0.15106342430560668
0.3654750038491594 0.1357393787733339
0.36660691651873106 0.13151997321220038
0.30080893739404785 0.1389514925479716
0.30448967284445916 0.11458135907217498
0.3245916728094258 0.15251749339119836
0.3466555230947636 0.15082079019707517
0.36668263457027983 0.1295069335471461
0.34328846595091467 0.15172005920999487
0.3666351647535845 0.1299291397080271
0.34272530755878405 0.15179047232410725
0.30737557260317366 0.1454157391626884
0.31474318145418495 0.14943861769339606
0.365418553965671 0.13439227096302164
0.3639940303161493 0.11964428677819063
0.3654128804556381 0.1343856845908574
0.3279011439662763 0.15252861420393524
0.3225799376589354 0.1517693103947857
0.30265909245677547 0.14072504088086166
0.3588839391437289 0.14365921832107154
0.33579150243813866 0.15243531183412365
0.3076606849210781 0.14526356512498154
0.33952439813544943 0.15195593965710794
0.29869714758108085 0.1292260345572792
0.3436845598527881 0.15107572903594205
0.35668832482883517 0.1115362282335931
0.3632902310539598 0.13812383272128828
0.3486987820150732 0.14927588125551663
0.3217904022655952 0.15109170038220898
0.3039158352367928 0.14136963767508054
0.3150084576192573 0.14891884067812686
0.34499840119374564 0.15036536429888317
0.34484035977646366 0.15039089793917493
0.2992206861822743 0.1308660935857463
0.3628738765240844 0.1380765608619627
0.3023031863600662 0.11867748353856
0.3008231492384798 0.12152701101879582
0.3616178764583933 0.11710880608798464
0.3410113667580084 0.10498246031257578
0.30288195534921303 0.1394710821902358
0.36029742655005614 0.11553271733635943
0.3195501729892874 0.150162998497734
0.3098505860406741 0.1111306221730397
0.3450180667485794 0.10602077454747369
0.34296386775778503 0.15056689432216275
0.3529161619531425 0.10952944554221915
0.32270017150514996 0.15079064456764393
0.36373652777028664 0.1356053029681499
0.3045553433028959 0.1161611465832277
0.3222674071597998 0.15060057177158914
0.3644860371773672 0.12367838644376819
0.3619907006753167 0.1182643765010711
0.3172504847554935 0.14905461781209006
0.3602006519841743 0.14059601714722555
0.3344062227533224 0.151430104899885
0.3175551817588795 0.1490962693498555
0.3298744674615016 0.10453236366131717
0.3634350778726763 0.12133281539035756
0.3072819248439842 0.1432563194120739
0.3584945051376409 0.11427380689482554
0.31566836601105697 0.1481814215227579
0.31460970118930426 0.14764607776102853
0.3645422206483862 0.13073012873693618
0.3004572773182539 0.13206607384632768
0.3100337890532718 0.14507955542022496
0.3377938964213575 0.15078128024637635
0.302136144346784 0.13658188181634467
0.34233451742158805 0.10574519950199958
0.30160983539329184 0.12205015716775461
0.30149433258393 0.1223810680237626
0.34471458762198093 0.1492564718442804
0.3601013629073292 0.1398538629286182
0.3540008942002301 0.14504917509533177
0.3151382360034128 0.1475860579557039
0.341908841769048 0.10577521191044457
0.36165202513113937 0.11884719578885015
0.3024546118613984 0.12067307424060122
0.3641195418043162 0.13068854573317173
0.3222244664056666 0.14971133423037733
0.30312249036264277 0.13757149706375932
0.302833013569533 0.13702826581697763
0.35908699581375414 0.1403904308038583
0.3197723174125386 0.14890389138215082
0.32398634904922435 0.10586137467668905
0.3068392536524185 0.14172799419186446
0.3626342661596294 0.1214081339044651
0.35178171458244234 0.10983650462875758
0.3372008755847181 0.150130529460199
0.3205006563604601 0.14886511777142392
0.3297081524515182 0.15030988027249917
0.3424114769165885 0.10626084567730631
0.3624051735595493 0.12149427132773452
0.3623903192078796 0.12211585838120984
0.36207814344741424 0.12135389042800569
0.3580012684849153 0.11524536846240115
0.303417674415793 0.12055097653964908
0.32135868646484245 0.14860694126313714
0.3383716590801706 0.14949851553974705
0.3501200078126978 0.1093986755055107
0.3523288432402092 0.11067686487767561
0.3280869314328751 0.1496436337603928
0.30495314171872007 0.138329065151625
0.30184554663349605 0.1309615806956556
0.3478741082838269 0.10843538889303331
0.3199843057054849 0.10751436319587362
0.3325439654624587 0.14960100508841132
0.3189561653343119 0.10805697442444301
0.31337397674378326 0.11084759735915185
0.33990109140516916 0.10626516108547263
0.3449426649579413 0.14743526320430525
0.31070438587865845 0.14319544347468838
0.3243254754962277 0.14866684302870584
0.3302420775422786 0.14932232457044095
0.32757302963567486 0.14912372690076492
0.30443204715155064 0.1364432577704203
0.33550932176216 0.10576095266273258
0.3385077991758769 0.1487932417770769
0.3266553647143541 0.148714373548559
0.36136445648749466 0.1222415564631164
0.3276293477617893 0.10620142540359563
0.30344297844672824 0.13311790466919518
0.30267777542045576 0.12710462718617502
0.310797046853022 0.14255915010106554
0.3343983495040464 0.1487929158673002
0.3314849009042244 0.14882029880987085
0.33981585249392604 0.10660600006769733
0.31041704008260346 0.11349562820767702
0.3218450518740563 0.10753359970293223
0.3414742267665657 0.10697730413558859
0.3610676881841481 0.13321979045253626
0.31988538349094436 0.10821175563025971
0.3197155779300201 0.10828553635156107
0.36075807493935413 0.12155770790398499
0.3579612519610083 0.13830535081685694
0.3238544646181997 0.14784585591419838
0.337594641317669 0.10635385948418147
0.3085476176090161 0.14038034830838536
0.31631573407527996 0.14537183007527418
0.3057689434274038 0.11915009109396231
0.36150094568031954 0.12511075256827345
0.3118042576228089 0.11281555383197488
0.34239418581190084 0.10754870021317248
0.355021019378065 0.14063862604171387
0.33480750012338784 0.10636088172027995
0.31862532520574194 0.14591343861834755
0.35429912865327784 0.11363554747939746
0.30908269735165395 0.140166289892432
0.3262629291718528 0.10692634768263622
0.3594526377179127 0.12004429410160171
0.3167596618447225 0.10999251491915679
0.3079195895124696 0.1388388948728857
0.35337649120954123 0.11301555493318449
0.3221720002316119 0.10790607660401394
0.32354487914577856 0.10755348928834313
0.35364655829914493 0.14141571049437754
0.3394637444217792 0.14732209732728213
0.3391697901638362 0.14725686930292398
0.31454335808665157 0.143647550961204
0.31187748591403586 0.14190246308491902
0.339753670965868 0.1470682554424787
0.31950910478242023 0.14571268735042503
0.30814618907592617 0.1384826688536972
0.30745079778299333 0.1374259704868422
0.34282787214209276 0.14618269710244863
0.337743879136788 0.10702855328551504
0.306127799471316 0.135337354342857
0.345914236522977 0.1092095568171919
0.33239929366994514 0.1475171199420669
0.35727876202448766 0.13698383408063433
0.35326588893287986 0.1136179203686626
0.3060482262565343 0.13465256401133163
0.3379198128582529 0.10723780690524737
0.32162455317428007 0.14587405953606286
0.33885870765857246 0.14671999156112933
0.35945422897223916 0.12222435397216781
0.3048767885979498 0.13092206715153673
0.3046939526859461 0.1298328983996311
0.32866543881604154 0.1071847874606474
0.3563040005354793 0.11687856556467294
0.35252291808515596 0.1132681741335052
0.35311919293226235 0.1405695712056971
0.3063688890838477 0.12068225083135446
0.35982936692253836 0.12387226175327297
0.3416020659920684 0.14592757728455866
0.30743077613098374 0.11906892132288716
0.34666101948332906 0.10994904126503524
0.3456863958120283 0.10958257877902823
0.30965388713750963 0.11634307112135492
0.3556782607914626 0.13783945917755827
0.3108683387011966 0.13977476379848539
0.31647636132775125 0.14342903480196428
0.30569211807332014 0.12302987836138732
0.33384983389847717 0.10720276421557426
0.33384983389847717 0.10720276421557426
0.358296687188359 0.12059077064459466
0.357048027796982 0.1359288762779042
0.30866976131087687 0.13735245262384918
0.3405123146401992 0.1458392663562391
0.31166520799403413 0.1402626007263035
0.33215679564271067 0.10722882481300482
0.3163395434706511 0.11130433810946058
0.3597046652044392 0.1258660893125511
0.30545909136922156 0.13041393510251584
0.3144410822032155 0.1420262827353377
0.35936133809790527 0.12459337828874756
0.3512008898422807 0.14110362710295338
0.3346723786393721 0.1463802131599222
0.3406495780891651 0.10833372165004829
0.34833937042515345 0.11122301847288998
0.3499166825713645 0.14181587724610073
0.34995766918599996 0.14170886217075054
0.32495865715934896 0.1083660936000446
0.32839189043234085 0.14605423489179975
0.3449306880678642 0.14399099659455722
0.3166280345081533 0.14274374949543145
0.35414213458673005 0.13834863852032503
0.3233403971839084 0.14515350074009856
0.3069869354005552 0.13309073957553172
0.3482967860285264 0.11148934559151341
0.3167677886902364 0.1425226672044076
0.3531143422632913 0.11498839322514932
0.3229491093794301 0.1091243955401452
0.35459732589873116 0.11661105438722742
0.30975894195088777 0.13696731625699218
0.35606982871173964 0.11861896612760066
0.35871916353726674 0.12810141993155116
0.32681752450774343 0.1453549132540381
0.34175406370299855 0.1091279756571542
0.358600040881363 0.1272761038583311
0.3291327781554628 0.14548119473652624
0.35105272994235703 0.14006621703622318
0.352578441305202 0.13886011191685188
0.3099666770133745 0.11774582403699528
0.33972449514864483 0.14474679842012103
0.3515182947071566 0.11411483083379431
0.3320445350249061 0.10805828932067202
0.33905477607790363 0.14477012218038743
0.3341633325790625 0.10814167415008095
0.3574514261279669 0.12238817678499478
0.35752917531893114 0.1226270095221035
0.3123635290697071 0.1155634427894616
0.31387232001278836 0.11427915245435684
0.35442901120475 0.11729774886074791
0.352877187699915 0.11564427624514312
0.3069472842324052 0.12530609552101035
0.35764331879850847 0.12350300883747317
0.31378965204637976 0.13966727608800997
0.33741527472175015 0.14472724890897642
0.3073522251063512 0.12373940189751634
0.35449522227109875 0.11757532589988823
0.31337614502508127 0.11487382604208962
0.32062966405490034 0.143092394281716
0.3309723057745999 0.1449809027519895
0.34744335223565515 0.11190308260095416
0.3570949570227689 0.12252632491949055
0.32024428237102714 0.142820199619587
0.3314454724866053 0.10842663219390193
0.33090813307208217 0.14480224825281415
0.32157447797480543 0.14316988332584576
0.3566791899700156 0.12196610291586281
0.31355003136724713 0.11504311807975763
0.35146621186442434 0.1384953726268786
0.35131541978142894 0.1385048653215907
0.3340212363809945 0.14454526937327097
0.3131508279644859 0.13837488438170295
0.30814936456711345 0.13108151444634208
0.3551709280574672 0.11944049073916221
0.35502963140676747 0.1192846541868835
0.357243276496779 0.12710068307142508
0.3228685823074757 0.14312770407826403
0.30781603212706754 0.1253125360319282
0.35003995262996673 0.11416056246641655
0.3493885264196191 0.11371712368238249
0.3570310729383382 0.12576819505168588
0.32318447487989765 0.11027458045054793
0.355515430254372 0.13256729441049186
0.30939378079936924 0.1211766788500636
0.3086717775586306 0.12332340815440454
0.31682443555049716 0.14015831378266158
0.315219174465201 0.13909021259265822
0.32009392933460484 0.1416914100368879
0.32081096428413086 0.11132181118755594
0.3534555212312506 0.1353292598919395
0.3437182845892787 0.14194140013472797
0.3358369872954061 0.14374943747426466
0.3179130425829793 0.1127715435568195
0.3528753761074277 0.1359291003389385
0.31060073067293814 0.11963133291429838
0.3207402962193364 0.14176578014566954
0.3088831652114949 0.1304993077978983
0.3279240598979503 0.10946693598727131
0.3410289239379303 0.1102619003903516
0.33657308929648266 0.14346770974695255
0.30854485954387856 0.1254574183735775
0.32352335868817805 0.14256111238087643
0.3160454383993034 0.11416201968389561
0.34097426494731514 0.11031229997264255
0.33294368903021143 0.1436428543406248
0.3490405598948642 0.11408312565184406
0.31803845031412686 0.1129776470024608
0.3260855018808659 0.10994112018179175
0.3407087569306845 0.14247581249357347
0.31177246326504077 0.13528823021720715
0.3515556240233467 0.11631934876056688
0.33855346229872557 0.14292191956433278
0.3490105132852283 0.11422487242475124
0.32346180166403615 0.14229999247553046
0.3178707357508042 0.1400704432191337
0.3088608515178846 0.12839868734557577
0.3469682538294584 0.11296455413331796
0.3560945556303945 0.12686792713200615
0.3500314954574061 0.11506716125613707
0.3438292142238444 0.1412906392926347
0.3434587114474823 0.14142467932780212
0.3320235952666778 0.14339073650384956
0.34997221342163093 0.11506701330827282
0.33711752584535604 0.1430160229131249
0.3270859598900972 0.14294802449420924
0.341637289427426 0.11075165673643002
0.31567273464164064 0.13848681974271096
0.3102012421415746 0.1321190295739705
0.35447019364168036 0.12075567571459919
0.3091304776528844 0.12834247902812576
0.3115591937395044 0.11928717719037847
0.3119420763919673 0.13473997428719567
0.3466942560861804 0.13965269307309677
0.3555752210611975 0.12860657210212093
0.3549365145011107 0.13077432859414076
0.34185842066015837 0.1415968260914686
0.3542561177113404 0.12084232102819112
0.355525789743467 0.1250963660768872
0.3465293094195919 0.13955895471676621
0.3173262913487337 0.11397903581101276
0.3094130741371674 0.1270717193184847
0.3459760710380874 0.11288393849981006
0.34949849833394925 0.11521962852278805
0.32982347988426874 0.14278474788960582
0.3219074246075725 0.1411674639338056
0.3219074246075725 0.1411674639338056
0.32168201171601435 0.11180749076273805
0.3292809466716221 0.10991747373069768
0.3112014141243413 0.1329697467258049
0.3271869075358658 0.1424036133381639
0.3481728986098374 0.13831792841502785
0.3377261516949869 0.14231182470602724
0.3539657744173284 0.13203960366137432
0.33350771931032364 0.14267762280336535
0.32575487534256126 0.11063960561133714
0.3433634092384195 0.14065544459229964
0.31040581504186454 0.1307035885058646
0.34741126008739776 0.11396105338897912
0.33921515652877626 0.14186371778666448
0.3551725147504248 0.12686903241308808
0.3434490994637167 0.1405570860498191
0.35490244740596816 0.12855135942457005
0.3528688095987502 0.13341033096666507
0.30995596761622096 0.1250585028293751
0.3135758248844263 0.11767404141725396
0.32594545271787817 0.141837718217257
0.35435378119056254 0.12259095402345767
0.3366045032090241 0.11027675266141199
0.3215296805482976 0.14051959183417484
0.3168265899331497 0.11486191747992994
0.3141501688761573 0.13590427146989084
0.31363083179044826 0.11779555811003008
0.3235964728464289 0.14115501307509454
0.3297948407443302 0.11021278939276247
0.31406508020647494 0.13569507759377702
0.32723827991431675 0.11063977185812884
0.3179990565220283 0.1142284118226503
0.3540239866722524 0.13022132861509614
0.3319150765773037 0.14219486965910583
0.3110282218257065 0.1308747601380079
0.34278135338188004 0.14033675560169542
0.3106120110195693 0.12377758830914215
0.3500135801559606 0.11646530443406237
0.3500135801559606 0.11646530443406237
0.33456859834173924 0.14208350070740744
0.3154526747041235 0.11624262516942985
0.31033117887861705 0.12766160436454915
0.3535211064965787 0.13122965054926983
0.329390770573182 0.1104255891010091
0.35413580671299444 0.12939017908708803
0.3318487611708077 0.14204006960003993
0.3281748789021279 0.11064957086203742
0.31413782730506395 0.13524475850284767
0.3207487797827687 0.11292749523493606
0.3542955557062776 0.1280839192520921
0.3340604388313318 0.14192546123611696
0.3442582656537758 0.13937702701646618
0.3109632019875173 0.12933248899821706
0.351353312939123 0.1183931131921553
0.34264015867467756 0.1122545993801486
0.3541086421391967 0.12764361953866818
0.34539950655431306 0.1386896680018595
0.3298169154464581 0.11061395805362732
0.3407224034649941 0.11164336760987677
0.3469549594452811 0.11461016485495006
0.3225561046935887 0.1400131625610186
0.34211670742394723 0.11221412306427207
0.33153609429884046 0.14156508796117265
0.3138506637192587 0.118748714153304
0.34216869455923316 0.1123438030267608
0.3215817674382683 0.11306424148570163
0.3463982403711657 0.11452567412503557
0.3113023315010086 0.12540846917483717
0.3434898652136036 0.1390844004952405
0.32704873045857813 0.11134874379491802
0.325051252088477 0.14032615641825064
0.3178000505799336 0.11539594068418621
0.34427816046859366 0.1385697880967888
0.31256500023089356 0.13135282553927133
0.3530682375551207 0.12323497815343673
0.3161056721367472 0.1357715584496292
0.3432643386338347 0.13894418510955864
0.3419712053798748 0.13944499972743973
0.3406611286453016 0.11211235666424196
0.34008126707600844 0.11195464956253455
0.3531352003736866 0.12432453838479823
0.31484091332989605 0.11857765159374778
0.3511772476959424 0.13222664137218557
0.3424110723979063 0.1388718515652211
0.32797613207558507 0.1403572269807737
0.3199331139364726 0.13774204039944557
0.35273491905934634 0.12430608908420472
0.3487833696391666 0.1347995626460453
0.32542804306004997 0.13975653494873078
0.3518067722407015 0.12150912939435475
0.3140634335130226 0.12004607541499497
0.3327668744357007 0.11130561825161224
0.3515583652203677 0.1309012079847796
0.32606305102470573 0.1398298387905083
0.34899043232035654 0.11755743844862089
0.32438430157927645 0.13927140592097986
0.3369728810008244 0.1399970268702497
0.3124407711700332 0.12754968690123158
0.3286954062474725 0.14013298647611877
0.3337085198604667 0.11147719863190649
0.352311497373821 0.12412216439202671
0.3406097715014066 0.13903503357973376
0.352411787041715 0.12705848261217662
0.3223714224258353 0.11359700054067529
0.35188394744851825 0.12259628353838692
0.31278194087907896 0.12387314397221869
0.31499908078308664 0.13304908892381842
0.34050992164573707 0.11278593844562736
0.31265337935032816 0.12558498655742953
0.3126642098564664 0.1257304769352281
0.3494614257335366 0.13307747369823916
0.34365310936021654 0.1142146222746364
0.32679094501281886 0.13944500629512532
0.3186744457299272 0.11604920955252315
0.35196858318457747 0.12678164747350687
0.31769254783317163 0.13527452822124678
0.3137682853888132 0.12219075385796492
0.3213999904120964 0.1375115927947949
0.34820529387296195 0.11768100651969382
0.3425145930207079 0.13774099495093772
0.3159568574199806 0.1334003009967804
0.3139093854840117 0.13016572982252453
0.3360133058012873 0.11210349755072009
0.31320991843035795 0.1272350732530267
0.3157748088639607 0.11912055793659622
0.3236743689739061 0.13823651908427922
0.3237270730759856 0.11356998282115645
0.3279217721566405 0.1123900944920187
0.34826407178536045 0.11795722599210053
0.32276362735581055 0.13776932215951823
0.3501763493711817 0.13103068343948562
0.32619302170086767 0.1388414496527316
0.33554871329823294 0.1121998181378639
0.34864442942729196 0.11854510404908623
0.3154190677950122 0.1322539585747577
0.3134606638392466 0.12519635689802996
0.35091737909192205 0.12920997283279262
0.3134508809093483 0.12634679990780984
0.35086955069134695 0.12928723317421525
0.3499048013332746 0.12054708426812638
0.3169658146167467 0.13382403049328256
0.322919007264819 0.13763487485068596
0.33444892693319067 0.13926066918827523
0.31590462768876637 0.13252672751572422
0.35070844800445905 0.12251610661521248
0.32111785781210167 0.11512805419985353
0.3497623251272101 0.12052475441069856
0.35049261250414654 0.1221056798461361
0.35091539205832345 0.12347223582054505
0.3328654033413977 0.13919505736569832
0.35099525764147527 0.12399108144169727
0.32746647617417296 0.13875351986135756
0.32798512494919296 0.13881399870297725
0.3242515621690499 0.13783934856665261
0.3353325396475737 0.13893837775816698
0.34762140222763044 0.11801376329680137
0.34225614963835754 0.137072701413768
0.33087609326864237 0.13897133833062725
0.3428560711502511 0.1366771389706147
0.3145908391090049 0.12279126136122206
0.34357690625738757 0.13628269820639224
0.3142256647805166 0.1278034693610658
0.34995681591721006 0.12978387841747552
0.34126808439375517 0.1372608557501083
0.32830422500661466 0.1385654188821483
0.33968837364795296 0.137782294163245
0.32140811296325367 0.11537781787799754
0.3215352565069849 0.11532443624605991
0.3505508757589933 0.12737344678927356
0.33416556184299717 0.13872557162806712
0.34885452731940647 0.13138750296407417
0.31749886824327206 0.13333874913238633
0.34065424832833385 0.13729575179712938
0.346810883176818 0.11773115941420839
0.3143985075577448 0.12667910610547858
0.3184080653535283 0.11770752419732942
0.32810514587511896 0.11307442060277777
0.32488718661993177 0.13752880904861242
0.3365244421083749 0.11299387290867907
0.33140591010374737 0.13853896163845336
0.3495058948268643 0.12959962749464707
0.3502646880596231 0.1244922711706267
0.3244205482561915 0.11428271352020676
0.32255186832487276 0.13641444333143835
0.3498304393865915 0.12285301896529435
0.31480646361471165 0.12756398144085812
0.3484422998318009 0.12004776971468657
0.34543923538436094 0.13439632142645708
0.32525838489101966 0.13739794032726171
0.33246667811710673 0.13837373227319594
0.34880357798582506 0.13056870518270147
0.3205816276083156 0.13522447095114165
0.3411229188728324 0.11458378006275806
0.3154300824378877 0.12888955150001935
0.3311592738863625 0.1381722166200641
0.3287294994744089 0.13794009701746093
0.31609840788230115 0.13029347105356198
0.3488027088199577 0.13010122883534378
0.3498603107815425 0.1244851651356562
0.34214086782918474 0.11511575318814159
0.3152878534704194 0.12813165216818162
0.3487093416772826 0.12110964839297772
0.3471253506299407 0.11887229395287599
0.34777991872804553 0.11968439761642698
0.3178099377180781 0.11916348643733471
0.3471855246980626 0.11904232410365771
0.3480697252558137 0.12035803551995831
0.3201068189573859 0.11717424004499229
0.33485754192658157 0.11331236752652735
0.3281144529576852 0.13751556217730887
0.3333566797673239 0.11326110188838587
0.3394658813676506 0.1365617985114978
0.3216925379808185 0.13495167630707944
0.34716716076694787 0.13139017751139193
0.33539664916530154 0.1373980785357787
0.3476666170637143 0.1305221450686906
0.31695276043046194 0.12142297500529231
0.3450974473730069 0.13328262763029095
0.34888363839883985 0.12731624874735514
0.33714716384481747 0.11406939798231862
0.3393231471761209 0.11470243645990315
0.32878062694781535 0.11398455826815834
0.33646650376064874 0.11400438150996298
0.334746729648198 0.13707442579104248
0.32251949067343305 0.13486364611265253
0.3225048316077841 0.13479867378550917
0.3191875848749732 0.1323356353628987
0.33399549543904483 0.13705753305007234
0.33436058239014754 0.11388068978034312
0.34833128874061065 0.1277340960835307
0.34687738810429564 0.130680364032649
0.32792627170797833 0.13662345442425355
0.3466529295755137 0.12009319362164238
0.316498330827891 0.1266584855760045
0.3341331945854506 0.1368882349838641
0.34771017186199765 0.12204246469763208
0.33000262622143384 0.13679802331440039
0.34841660677846237 0.12521295280603173
0.3313578014629298 0.1368779118717442
0.33629448990398514 0.13651779856899515
0.3482533901406614 0.12647705566224954
0.32293396941733754 0.134646145715693
0.33706278454137667 0.11450374984621253
0.3426439901268057 0.13410449444397912
0.3433281924529199 0.1336646615607219
0.3479230141263475 0.12735952651221563
0.3172627685242907 0.12305107277580625
0.33207816606234436 0.1141652515326699
0.32309904028928826 0.13450871622141813
0.31736137243839807 0.12847091078036246
0.34052280241433724 0.1350010258234674
0.31700595364212175 0.12431732818209588
0.336804210803857 0.11465415194249791
0.3475648362983192 0.12796531129869593
0.33603669400065217 0.1362120485108883
0.31742299303708454 0.12308515973334086
0.3211569446207149 0.1331319186555334
0.32519734860742777 0.1352875751870041
0.3249436012294816 0.1351807540608338
0.3195900790101878 0.13166689355620936
0.3171066533078661 0.12497873784163364
0.3226358355564859 0.1339593141884413
0.3172619913285321 0.12495608771120637
0.32674972875272434 0.13558434291523028
0.31998003928303315 0.13167514993391466
0.31998003928303315 0.13167514993391466
0.318092561793268 0.1289562119105377
0.34719384701769845 0.12786012687656065
0.3222406632438905 0.1334946964789443
0.31780608019274975 0.1280484409452682
0.3340435682133348 0.13609271578736218
0.3174683643688767 0.12560046187589097
0.3471003743105491 0.12319606347197712
0.33697598031354487 0.13549664158495212
0.3191900639389191 0.12082688753439794
0.34184169702789036 0.11705913170524301
0.34581442456367467 0.12980117910949757
0.3303793287605032 0.11488526496488091
0.33432957905559046 0.13569816484925282
0.32907544285928825 0.11518780070019867
0.3261174937349241 0.13473393326960453
0.3453173588367841 0.13006746632622626
0.34682985715394626 0.12456522273285857
0.3382426134643896 0.13472214357308895
0.3454846518721872 0.12958877148085582
0.33977588986805685 0.11642682576446885
0.33546457043850464 0.13529253857016213
0.31866211157666574 0.12301669071320037
0.3212040104916843 0.11928361190797232
0.31842136917756264 0.12438602269371271
0.34579513611261786 0.12192766029815684
0.345836147586629 0.12853055045242617
0.34258269417129955 0.11819952604611339
0.3302452505643958 0.11529208750399181
0.3464873216041196 0.12463615409114792
0.327084661661948 0.11599848316953346
0.32986681024279374 0.11537680042593675
0.3233291962993897 0.13293311982727188
0.3260267957601704 0.13405493004030924
0.34439190705365413 0.12034467998949601
0.32151505319096363 0.11947583963731069
0.33527469265055954 0.11558349411891909
0.3458922937851319 0.12341995727953856
0.3348452676537369 0.11555675827335828
0.3412696605749977 0.1326239877778016
0.3414269441941927 0.11787628128102563
0.32322033760228314 0.13245550109838175
0.31906140358035845 0.12405659155813725
0.33375437927472235 0.13486096896949254
0.3394006158259606 0.13350298815503284
0.3456989280515246 0.12356488083239946
0.33914805533598885 0.13356146820743636
0.31916129799783755 0.12470388272068596
0.321018429810343 0.13028274418926136
0.3452863687449784 0.12789608831102958
0.33782363344397454 0.11638870655421582
0.34521383089368335 0.1278566040799358
0.3408981140969826 0.11782943060044318
0.32818618692625406 0.13420575267267637
0.3271407084844562 0.11661643408926162
0.33765895852817895 0.1338121017628214
0.3258921693646545 0.1333961302792622
0.3455428377096274 0.12496910578455268
0.33095172713810767 0.11584695626281995
0.33582433218694663 0.13424055762181272
0.31975919983914075 0.12748647228258717
0.32658572621654897 0.1336061770078148
0.3225001844403104 0.1313082421994658
0.31953623273672777 0.12449988397150548
0.33661468506657255 0.1340019742041507
0.3288616606765829 0.13416303578163843
0.32274232226204835 0.13140901534124547
0.34343116247216743 0.13007935418966346
0.33570389522002736 0.13413256508609633
0.3298282264048156 0.11609868708433983
0.33344510780306796 0.13440279199288135
0.33175719567826506 0.1344103981919049
0.3302413232162526 0.11605836238096104
0.3235408997800477 0.11864033664182329
0.3378052606072191 0.13344808119552595
0.3199434286314655 0.12667313468128916
0.3243185250857143 0.13209967386110194
0.3430997127419315 0.12991301501840014
0.33992914105863625 0.1323229874509782
0.33444540445932497 0.13394245675153932
0.34473085680290794 0.1236491943997892
0.32032378667192773 0.12364867515752873
0.3432773930139806 0.12077731551898292
0.3424295353731558 0.11993392170292624
0.34366263940706404 0.1286663582583584
0.3206039221178497 0.12338817302779043
0.3206707075628057 0.1233821464826031
0.3324217843588132 0.1164351967046691
0.3248553897376656 0.1185504047614636
0.34199270806598125 0.11990349392510238
0.32307435123835204 0.12002908968828375
0.33820592443723474 0.13250531754654132
0.3216708093586598 0.1218034552553089
0.3310689323253466 0.1335033055909637
0.33780824371286466 0.13261064440383774
0.3249585380930469 0.11865957608377507
0.3394490503210425 0.13184680107934527
0.3414410580508636 0.13046360599465778
0.3268452073858835 0.13246760274117422
0.3242688631904975 0.13110199011878332
0.34409950534239525 0.12452912036290947
0.32342144548007573 0.12000560121028092
0.3394258109151622 0.13163893073629848
0.34232623971440873 0.12077169516330398
0.3214953035165193 0.12282200374510538
0.34340589109852643 0.12260688136720375
0.3432011382845543 0.12219490710070384
0.32182066120439257 0.12812388890660148
0.3425739650340783 0.128864598904016
0.3215502502557854 0.12754824109176818
0.32254484380725956 0.1211647936722552
0.3226842658835501 0.12923977829943256
0.34112709573227806 0.13026625402423578
0.3293955197779424 0.13286852600696547
0.32759897058535087 0.11779527073220743
0.33233603439885046 0.13307039680476468
0.32137960956587175 0.12509190381587704
0.33521618672058767 0.13271077061369632
0.3413567992154804 0.12027659560706037
0.326454545302021 0.11844724083884065
0.34127009339161224 0.12033598985325275
0.3401197768562352 0.11949382973640667
0.334285496225852 0.13260999326880732
0.3244712864641441 0.13022050945939503
0.339369000930211 0.11909170062556798
0.3249875748939078 0.11961761055284473
0.3323747865406707 0.13265977628200057
0.3427012912577053 0.12296623099310543
0.3359382158819387 0.13212491890782657
0.34068430019748946 0.12966832150774266
0.33993709966548347 0.11967217301509915
0.32513860554717283 0.13006006288196148
0.3304762431940064 0.13211539669925787
0.3424682188712262 0.12402854155814035
0.3258293939579569 0.11960352187400415
0.33220253664116334 0.1321879830951856
0.3226676515281995 0.1238607595984363
0.3276189557465313 0.11878331783448351
0.3306024333518057 0.13191847125759923
0.3323218898127308 0.11795830395350153
0.3319842886077573 0.13189271608562836
0.3339244261949911 0.13178741823892778
0.34134966393446925 0.12230170768597491
0.33489823634101273 0.11825315768865863
0.3385627079391424 0.11961669089798421
0.3271297372429216 0.1305876515254066
0.32628570186039996 0.13012660218520883
0.33042466539575943 0.1183100611848132
0.3399031699935887 0.12905421267800593
0.33030125534685234 0.1314736697508498
0.33656530767688464 0.11890982827766171
0.33590405852613053 0.11873068660639144
0.32997693575791626 0.11856563638506587
0.32657556949751043 0.120059815309991
0.34094477370820925 0.12275138927267346
0.334275539295829 0.13114714924583365
0.32383475911557436 0.12642668904768634
0.3256304026881191 0.12899320878708428
0.3262900214458467 0.12045223278347295
0.32819159562479905 0.13043195805578967
0.3387049261768167 0.12914927095890694
0.33104834662159766 0.11877431735206119
0.34049391509925936 0.12684961644169873
0.3355433753720252 0.13053525393720006
0.3273608440707823 0.12008382325722845
0.33349086532036226 0.11884966927638546
0.3373781760481291 0.12974866230932355
0.34019561027291906 0.12699185261865562
0.3271688494564875 0.1294241187400105
0.3270753793387674 0.12049207317122251
0.32975924915708693 0.11937473989990417
0.3247972344471964 0.12310464729946723
0.3370587257319798 0.12962666085513228
0.32835098498147575 0.12987870257931533
0.33950685870242275 0.12757546413962262
0.3358179202686433 0.12997759045659799
0.3276480521733388 0.12038425007722277
0.33971890796426574 0.12703715632928558
0.3393175034715298 0.12201408235801374
0.3387092503265849 0.12824381262370813
0.3301618510873044 0.13015360657844757
0.33227083788106687 0.11928064030011995
0.3283190234210469 0.12041707342835688
0.33866754919746717 0.12181647011200131
0.3373720237282264 0.12086104241954833
0.3396876315134388 0.12471042909207407
0.33522423099417153 0.12002853093990754
0.330498170523674 0.11989975049374435
0.3344922151245563 0.12959826115050038
0.3365552010289957 0.12873972847102735
0.32732559717899884 0.12159246146968622
0.3325711360870127 0.12970365438030523
0.3283837960734612 0.12091907594877185
0.3327196586732621 0.12955390091345034
0.3347999344931564 0.12921053298256585
0.3266433969162713 0.1270056868183291
0.33068222271842646 0.12027723206641455
0.32613161896120735 0.12427455969624328
0.32962234412423297 0.12890798252265678
0.3305291920465019 0.12040797672575916
0.338118867680913 0.12651497295358394
0.32937666887221206 0.12119744920774335
0.33458455081166644 0.12086603326715802
0.3278774953577165 0.12233509984643218
0.3350875367237924 0.1283741377663528
0.3377992768428399 0.12606278379021546
0.3375106975284728 0.12651703318108629
0.3279851183429416 0.12710303634884237
0.32877462057531737 0.12187038785413518
0.3369696068970413 0.12653708244114878
0.330276127411841 0.12150927739176834
0.32764469641280924 0.12399491601944897
0.33554563154693096 0.12197484916625449
0.3370323602826522 0.12360671057298504
0.3352177663767723 0.12187004487570063
0.3353195958611106 0.12736272483592606
0.3338340880467081 0.1278535238363381
0.33266124965524474 0.12795993551695492
0.334994642041041 0.12212698525540643
0.33343813532166 0.12760200115789003
0.3295894151378601 0.12265387965402212
0.3336606211310079 0.12739006213598267
0.32904344572989364 0.12590936076051068
0.3288603367162012 0.12484229049243
0.3351959259907319 0.12630227083717027
0.334186718973651 0.12248080485916578
0.3345172075585821 0.1262891514614298
0.33092826035351147 0.1265252590490361
0.3331033965624681 0.12256919074335071
0.3323856070379639 0.12256561446386181
0.32962730056087586 0.12456638135118635
0.33491737426574913 0.12355789131364009
0.33288169664166306 0.12264685784014209
0.33047693182098675 0.12326516701118442
0.3329946307357851 0.12656466575141717
0.3310926789792304 0.12311269193469183
0.33365492612750586 0.12305957755620042
0.33490030967682005 0.12424763598687587
0.3333163924598011 0.12304840748617282
0.33309441424685904 0.1230083114806027
0.33020698971126344 0.12471471802153038
0.334386203316819 0.12471831021465336
0.33215740425813295 0.1257919632368546
0.33130609284932766 0.1253792697766142
0.33354554539682923 0.12481381493802676
0.3324999403587732 0.12472230835586139
