mu1 sigma1 mu2 sigma2 alpha mup
1.4016716524930157 0.09032839602184692 2.203825051872058 1.134273960570301 0.7684179421465732 2.065142440828228
1.3498011790606057 0.13625019793464563 1.7102571748962927 0.29648939811658936 0.42877538907784896 2.5329611113811596
1.3785943059942587 0.07817989922069617 1.6610504806772761 0.9205341884636187 0.8094931273872359 2.387003954111338
1.3400501833979135 0.10792687006616335 1.367458693576856 0.3034125904936146 0.8677546123556719 2.245196745305782
1.4224314078720495 0.12786160653262138 1.4309809647504903 0.2757746248544679 0.4501519431725954 2.325520397048917
1.399149984146665 0.1504486347901999 1.4507960446379449 0.48119303269738994 0.8985866005720323 2.8191685831349034
1.3573600643653838 0.14671879231332405 1.9104980346022278 0.33851264733697123 0.6868368839068261 2.78825299243144
1.420035260532742 0.08903399012024679 1.7730783004258557 0.12716858788524152 0.84504866880531 2.21353163211676
1.3369272044221452 0.12310379811795576 2.038517057318691 0.14145599760183541 0.7390499158691198 2.6464803506603527
1.3577127910442601 0.13349777784354436 1.7113277626266896 0.11387822523492669 0.7102152810935433 2.6971038923298614
1.290908977605985 0.10960333934778337 1.6711577173584113 0.38549968769635645 0.707850730579466 2.130952600300953
1.3780940359092508 0.06644575012244408 1.625900657209776 0.5767679396414132 0.7226897362177507 2.7092122312217466
1.3924105592775844 0.12449061273996918 2.0606077387818273 0.6221763560466342 0.8563565822564254 2.5829406436126594
1.2695380474990499 0.09550626045889292 1.687112875353804 0.2290711896358992 0.5659197599326254 2.3957314099278655
1.3282141563139738 0.05725991231904953 1.399066781176574 0.37306368689677855 0.7941796805240957 2.534281137923915
1.3346049383694667 0.11019341449730499 1.9924718985031094 0.46771495317929146 0.9070141052692171 2.3306442545528565
1.349121178232799 0.02730975720682098 1.4011183730220163 0.3213636925231195 0.48364006719235836 2.141565148141646
1.3829515952487577 0.14254101920125722 1.636899201108346 0.4189822454123856 0.9000960020118828 2.390449218877928
1.354724800994315 0.09019913552977886 1.9614114303165957 0.7000748215226157 0.7846068109978351 2.6366397382378697
1.3285711380134864 0.09497726274737879 1.6038491702039903 0.6000889010023781 0.7576182352888544 2.704616026471003
1.3310826951722352 0.11126437367130274 1.6874625851385918 0.22475919716257042 0.4472005290332213 2.6042391142258445
1.341494133579716 0.11260658188138972 1.8644639275230808 0.31625365369734554 0.6024938744082341 2.102564746792242
1.3475511388243515 0.08658170101885532 1.8897246875803568 0.6695811920773261 0.8338320518156015 2.4634902923103756
1.3981693462769154 0.08885192006385537 1.5546652601508788 0.4464772625622981 0.6761607800452296 2.7176823123420437
1.3359194311370381 0.12437633837328049 2.0571890395844115 0.2044017318739791 0.9142296513198992 2.843108389396765
1.3875328616637046 0.12549253489408915 1.7570924432680828 0.3644201882030302 0.6380461756084718 2.892221188468418
1.4028959151337226 0.15510758703195657 1.7328967485398001 0.2813282182078436 0.813978946269529 2.8089833714192087
1.325760090252901 0.09564857669921675 1.9785618760665353 0.26517524199419407 0.6979077262349693 2.0789347384888623
1.2834208084808585 0.1119524068571475 1.6447082212399855 0.2512662120819742 0.6917963572492067 2.8073925600262273
1.3347583882030136 0.044230613891561986 1.460316654027252 0.35004621173748723 0.7176137062084752 2.2507167936753447
1.3507967294725427 0.10666263219865942 1.7828614649297725 0.5851158810897162 0.748388392124206 2.3229724777075127
1.378955221388044 0.15313325078561976 1.6265381601821893 0.28277157353258586 0.7648839599243478 2.289980230397721
1.3748205539320515 0.09348174456013049 1.7800920282562755 0.6183239408259086 0.7774375955068014 2.6818451391836167
1.3218235516682564 0.047934611659269925 1.4695369045369175 0.4065193408808448 0.5723810115782764 2.59181316135706
1.301831611483723 0.11817699211542122 1.6952024060329975 0.2812048373906103 0.5981995897160217 2.689771804628517
1.3890271848975873 0.05748524643718464 1.497588061262757 0.2751615750812778 0.5914205790870896 2.886602854824674
1.387248598723065 0.13218117433122487 1.6468974706772999 0.17595469905061262 0.7930954975611088 2.0866190087517964
1.377136321794803 0.13269123301867494 1.7473174656007848 0.47441494852523486 0.8301498772666065 2.5020867101639865
1.3957023542127676 0.11054551433643191 1.518466612480573 0.36854824218924026 0.8638930915388383 2.400686442787689
1.3267818490241041 0.07082377004798615 1.6354315001928301 0.54716345202377 0.7111268724333762 2.2952945249460233
1.374533119306881 0.14669339875711981 1.6440064053628487 0.33727672532506997 0.7932677897393575 2.7599522609943197
1.3258802930926041 0.10871849498136003 1.846345584131568 0.3526926546053686 0.6434093643402196 2.3332468822890258
1.3436342413382658 0.06086978719783922 1.6167693898511033 0.24870381797627958 0.3504087058541114 2.0317786949619565
1.395409727104063 0.11617705149778189 1.5953238990901157 0.3346677684982281 0.5890910667378141 2.5628809356528084
1.3273238550421746 0.04844249058402088 1.8197611912392975 0.19934786737362495 0.7374579157309346 2.537520332882323
1.3976019617565496 0.0957054251486797 1.8839659435301037 0.3511970195035139 0.7346233399967634 2.8381823343130725
1.4052150381972366 0.1457353640427154 1.798832015936954 0.25592375183247607 0.8259362529711555 2.3850626259754617
1.3578546180154227 0.09616972760050561 1.3977216224773348 0.41737331544784795 0.7618724323682382 2.8868404242969694
1.3337015887203685 0.0748339953022639 1.5922237103202597 0.3641756686138641 0.8468935979407064 2.0249315500705607
1.3096493689976827 0.0676627882086769 1.4413235815048935 0.3448561325641611 0.5265589401923574 2.823008643586493
1.3538692387157425 0.12820706080222571 1.661106099283192 0.26785983267661545 0.6005848993203866 2.0574522038913763
1.3373644909287783 0.11891830113103542 1.5492884082865253 0.20856368340951545 0.5037726893789692 2.816612607176827
1.3102473306698108 0.12626957233554628 1.630226620565193 0.20995148797123706 0.664957009320964 2.5634365383581876
1.329460674888031 0.03717689730617168 1.5653182178052383 0.23618195226966163 0.6545457850253601 2.023565279998566
1.3869445967327392 0.10605230031160788 2.069768784846381 0.3451610295798974 0.8864382807364238 2.258693997575305
1.3586298232562677 0.13289933045352126 1.6366180100493533 0.21175609991143407 0.856629091451541 2.828300163185796
1.3808597608147268 0.1149048645612222 1.7808528328821511 0.5002518201138525 0.8153119737276754 2.5612996627509554
1.359765003015412 0.1325685371092242 1.9250154906578345 0.15907538547043712 0.7285821959864088 2.3902896541602807
1.3363298334120461 0.06301716719400852 1.7066717754224494 0.4607296999756277 0.8107360830724831 2.133497716985608
1.3772468631523809 0.12990349885995137 1.7902075017139856 0.08647364984180989 0.869684393574285 2.2883675980173463
1.3245741520241119 0.12553994102501237 1.8472873931163087 0.15067501178114567 0.9223176942648221 2.527453221509263
1.335067799519774 0.061679203933144036 1.4177234355182313 0.31529852258944024 0.5587712988139257 2.0379573334046426
1.3407637391198306 0.10882464986356763 2.0285611461427355 0.24055945050775523 0.8622304829240075 2.0855386982358035
1.366449262156003 0.07278646896829599 1.5305346128990982 0.18749428969456836 0.4831751454453305 2.6125466689706096
1.3545954838910343 0.10983894162358367 1.8583957040726822 0.40635079088902415 0.9075750234246508 2.598776923462199
1.351529636591638 0.06910325909378028 1.8032251436544864 0.5155934147395058 0.7708924570605196 2.856785690324413
1.388151331686469 0.10754487086221208 1.817103087903972 0.4722411371541855 0.8336271749373396 2.608202042545869
1.3668486567193487 0.07379489776969117 1.577417404804088 0.1686917528013443 0.620605933311961 2.5930287805146026
1.3705729767392585 0.11189635400112842 1.4910733240298248 0.2710641133292926 0.7908698859305362 2.660097222483159
1.3218109984380026 0.07060116545105061 1.8142948651971653 0.4048106675833968 0.8279676373070134 2.8129777839764216
1.318521721588799 0.053825859446119124 1.8447011636787525 0.21753885409225698 0.7319962252495489 2.66040432787231
1.3781260153126187 0.07990450217440845 1.6872106744263915 0.2795705916423556 0.5125782761048662 2.733544623135236
1.3412816208128076 0.05866620526013409 1.8572535421475465 0.301527347591907 0.6107471921958663 2.8322784594977426
1.3050224333223102 0.05892694815485942 1.497882092993382 0.21441427560842732 0.2919480147164152 2.850914925052945
1.3719420656211212 0.11050488845227566 1.7232792447927547 0.42014240560814636 0.6743552954783696 2.786277718710816
1.348243943628472 0.06194016130220596 1.7788319053419914 0.393111159009678 0.7934377735830805 2.0601602136764767
1.3501410733851138 0.047009328888064715 1.5739824390562418 0.20691393212521686 0.3731228849773788 2.3745800603802976
1.3556181586467015 0.045434435950071586 1.5273565356692034 0.22376168069841507 0.6713901249298079 2.739038034823112
1.384533094331951 0.10519088888406226 1.8377678886586106 0.07074423688139908 0.9445758274409843 2.5112786937612
1.3942233115098461 0.1025405200147919 1.620400653649269 0.3893506751789498 0.7175090229474038 2.261740006618786
1.3751947786809182 0.14120786511269318 1.8426766784135578 0.20751819155646706 0.7738137123796016 2.877987893014766
1.3414699401453827 0.0925790889503207 1.505393148581943 0.3087062846905719 0.44657760832329313 2.5474447002364364
1.3340949393551478 0.0638739527569613 1.5851925123208224 0.3725363638242483 0.46655541679955537 2.101880746271631
1.3504223336935184 0.10396057905089769 1.814739727162953 0.40762579281907424 0.8749553990584628 2.0962154533573054
1.3373051338809885 0.06564714362294889 1.9161094213150012 0.39256615199115175 0.7942354034939355 2.3292125701817
1.404224555698075 0.11233543363997389 1.7035780801418192 0.2738240132556035 0.7237537385332992 2.1588354665537346
1.3645588997461267 0.12560002134234702 1.6966063643132756 0.30553134517858166 0.6462766461609047 2.3677099624219693
1.3761209124824219 0.13170674019213166 1.7545291416207265 0.2951972811791631 0.890722252640837 2.8571800161872267
1.364900866478256 0.1278618058670199 1.6095613996344678 0.29265486883758296 0.6412507905077791 2.4280910222241836
1.338346401635056 0.07251855366661379 1.6345458929743826 0.42978854055016213 0.8447571655844768 2.201004226218558
1.3296329185050593 0.1302925582988352 1.6823515497445354 0.2686913012363176 0.7605135330959083 2.304279528213267
1.3037946412161165 0.06508948349520097 1.8241477442231315 0.2541328384578663 0.7251220632015425 2.727275767022646
1.3769351707217163 0.09596362312676592 1.573637030678643 0.19121859112741355 0.7293689499563314 2.074221041626338
1.3653535574822526 0.07723032220765276 1.8181941026142323 0.46957580501460194 0.8067572239610818 2.3490392313190824
1.3300782335033854 0.11548220915095177 1.7172713884094093 0.26469713361112845 0.8358482828860003 2.04527933714886
1.3723087187459795 0.06855611357334741 1.4836348592273283 0.3592947574892784 0.5916378488460535 2.6715954010494185
1.3246674328444048 0.10456926282169833 1.8529706554180465 0.08934788258333887 0.7596508825979705 2.621164581915014
1.3547078356679492 0.08480225619484996 1.541096342907463 0.4865831137934909 0.7409486748702037 2.202767762495296
1.3555196643727117 0.08303918146088926 1.9105314629790238 0.08710317465417693 0.7541908252830739 2.2273654261893165
1.2936717905925694 0.058998134396665756 1.5216759047087467 0.2218222824631428 0.3608518651449346 2.3505568239582164
1.3093863206523726 0.0757178689155018 1.7706684756915783 0.3714440174601569 0.6845308413287624 2.737808604273486
1.3769303356126952 0.12444409725682123 1.9711145788560782 0.24939919742580738 0.919936216228435 2.403133887983987
1.3726593389045842 0.06709338466653528 1.671375604363709 0.39919653335486577 0.7339665831382517 2.1901722557724757
1.3467281511863607 0.03883322676949104 1.509232750290888 0.3294764753745288 0.5041502265899083 2.840540506722098
1.3312299088265953 0.08070763872647246 1.556283475640849 0.4422445921652555 0.6518774315998062 2.5600508613597004
1.3323458071340937 0.03803048606500868 1.6608619343423863 0.2629771841882068 0.5161256603797865 2.7392844175580255
1.3429368597817497 0.06782256556836905 1.8801335806412065 0.4058605077649607 0.7373159122118538 2.120634375773548
1.325246097340452 0.09445347587755232 1.8871700588141538 0.3628101413567102 0.7417525393017373 2.4036953478802054
1.3347920488058982 0.06415791806387332 1.544282477594761 0.34375917595589545 0.42424932784656544 2.769080852075859
1.3652760881251513 0.09394736866316619 1.8187771280758565 0.24743693090649743 0.596350987214435 2.615629725210676
1.3453314403756513 0.11796044552501898 1.7377748927083583 0.29688910257474826 0.8928559434345532 2.4430887637189547
1.3567757633376152 0.0504793469276806 1.5138367787723719 0.27363902972451737 0.3618946093011907 2.1379838921094128
1.3039161341030987 0.07062907128161783 1.5209398313342855 0.205002534327862 0.6705004911973107 2.5151655009723193
1.3122289632292956 0.1035845137712633 1.7879817152803428 0.1788734454791035 0.6928344479926453 2.054273642170958
1.3510459895244744 0.07174512706109969 1.883184705432189 0.20614935189302586 0.9217944617994283 2.731111060021087
1.3425158443340535 0.11655243413664529 1.5634188788790158 0.30787204353191855 0.6238549398021734 2.2111896164617297
1.3401419254548426 0.08806201530612315 1.5189712326230471 0.21957865334932633 0.4024168487756945 2.8929235359829475
1.320123904276923 0.07924176133997471 1.530206339599456 0.1805520674656421 0.6422626019679989 2.860583664039841
1.3665218153310974 0.06694921528573403 1.7240957589257766 0.4056006851034033 0.6825591156688313 2.5013337626788728
1.2920159530139614 0.0623954390967846 1.649385944124627 0.19862880830367236 0.5320305200680068 2.090043728955073
1.3454586210192052 0.06834568971769966 1.8966235963265792 0.25675670219927793 0.892709593125187 2.524053268393704
1.3681110537362167 0.07548551104449809 1.556778835598199 0.21767930273820116 0.4460673763665576 2.4328424136060742
1.350499851827589 0.10095440284356524 1.9995609046588685 0.1744976197409239 0.7738680134989736 2.520148661200779
1.3540829814696052 0.06116540253607437 1.6679520442603901 0.19140535763063904 0.8579647345280937 2.2891814570368254
1.3487585994096216 0.10874438513623307 1.6863230429604876 0.14429380028953062 0.6880335351390141 2.259829475949841
1.3163381630988054 0.09951898786348336 1.7608182875317397 0.3455728038107415 0.7760971481352759 2.202864185247319
1.3761593268294852 0.07320454347852401 1.7935449726103048 0.13266482254774267 0.8967980093849275 2.3726023595965597
1.3588251114750858 0.08189721867034781 1.9100569543110235 0.2387521429415197 0.6531389532195248 2.6162345619259595
1.3000786737503267 0.09670546862916465 1.68232204944458 0.26428995275343153 0.6194889631183749 2.1561532870211844
1.3388680133097464 0.07402180678281663 1.662353597262578 0.33656399186697505 0.4717904217325141 2.425589938270073
1.3417152129959533 0.06613285437962681 1.6202635905603788 0.2577206506689474 0.8761710671558394 2.8573574830238955
1.3691808143606852 0.0948433568068067 1.8259257809648695 0.4530966915990613 0.829919213402028 2.7189905325262647
1.371960163170927 0.058275532229785904 1.6573255900341772 0.2949105085693825 0.6920783057912276 2.6068755112136097
1.3246195308983566 0.09170173658113717 1.597324640095524 0.37841189311210865 0.6153687715029502 2.68997185438997
1.3443481247652906 0.08544116126474939 1.7392328724705877 0.46970654432364567 0.7093280591818505 2.5400692552900277
1.3635499197863994 0.09177203435005017 1.9984519421782778 0.1709366485655406 0.9251360223837989 2.579118134665159
1.3804793148122578 0.12775785688444802 1.8194707147620446 0.28737461194343067 0.7872277007157741 2.199188417846771
1.3839645552754984 0.08060741616973399 1.549858119781884 0.23113318000457622 0.6980633550811143 2.4313619141160654
1.3042569287812555 0.05477728509693542 1.7077612926361148 0.2515696511765652 0.5352660626059929 2.671891734574351
1.3354636744846387 0.11296091664355434 1.5652261776928644 0.30342552301853126 0.755355777925745 2.170956835860261
1.3559256756014906 0.11195791076914713 1.9423871194433797 0.34450414747429475 0.8168786999164666 2.434669051969267
1.3226728403465828 0.10351959332055326 1.599441939903234 0.23457267598295184 0.7048702544145521 2.0253703133233376
1.3201813666953979 0.06418854548201217 1.8270570677405988 0.34573405161572246 0.6835543089281496 2.7995288547022956
1.3852457053762486 0.10217483517799905 1.6354819860212926 0.3204958022859096 0.6303057537344692 2.712429980652857
1.3202347281544162 0.07293397786989701 1.5567868047345645 0.23166400643533738 0.35296611164153213 2.3897632336039822
1.3382725818083292 0.03641035240303575 1.5192335584066048 0.280243206965867 0.5934528243656363 2.7193808865603257
1.3949783896697654 0.12456451678268658 1.8702444552696935 0.2480719225617108 0.8298800848503548 2.1925734962377685
1.3998370707438077 0.09860147619390186 1.7581850319397683 0.25986469615770263 0.8511310523750533 2.6828518586588017
1.3741213532028063 0.07953267230085384 1.886944094222641 0.32852820068346084 0.8520894207757921 2.354837924653383
1.3597857372209363 0.09867106311585323 1.6230999726157687 0.4442378409639159 0.7798802946732142 2.2292840549508712
1.3474943584409331 0.10754236375763673 1.8491315519646294 0.1813070319850529 0.9350359648879856 2.0966846796842207
1.3429717117952258 0.1255021422410269 1.7671434559484251 0.2113809160828326 0.8829682990138319 2.3550767931283265
1.3764841958673446 0.08493831900303074 1.674878412145914 0.39255686536308854 0.6673344323648865 2.6570471715758877
1.377525413238875 0.09861298334709981 1.8509015410753118 0.08495715028872344 0.7294142269433204 2.123408699323699
1.3734872134237406 0.12108802958431665 1.8188488813499313 0.34298812296334463 0.8170739791444018 2.8375580690732827
1.3706680820698174 0.0958584494698445 1.708841207241726 0.34189306950027815 0.8952144397981836 2.73636790292751
1.3483480376138615 0.1260683911521629 1.6745575798072152 0.20662086805440852 0.719245937954858 2.15490778224793
1.3795142572729333 0.11209291176566896 1.6004859713119957 0.2779455625110661 0.627648995798069 2.3648987265124584
1.3890362336188087 0.09393827382853609 1.6375372222006475 0.29007024582056523 0.6596383174993575 2.1004387576666157
1.37932703307864 0.11422986286317828 1.9844602290727207 0.15801457284195503 0.7889422017312065 2.7987464907949935
1.361591332807804 0.0775844440409041 1.7848011994997268 0.33406824528161383 0.6020008801249073 2.3143713327126556
1.3524812416395267 0.0632975271334348 1.7569613330433769 0.3162719417898223 0.8517517422345685 2.2796059648196048
1.3315198380082363 0.10268874309970338 1.834841730739139 0.24448060276754416 0.9020237701732844 2.337219713134559
1.3227100776249974 0.08194365803197277 1.5917394418693878 0.24725363597048486 0.4054987496930608 2.459975572275524
1.3451772334906247 0.07294799266395452 1.5227846136652166 0.3717554689434634 0.7134202044772049 2.0525760788859593
1.3796376795641137 0.11371910052279473 1.8386407068274848 0.2971420800467882 0.9036492340799949 2.360910005315538
1.3054728157929456 0.05491008367289992 1.5024046453062598 0.27719018811880436 0.4639510858760489 2.6733417289872152
1.325433685110716 0.047620276390385394 1.598678680819415 0.34420209037997684 0.5320190183015008 2.5357869359773755
1.3696184314583524 0.07764012666680109 1.6179290262033055 0.19592239764112496 0.8361741447954312 2.3352873099224682
1.3760918416881887 0.07631974302107541 1.5179527916381295 0.3405639525034164 0.699116521938546 2.7335692165894776
1.309495366412713 0.09745462898944622 1.5455969939954755 0.25640879334887956 0.6121518262751735 2.2674590659345495
1.3616827987190918 0.11805427750987632 1.7254927140138712 0.34076151611031036 0.739066315550664 2.145166313069037
1.3715560368070456 0.10793718493500487 1.9472134643195154 0.09596719664278594 0.9569609081584699 2.85230911144499
1.3966159591454759 0.09396062042618325 1.884766987772855 0.2280624185422083 0.8351763885814798 2.2109241792490795
1.3079206909008017 0.09784038991483886 1.5860460678929877 0.21684082075306318 0.5530928912768727 2.6696850924824007
1.3781860076664119 0.09219998632436079 1.877298299559943 0.3680557805495151 0.8399960049051485 2.231363261636025
1.3006556709692725 0.06300667729721147 1.5302014992187782 0.22113916321287874 0.4004690036688713 2.484781366586644
1.367920419573454 0.12163501582957077 1.836961023593077 0.3054594477375311 0.7773028602345924 2.5000420811780586
1.3939061534106636 0.09829712459276653 1.7883233854160885 0.18487475260942907 0.7237154175055353 2.50644137928688
1.3417559546346198 0.09281226284214572 1.562456029151459 0.324674589484783 0.5234536054809822 2.32981761609763
1.3693216479820407 0.08497501409326624 1.5565361121479673 0.3044815101325973 0.5130076066644332 2.6798712056240674
1.3696010820116975 0.08649985512103214 1.7999607588689948 0.4227511871738867 0.7587673934344993 2.4749171211488017
1.3623849710894569 0.10314754984942823 1.5385311477008994 0.31126670298373815 0.5963569468679994 2.807480609516602
1.3169056093803218 0.10173704343104531 1.6591213828989981 0.2580186931474474 0.8216808182721451 2.631433773909772
1.3979370880318398 0.10291162882649144 1.7082441071985783 0.24034646593318515 0.8316822755424776 2.181996004236994
1.30277286695046 0.08307585049849585 1.5392828757285124 0.27658633112532427 0.5882902699862897 2.5699424327113185
1.3629131370315186 0.09192893857627545 1.5168776819542522 0.2724158841621789 0.5096499984811003 2.482327416119259
1.3793963167759071 0.10066133381311244 1.9568092275198925 0.2601083122110676 0.9042854372506646 2.231089281181009
1.3334782412389425 0.08369074710045839 1.4769249256141825 0.34031767576802446 0.6837236593521774 2.8449209350649385
1.366418513081434 0.07028698163094226 1.6831661586625957 0.391884519189847 0.7708193794624739 2.343456428634096
1.3124480526965534 0.06368431708142723 1.7603280585292218 0.22968763000469886 0.5588575205358975 2.3418243780326264
1.3128791120207302 0.05729089796114918 1.4987229626513874 0.2932124406422968 0.6303167598612257 2.484185253595539
1.3694584736237725 0.09505337957487807 1.9403642807323949 0.34879523215807634 0.7991339820653528 2.2432087527878672
1.367764207800308 0.08707184356016176 1.5715978488451614 0.4005521978630111 0.6917418924299419 2.2128102426010687
1.347815823145862 0.04545232664606219 1.562190465014631 0.2810606262555569 0.42129166139541147 2.1481001910122517
1.3567530351809367 0.09457100814590262 1.9160907778584728 0.1554939073680188 0.9426247649487777 2.5227523818324227
1.346269141557405 0.07435175592058112 1.9429653181326252 0.22699230393326542 0.8516292845960522 2.086167030633203
1.3829240294432004 0.10143505654603767 1.9179521325814486 0.16491916605138277 0.736042127877953 2.266452942707282
1.3506018314788426 0.07002379160672391 1.7847141568985998 0.09714617234277144 0.8438914519270785 2.7132434784461
1.3543129189720013 0.10853886090627861 1.7421453307116026 0.3901925802590225 0.8141752725248032 2.899165698244281
1.3870269152491126 0.08818977579021066 1.6909817028681926 0.26642179248760745 0.8283582072895942 2.0902415377103316
1.3279554026732954 0.045665865610840635 1.578132333794457 0.18736018385846612 0.5323539108809918 2.4025831673461555
1.3548885126069752 0.06556678503142473 1.8077721944802203 0.17410969092254955 0.8257506282825569 2.0116941094908363
1.3471829782223737 0.09078230234624941 1.8870470725309412 0.3746783932335178 0.8523000522126557 2.8969778742801404
1.3530958843723333 0.062003666520436936 1.796834668557032 0.13600665681275823 0.6944091724820536 2.4716409932258117
1.3237016378702888 0.056093495278902054 1.6632634564887327 0.2748001225228129 0.449705279937141 2.2071416864072084
1.3618638174034148 0.10369464648799741 1.971286966516494 0.2879528576509564 0.7951086740218782 2.627715174920092
1.3306488488729518 0.07521417102484099 1.7497604242022355 0.40522779080622057 0.6631463049019757 2.4720012972322136
1.3436458531867468 0.11031320684291165 1.565720398218867 0.31018719245663806 0.6780034042750782 2.5535214881591606
1.3502527948492218 0.10992886040538728 1.7911467207687728 0.2216729884072047 0.8454064514789609 2.0169334818374227
1.327528601164111 0.08616713566768822 1.6131155919239608 0.3875742621705829 0.7649585276827567 2.6070816049683945
1.338894406968425 0.062259212297859794 1.8862953389688064 0.24052358880451866 0.8159111645803302 2.1700489958692173
1.3419560750964978 0.10083086348246974 1.6106525381842647 0.2838809480482318 0.5315204748892508 2.300089996945712
1.3155051975801877 0.09002146505433352 1.8825530745153642 0.1673436483740723 0.8114659395435906 2.1627694300435962
1.385813306867874 0.09407666569757912 1.7200891976996742 0.25137373828741844 0.6614117022831002 2.3880336592321503
1.3741665322371386 0.1116207265428216 1.7304716739296033 0.33457131360109815 0.8587826149276832 2.5313202936533585
1.3886664312609085 0.09923257840698443 1.648516621645014 0.3197983909904589 0.7912770738280105 2.6385401783271014
1.3283697154490086 0.0365547123694479 1.5003839566391606 0.25230384850596427 0.40884639587448124 2.1389691497034438
1.3312139991515926 0.07699955346284415 1.4723207298606744 0.24375545191400289 0.5097597470516962 2.4038081252516896
1.3031871511818491 0.08329231232485738 1.5461435648704969 0.2615717808326508 0.5731977363577683 2.6471554071909957
1.366073950437844 0.09670716129772786 1.6255096098248654 0.20805338018636763 0.5714873855612365 2.3962260578246877
1.3513560512520324 0.11635871848461361 1.7762458603775544 0.18732245529441435 0.894330379734937 2.073037018785842
1.3429599300854087 0.11270991846335765 1.7325656481299208 0.15369543912246383 0.7213801039607481 2.06718761758861
1.363937599356824 0.05577429874097527 1.616527334632744 0.2679597609744415 0.7042643360692245 2.3769537348626466
1.3218697581789371 0.05974994971851691 1.4712621960480052 0.2969733620298176 0.5822942756460893 2.5016868818133937
1.3380506479991385 0.051722243658436244 1.7548443482161695 0.2515579648860215 0.7248128642808217 2.269116710236552
1.3651363963498393 0.08562156757481777 1.7261483077764321 0.16917725489415195 0.9110658302838907 2.1575066042722724
1.3159339899068838 0.09281839877023296 1.7899975269217552 0.26356015309190256 0.8029907549831697 2.090415720101858
1.3512289902119112 0.06003989268664548 1.8023983259942717 0.2611970786027586 0.664287357635503 2.631981221507877
1.363789462816082 0.06747510215950074 1.492811644901563 0.25348796465911083 0.6605925177314202 2.734182415690102
1.3776607182669531 0.07771136017392404 1.755184578069519 0.15806110283245603 0.7314911330269432 2.062411990106737
1.344130565300926 0.05960749160198497 1.7202974693719393 0.2606694373073009 0.5290738252595312 2.530285736219353
1.309455639026114 0.08189428194974992 1.5198309551163587 0.2659630437034261 0.5765965469608844 2.37146336468299
1.3557211712172021 0.10020673482397482 1.5317780528550926 0.32697629144773577 0.7593488852325171 2.5537029366282455
1.3562978098279772 0.04932050440383233 1.628171959997836 0.25833511799838826 0.6125461852827292 2.483547654193533
1.3728349619839835 0.10215068173604251 1.6954208028861024 0.2822068075335173 0.8877935675268587 2.834193248107391
1.3429187436144598 0.07067481895203612 1.8652384380220035 0.12372390109381401 0.8860280186068177 2.3177732708446115
1.3652269350161457 0.05539276354419862 1.5657040218400442 0.2465190879882677 0.628895677690601 2.6160627229545526
1.3432551271512714 0.08938642046544479 1.6955362179009343 0.3705115686185111 0.8514203018301957 2.469364765901835
1.3036549284279764 0.06231231378344898 1.6151207050399459 0.30266078201903246 0.5806700800528372 2.8375366379612936
1.356993557657455 0.10962099743711061 1.722831213224408 0.28578718378067386 0.6435185745284673 2.602089763685697
1.3341897023713658 0.0709900732047582 1.825898627932039 0.38051002381653787 0.7598709807502476 2.205346950758995
1.3629205558678918 0.11866275546521576 1.8972684223584846 0.19874373412619065 0.9188304646656552 2.3784718233230704
1.3719512778006853 0.08118168878934855 1.5945689251501647 0.3751117650582104 0.7027426026894834 2.7520198248723187
1.3762889372748486 0.11251025089796732 1.6483675347749571 0.2853025989196502 0.8329219611650249 2.8959618823780024
1.356944111290174 0.09410865912593895 1.877284812570461 0.2340333160626967 0.9106116302291426 2.082294052536606
1.3838058409337062 0.08101555277604312 1.8954848355635328 0.17537881462300323 0.8551144380955676 2.3346822514315466
1.396455897263197 0.10340258322305279 1.893396244859052 0.21576975409740035 0.847085578983733 2.8850072835295064
1.3391186350924977 0.11819986313457397 1.702824618376916 0.2796440374877671 0.7666522247940668 2.1823139442225163
1.3082341577692587 0.07708933287274514 1.5848134928386324 0.31820328321393293 0.6209646349182578 2.63096687375832
1.3888843507779265 0.10405575021945819 1.7231877292675462 0.3062250558252139 0.7632013020883534 2.592808886095469
1.366202015678643 0.1111296082571008 1.7585527401841055 0.11888349042599658 0.7730964179856025 2.44872063033883
1.3841231181127664 0.08603737183690424 1.8149995641365324 0.2406746170702122 0.8770337764316937 2.875899406757613
1.331421617446466 0.07646883189663818 1.63527816525368 0.14512097894764017 0.7368388583998559 2.547927081061363
1.4013892922680933 0.11342638673475601 1.823948466976622 0.1777017670160338 0.8577182180217339 2.7393226958699404
1.3248694765432294 0.0648723047367387 1.7966478228876115 0.3005864224685007 0.8135025643359685 2.7803181696792905
1.3649692444090948 0.07420173737925784 1.8495179563273259 0.2371757399446744 0.681805074442878 2.7792482509183403
1.357296892285561 0.0915200346452915 1.5546392060551955 0.3614301314801855 0.7932890566663754 2.213483453054733
1.320505761195615 0.07175044555469536 1.6328053294848237 0.17686219167959785 0.5015272865504302 2.3307929454879823
1.3230417699605335 0.07989399875028887 1.5858365776284158 0.1764721036800287 0.7357017675892091 2.4551318260803283
1.3132754655718868 0.06433932986138383 1.5169094279581024 0.30280474523051387 0.5509542584710899 2.2304913131479194
1.328410691620767 0.059303239095891844 1.6239132597409998 0.16999665270967382 0.5553959842391973 2.0736429778086087
1.3629243374752358 0.10377994938621635 1.7249707460527144 0.254917483884846 0.8996243277753152 2.2009679741690573
1.3705317182765433 0.06991215458491949 1.527426702085751 0.24365561353282067 0.6268118310716655 2.2921482556011945
1.3736125181284746 0.06866006302037861 1.7273821799778433 0.2668127079635946 0.7494826219684637 2.6676156992533846
1.361291580454805 0.07831257457917407 1.9556048108928903 0.24886348266606695 0.8191660442333188 2.5030580529478637
1.3550886993811937 0.10807034404646192 1.574519241948773 0.2495632902546466 0.7708558047329884 2.8286196767760945
1.3462722943164422 0.0554317230913968 1.7481171974219665 0.22707626047475615 0.7874045672151286 2.7472812674175904
1.3212025915364827 0.09849273724253639 1.7850246167445913 0.1242381243382027 0.8319607654156564 2.0727715426146407
1.3724839769689745 0.09577776921694786 1.7472609682691234 0.11682085309980467 0.8590052408805159 2.3775406038756643
1.3333851108588721 0.06839147115133834 1.5885715941001326 0.34836707076851564 0.7921698015190873 2.513919014935201
1.351398698387467 0.09234435647711527 1.8371094340436702 0.3241979111030672 0.6795153974534789 2.5583521822411925
1.3598855974999564 0.08371360216506823 1.675352675734071 0.4051271499427214 0.7163045694368881 2.1529504226826304
1.3901832542438108 0.1130202763734785 1.8723990008520275 0.23553743103619343 0.829218197775453 2.4022777541848233
1.3066588960932075 0.09144639960861152 1.6307707345077689 0.25184312093584577 0.7315411974957796 2.563512775488541
1.3010165669059297 0.05603567908146882 1.5883814126426192 0.26208512349404767 0.5399389530187069 2.3181603734129164
1.3589006566239097 0.09071010223203639 1.7258304188319933 0.1290036682700903 0.6878080600422777 2.65838613991868
1.3441521802678527 0.07170962762482648 1.5675123517255536 0.4003368336263267 0.6880415024561206 2.350832123889507
1.346880881416543 0.10003753832823342 1.7094635054378187 0.22039836231090892 0.629295071369543 2.047664200267882
1.3375590114271723 0.05225068527574047 1.7378566369352029 0.26087968047575605 0.7247022847254694 2.8467549172716007
1.357597271815663 0.06370729605103474 1.8160627162168597 0.24896262210099554 0.8179355079362638 2.5519283539953594
1.3630911255217817 0.08546121166559403 1.970940745974573 0.24530270509893426 0.8508757623716493 2.59951291042177
1.3010985226305292 0.06760969950943051 1.7141997081869862 0.19798037895034562 0.6285754340490929 2.4550282313272636
1.3752040129381486 0.13422584649129343 1.912754226452627 0.06356570998388617 0.8698215056368501 2.732574521947745
1.3493393285264257 0.08706208007221213 1.9014577725913746 0.3368126699612045 0.8433258163334821 2.3764991235227804
1.3340798175330684 0.07711221452183642 1.851427731462087 0.2469941839415507 0.638740181108594 2.5116927555173585
1.3398514646252921 0.046812198784695974 1.6303031263687604 0.2643816071358207 0.6809619320599681 2.8096264114173914
1.3505721150705225 0.10634633378172384 1.5993493744314482 0.20565027783169249 0.674508525798542 2.572855677731611
1.3829642390845263 0.0804129388892447 1.687141776050511 0.2740982559964576 0.7227199874179095 2.4192802749304887
1.2960935128828317 0.07225170387336378 1.6364563521249922 0.2030567832895374 0.6266232267179603 2.3841576042928234
1.3473912206768144 0.09688432289073395 1.888121202165618 0.30588099322887596 0.7401377410860693 2.23142273332986
1.378209962974327 0.10254753919342567 1.914651031904326 0.12101047429783877 0.7560019666422054 2.731882558636901
1.3409800829048972 0.063589215125948 1.5658994759581706 0.3813475286428626 0.6760800956775198 2.5544932195297325
1.350988358400253 0.10345996780035557 1.865073185877658 0.3142767511908604 0.8380346687843844 2.143677850127924
1.3727519831557284 0.09337292356715438 1.7900058334620432 0.3660830688428528 0.7945975691958422 2.2530385219985254
1.3496460413988063 0.061072234421813594 1.4848729011619453 0.30314466632127524 0.6566078830384001 2.8414627639086953
1.3322393852177268 0.055500528958744084 1.601816249715506 0.1743393486190892 0.6089459530889704 2.678864861004802
1.3626681358228945 0.09007806220522631 1.881450436029204 0.3423443830886059 0.7614500461774059 2.6454311242849675
1.3311779449998042 0.04911945717581869 1.6327132784570626 0.3063234992828509 0.656359476241845 2.134887456176502
1.332682408686339 0.04164906629880537 1.5612991167872496 0.24123193945787183 0.42033127744494914 2.3538155742566698
1.31941328241076 0.05135043603206096 1.686151957260195 0.2448686085073494 0.5404420970093639 2.895172973924525
1.321384678537818 0.06212818015440563 1.5034472890571178 0.2606926132167086 0.4410304058063038 2.165460092815567
1.3640894796837844 0.10306328329712816 1.6283608442003685 0.2598564160176948 0.5977345107804433 2.8095215337081196
1.3529690529234417 0.06089625193892675 1.6038352441796087 0.24227927026748258 0.746703589945108 2.0473993321955346
1.3492343262219872 0.08471218442143776 1.5755370596703888 0.26039737806504615 0.8378587459873942 2.6256058191851936
1.3746015545485575 0.07026686646282963 1.6683004950695248 0.26454158228835517 0.662982905962167 2.8935211300207913
1.3601116886544429 0.10992777353097082 1.6560312866918894 0.3271043784734939 0.7306169753775403 2.6409844375204505
1.3296742394050913 0.08711733731747356 1.9036382935039038 0.14351422108835454 0.7769091545452814 2.162617641864672
1.3267567295085907 0.09934820050191459 1.7808260015058828 0.3043402217160715 0.7257379172514783 2.6908798255491537
1.3146301485181495 0.07832716659229162 1.6226485272131046 0.19365675240360777 0.5079183410032228 2.44185630264238
1.3331392419931491 0.10887354756271868 1.6346869541416718 0.21079659301008605 0.7592238675382248 2.5544069535549516
1.357003814913945 0.09644146318023192 1.6829681950692357 0.16568997261258872 0.8666556930106242 2.457157462016567
1.3171865934927935 0.07076009317778345 1.538930702827305 0.2815819437960379 0.7237226607460086 2.243839462654681
1.3863591556438968 0.13381819000281356 1.8825514088000563 0.0994425974654095 0.8861368816161124 2.65283301443675
1.3540550743698843 0.09090614311184894 1.515089106534417 0.32082828119613954 0.6990005711582857 2.432809625294577
1.3118669374207137 0.0596330357338338 1.6906778028837728 0.2142380350762136 0.5299577466737846 2.4723171510431188
1.3155783047504488 0.0937188910121791 1.8066670667332132 0.2395406227144239 0.7193919666047054 2.7191813996427294
1.3361088895452373 0.09888674568417614 1.93543312423708 0.16079378930467797 0.8646034765202157 2.2523671198173156
1.326741512885428 0.0595299736091821 1.5757070322500624 0.3517079534314367 0.6525373854098675 2.6784705858371574
1.3243740567626878 0.06565528008165837 1.511207460653509 0.3173374035683315 0.6671726253585727 2.531753743506377
1.3262973781884002 0.08252992838641234 1.5299437671774403 0.2583705528536441 0.48843936738465166 2.313079376169997
1.3069547586272483 0.06797910243606134 1.7040245597697976 0.1595398445922779 0.6765096071604406 2.4908596126647042
1.350888575074092 0.09792873398451021 1.6673168913454122 0.369968534664727 0.7091025753409764 2.2314971651095927
1.334916429666317 0.07167811833800265 1.9126231909282958 0.23852504821965273 0.7625312586304537 2.5071360741105804
1.345391529150006 0.07056353114530738 1.92097617333817 0.19823638886598982 0.830815848685252 2.2424107900721943
1.3706303714489794 0.08509354484991208 1.9214919413809732 0.21858770501497105 0.8871818269845008 2.412820245078628
1.3409734538267117 0.07322858617516799 1.885624390030334 0.23132027910060735 0.8523688407490388 2.089144628289411
1.354056056012008 0.11083986716212396 1.8972051563979933 0.2508709143411121 0.8691618515601465 2.6465383422276085
1.365994600797538 0.08204300156378264 1.540327664812142 0.3197325524233608 0.7513106209936062 2.6923834061440037
1.326275620042809 0.06386019381788367 1.4805203165770284 0.27520364019801785 0.6034674367334705 2.4030351578599944
1.3078786717606836 0.07628440662167453 1.6001241294093616 0.18229993996127364 0.6122429194627653 2.713295222996508
1.3591095795866954 0.09476770520493742 1.6856400439637822 0.17735472214634748 0.6519860300845773 2.061813286241252
1.3398636699498956 0.09523212630462595 1.5512765039139187 0.27882689215474055 0.5689880948491669 2.703148754364241
1.3533230795889573 0.099308216497763 1.918659506291279 0.15941916851326307 0.9238091686568085 2.695601546433127
1.3217116359856589 0.1012650965926819 1.7270348727420217 0.1923790743658318 0.6583724755378871 2.7671540761184463
1.3799963616193605 0.09002282456805202 1.5891783530181178 0.26020385526752554 0.6813715271221319 2.684013445415906
1.372394036506977 0.10395408304575005 1.6214404431281233 0.3172606784907632 0.7468644647571074 2.758043249641926
1.3661954615068475 0.10270082392619641 1.6742808101213829 0.23145101580661903 0.6264144693567527 2.5073400860984485
1.350037594482051 0.05415735680366186 1.4946481886450687 0.27507719677621867 0.55592692956509 2.7102914499937065
1.3555261173013966 0.061094497508636186 1.498243994483873 0.25617944222329264 0.6176656760621184 2.736561490122364
1.3816781092064616 0.1117518032001734 1.7885388935633997 0.22538523045977651 0.8018321390706044 2.0882358720620573
1.38486552058306 0.08623685631804405 1.7943841880402696 0.14786930938890624 0.7720419035824978 2.10467687220418
1.3818541479520667 0.11516161306766612 1.8490128324403705 0.22170166344531805 0.7979470802849389 2.8322408570103152
1.350050317160333 0.1047981712083107 1.6857556687330149 0.2911251497035636 0.6401374110745729 2.2839885863250178
1.3777779813870468 0.0958330165451476 1.658096905950193 0.19682005398134414 0.8067819821798821 2.8252856693151127
1.356035143094275 0.11464167900182062 1.6727243955680096 0.28387906170618676 0.7366066746043636 2.662642796198379
1.329967272929839 0.09979296344319624 1.709260435226584 0.1876892256188772 0.6291503120639849 2.26813547386569
1.3386871345182227 0.0822766505512011 1.5290018144097437 0.3207248946247807 0.7520525864841272 2.459416269735663
1.338491014676148 0.08506192739228276 1.878573641409143 0.14083151657621137 0.7091053208203836 2.3341827215118682
1.3227334060967468 0.07185402984941926 1.5294221624428328 0.21579610364460156 0.6825285005182927 2.394824738001579
1.3860041630088107 0.1206386342783357 1.8340503627787355 0.14893976653539845 0.8086416382709252 2.8015367059647387
1.3325479723791434 0.07126874038595404 1.7119000253226195 0.12652512370620211 0.6986737489989994 2.4823785261983025
1.3736797039292232 0.08012397893322516 1.6717257628164992 0.2809152061943431 0.827000191565607 2.466798797213585
1.345043759862435 0.07811089511047063 1.5370206922857634 0.20248064870737217 0.5892279989130341 2.4093775965734414
1.3473064373239652 0.12165230911968809 1.8724131853315313 0.11010134579606155 0.8589463164483251 2.0926890621562544
1.3640119716603183 0.0895317158069929 1.9047492385707154 0.1341681506179012 0.7378131639842713 2.8712813633821166
1.3499335496063019 0.06289807189056522 1.706175520295659 0.15968081887127328 0.6628447544755275 2.4507744731316015
1.329917317873854 0.05875354812351168 1.6385663352544486 0.21240314710524047 0.801789399454292 2.458162560639706
1.3561905790621327 0.10016746136737943 1.742343625571971 0.18064631790448912 0.6472196282838681 2.553145911021118
1.3273550636998168 0.11101424152032827 1.773710035087809 0.19915321300040775 0.7696151144677478 2.2202807163348317
1.350314993246252 0.0908921067047416 1.6596791948589034 0.360189364884065 0.8151055518370812 2.6367150716872096
1.351171437041522 0.0959855305550126 1.8736427166113945 0.26917046774701164 0.7202206239114733 2.3192483515018827
1.3319145399914096 0.05780466922884663 1.6704511597167409 0.1635453507145099 0.6283167579293446 2.4972150150515895
1.3460046863708879 0.07380572589023894 1.615768641432672 0.30033162191950774 0.8324862345087878 2.160225636045013
1.3230477261231974 0.08899294194933798 1.724300951123702 0.20398830372708865 0.5921191525070196 2.4953440343864934
1.3202950084489231 0.05659224514447002 1.6711844547812769 0.30389485573338 0.583525231341355 2.5475586238837846
1.379400062384656 0.1262361763574908 1.859649393883109 0.15333262457222113 0.8446647121245742 2.2006170616584155
1.3238532867463007 0.09512277065476986 1.7342703062525897 0.29620465657756767 0.6869099999307201 2.74769246378648
1.3430651278704218 0.07939782682596672 1.9020092072424708 0.1228135785770324 0.8521727430830776 2.181881432925038
1.3175476896195175 0.06765256545364949 1.5441669154966333 0.2374539130466853 0.7123396727862944 2.3622415509753476
1.3669876158157561 0.09185841408850826 1.618048532105749 0.24852200306854558 0.8333966880519401 2.4564423864994724
1.3118287834015256 0.07281223132007184 1.7486928237920898 0.1742660481146082 0.7965054121614049 2.08774225450252
1.352529263875283 0.08065100854304977 1.7971912291804064 0.36313312010429716 0.7157950857147038 2.6677541078308287
1.3418347585226742 0.09423235130086415 1.705037622907843 0.15709254586162047 0.7435351934826772 2.0187389512624603
1.3510585330920502 0.10533693184234152 1.5921337793794414 0.2784773162894893 0.7423434773862622 2.4612770953663503
1.344495973661171 0.10827560566649272 1.8878192303409436 0.10084319229232534 0.8036261000547616 2.269026426767229
1.3260619063048689 0.09298497741614564 1.5594470566187044 0.24505351846497328 0.6123302270893339 2.1374373691195045
1.372031155591337 0.10722272424374617 1.9183583815933751 0.164493920477547 0.9217415446108067 2.721492370703955
1.3780249464753305 0.09290088373837928 1.7355804237590235 0.21892574332385678 0.8765738162963287 2.446644384962706
1.3420999035776708 0.07198404266264592 1.514282352329639 0.22013141162078537 0.6406809192535389 2.1527629436842344
1.3641165271507805 0.07130202758086428 1.685742361645254 0.2581921142324412 0.5946800673972996 2.3064229660634554
1.3421434104735677 0.11194602656173373 1.9008790327827092 0.10380323126028163 0.8719313047380983 2.1865265743496303
1.3382176799046221 0.09935189402318836 1.6543956800620478 0.1725682186537698 0.7671393752181493 2.819017272837752
1.3501585257064723 0.09744350948365155 1.779707546835584 0.12878923561833175 0.6921272819751185 2.775071202983534
1.3627235161832152 0.1171727894478097 1.889634494471149 0.19070999127303165 0.8905993626373815 2.3530569261270196
1.3768493629846947 0.10811089038465199 1.8667443478593349 0.09845896193936123 0.7752966714603817 2.688439325113065
1.3609647605366972 0.10443151658704182 1.6059844257710068 0.25755115101338455 0.7830667492333269 2.354802299139844
1.3214400479602966 0.060153823934641415 1.7523027057782543 0.2890537131912829 0.7140579876719488 2.343848108507903
1.3259545768382566 0.0748911233076676 1.5905714688350576 0.3475518961686025 0.6512629976464152 2.365783154961563
1.3650346376621925 0.07159890109077925 1.5446544878645911 0.2910392201191931 0.675060056407948 2.1572949973744873
1.3585547952232373 0.10473427468034324 1.591672669254349 0.26235405225945724 0.6907453563171021 2.1969622324107356
1.3763131898024694 0.10401789572562342 1.817134410427747 0.2875446704394579 0.8260008272514908 2.233136326531289
1.3478336392205525 0.09985611175693855 1.6495385606745483 0.3339033598843149 0.7764645654446812 2.72371522172121
1.332824465311271 0.07501494090942284 1.7410004295183876 0.12189294457455142 0.7029252595894082 2.2784626048547127
1.3421937779877637 0.06691378019928117 1.5109094572109067 0.31132584374347383 0.6962257066440383 2.266327335768584
1.3337129971194448 0.07893235513266939 1.6099581051209155 0.3181895645974747 0.550844586835984 2.897814248387178
1.3673650090760054 0.11084086288492033 1.9182034954786285 0.05578682762250067 0.8647111762423831 2.062490137272343
1.358864539535662 0.08563348735262394 1.5996221706235003 0.35346504710194376 0.7681729166512251 2.5401884270655293
1.3504436414812093 0.08779242924409499 1.7886347560982738 0.333985388492647 0.6854966758114924 2.499124006172501
1.3454373989819977 0.05090343660470766 1.5637227244508205 0.25340604859609833 0.6588541785361066 2.5256752897610784
1.3415528819198068 0.08747947382806553 1.5551308213894157 0.2190672300804089 0.5546445163118033 2.2284273694849395
1.3228133453780495 0.0724578006910334 1.5208899737943171 0.23490726976217036 0.6032315096058906 2.0865921658313877
1.3922647446879348 0.10476057197693982 1.8243573091604928 0.14602635795651536 0.8115429058834001 2.8763701526840983
1.3354460797141128 0.07155741176772423 1.7033925796500535 0.3562147763940301 0.6338057814780909 2.6908315217419028
1.3081223681326115 0.0831882585722817 1.6372298201055 0.2686867218486459 0.6808416339389516 2.2289913715045184
1.3738961750487841 0.09579165969757955 1.8575301533383046 0.2836845298961335 0.8330757803278309 2.1727061658583806
1.3561956113420062 0.07433591156002975 1.6622002842179446 0.21734860659947855 0.5530882483762518 2.343253769413883
1.3591625276997326 0.07483707039056482 1.553153525077955 0.32761109345694983 0.625044345856867 2.3397790809562977
1.361308366224098 0.10018604571049455 1.6248938126085113 0.21427988148610186 0.799769513980162 2.893125120417269
1.3575931571666708 0.1008619892211342 1.6276690843407917 0.23936379440684888 0.6636005797444858 2.074875349041128
1.3707723924204682 0.09703110202007155 1.7277566443605297 0.23288846044640787 0.6981477241957085 2.0728013826003147
1.3572521164716775 0.06997665233466198 1.5369146857321876 0.2788887244357114 0.7346536635506219 2.741725129842582
1.336548713961318 0.09379595303107946 1.7563629428736536 0.2840088153321928 0.6786804045197355 2.0907968434257223
1.3543448581383883 0.06881435539714524 1.6402214696120918 0.36174450172868944 0.6758475107633464 2.4430837276297135
1.358524946066784 0.096391538258163 1.638438830032633 0.18312888466044208 0.6996953653063135 2.318763806810843
1.3473542780336782 0.05769283055030289 1.726719666141511 0.2036779350113435 0.7762599687762718 2.3165084922120847
1.335065333444997 0.08883808808316099 1.817290790462876 0.2815458533450121 0.6857556651243009 2.1564242557787616
1.3770579362325217 0.10231196026801005 1.7957412572371183 0.21161476799134749 0.7257432478465318 2.576160054105182
1.3573956782368148 0.11938248963272402 1.7930139956018345 0.16135524858803052 0.8638857752743437 2.4797240425677383
1.357805521781607 0.07293153404368607 1.5817675646733316 0.3490721873827898 0.6622564027724418 2.346046844477073
1.3370585921562754 0.08972198839106925 1.5622429288066844 0.3109265564798131 0.7368224010131257 2.6813384540913643
1.3596780011240015 0.10048771900472234 1.704876959772069 0.16161976151816593 0.7072613031862177 2.7391713630497514
1.3347936559421167 0.062284624555921264 1.805869929787457 0.28539679210091384 0.7168470056261405 2.1834614096152674
1.33820134332056 0.05568812393725851 1.4969279665187694 0.270233061217144 0.5781225244988397 2.485488328978498
1.316805104472904 0.09375017256251288 1.7290186428432985 0.21443222749821772 0.6567797764027975 2.6549429482186753
1.3418430123766918 0.06017218675473874 1.6963651523880834 0.21888602831266407 0.8240123772879243 2.572967518282087
1.320215564264898 0.0930127489602011 1.7407391097905216 0.2396002219987178 0.82228760566252 2.772284558789513
1.3042050261464804 0.07665342425030779 1.6145896314442654 0.22966883464857948 0.6803614079026347 2.228884391185468
1.335519779068481 0.09421758536663687 1.7879431253815523 0.312549825516389 0.7902158645914585 2.1481500975682484
1.3378726294303298 0.07440993070158552 1.565270828336934 0.19169548504688388 0.7003677057316453 2.8132784831447872
1.3248276966359667 0.06815230083230242 1.7280799031306362 0.33361725065422226 0.7379886143739242 2.8001444445637507
1.3840986817610268 0.11227759437313961 1.8743540909443266 0.18507768073922937 0.8877691887314239 2.2921807814671635
1.3421736235566617 0.10043835819776162 1.7791377831113544 0.28255503018743655 0.6964799665528987 2.472022000078118
1.3135150355244 0.06367912370354419 1.725239083451953 0.2722437710610864 0.6378968956361577 2.6764931400704963
1.3434353886263095 0.08171343517714633 1.5775025647110676 0.22220259352333052 0.7946346643837889 2.8887157198197757
1.33721506824682 0.07471406387916145 1.5709083813288598 0.300912105261333 0.5429311585525226 2.1012936514346237
1.3612000846888295 0.09191999598930933 1.8436306260788216 0.3221914149112841 0.8283577898824488 2.359758597544677
1.3312915238980034 0.058285024752503474 1.6646343699597432 0.18734667255389578 0.5644624172578576 2.6504505474679805
1.3310849247754928 0.06819862909179435 1.6300025389047925 0.16525447648880398 0.7565737791899223 2.788905458922075
1.3723519054853246 0.10478234819938557 1.8579569363610933 0.25495457032990776 0.7897753814200773 2.8415057356132145
1.3473959678734133 0.09967279863410625 1.848890952558007 0.13808293151049233 0.7760494424122776 2.02870557614158
1.3495087867579936 0.10411611814019442 1.855136013771955 0.1633922080950551 0.7231214168240719 2.8716916460518638
1.3788381027798562 0.09712588333434682 1.7537226663686234 0.2809570747394441 0.7584198582419394 2.883591169691307
1.322763426042102 0.06989181176890114 1.7846890366823929 0.17367884510659615 0.8483274287385411 2.4541718447184198
1.3152375762598056 0.07858526292848284 1.6177997221087193 0.2965285867840529 0.6031701161483156 2.611416090310339
1.3487669708668684 0.07855457444123658 1.771041951502928 0.3296289999852523 0.658641581010759 2.3931459667459016
1.3312313525379171 0.06882992667200341 1.520918409291006 0.253239595176398 0.48041630359453136 2.514875205000887
1.3697453156993267 0.11552706526826877 1.8418181194487597 0.10094772578937503 0.8113403971979986 2.706063419768847
1.3331501213786845 0.07144372455422703 1.6054695347207808 0.2798339167415734 0.4886668415637729 2.4584808477833104
1.3337644682452323 0.05597947510251152 1.7025923495235986 0.1739673118400736 0.6916589651637663 2.1314050168279253
1.3513530459991818 0.07464332641778972 1.5335740913296108 0.31315657387263 0.6471692654249894 2.1207081756493085
1.3216955626318039 0.07238705115289322 1.6183105669913362 0.27713370090449146 0.7834644922196421 2.611775581403802
1.3184850532055645 0.07476698343433556 1.572164913746699 0.2639040252560687 0.7262407045170209 2.1458588027992826
1.346789644090396 0.09953459927171858 1.756400547308223 0.1935566065466774 0.6736793402813934 2.084278544069122
1.350262944930806 0.109389242759709 1.8155376052426953 0.23524992520223698 0.852344542576703 2.149001156401119
1.354149834347588 0.07487720219507296 1.7451751567857463 0.11873793893750823 0.7616707692607657 2.827554637255179
1.3356222007201428 0.04918232608256037 1.618178447205386 0.22241316811788803 0.6130013597399894 2.3545510006533177
1.323787075709172 0.09244407445055502 1.8069111637522863 0.13995839117189598 0.7382182694146444 2.623186150208131
1.3716191618216635 0.09068301742266949 1.6526825104628005 0.23819299078586187 0.6477517790419228 2.3541976216266383
1.3592369054663211 0.0754218098681675 1.6918264648880208 0.14812337409537893 0.7598364775175239 2.5262118146248307
1.3855701916352157 0.09774134444934834 1.8383474241654463 0.17822899252577035 0.7848896019676666 2.5441404396874745
1.346641713805822 0.08942433816648943 1.7546203521082986 0.26976296272452005 0.6249706243398379 2.2329158040556023
1.3540462541084786 0.0736386682477954 1.7796685621068624 0.12033633680307668 0.7178201278040919 2.568501886737056
1.3578342719489007 0.11133294989135736 1.8311109374660783 0.17174167982818922 0.8994217293262262 2.340197641295929
1.3617664035423775 0.08695614545310058 1.7932221323389737 0.2970359605061892 0.8584747623070682 2.6214486899320897
1.3592755858150611 0.11371200756517556 1.748710453074973 0.19033112864353258 0.7588045402799161 2.355563767444158
1.352135294724604 0.10554989710292913 1.9209857468378844 0.18465370144120397 0.8107233879704003 2.227203863245773
1.3411430326068756 0.0711434491854256 1.7651613918618603 0.3150276266888527 0.8061655513047136 2.126865545282471
1.3520683741517832 0.09862464683555705 1.8895528080255706 0.2066734260734292 0.7464558829408862 2.5863110375109204
1.3734569061936694 0.09778193538443267 1.6387107499385434 0.2312057393616517 0.7593446269756279 2.8902635693324217
1.3643720446527066 0.08826068298681547 1.5855209248538449 0.24131731653693378 0.614881573152998 2.499433108412221
1.3566338627194843 0.10154014874722561 1.8252879259130257 0.2975262187321113 0.785339682214138 2.75268689733673
1.3620755266608795 0.08745806843846081 1.811719976523773 0.3276727060562012 0.8067151588915548 2.670271429049171
1.3411312781129325 0.07348092661888518 1.7429664274568684 0.3234649160287062 0.8220063412572555 2.4332603530156867
1.3193911846553077 0.08745191305483739 1.8151657636585408 0.18304202115026508 0.72157565202482 2.4911175050368977
1.360451943989974 0.0776678917492525 1.802201572311101 0.18913198556211794 0.8935037038347207 2.438864322822009
1.3883777288812706 0.0981230354494484 1.8449081983780393 0.17286844048875613 0.8208422798660144 2.698570013628123
1.371682150031569 0.07953250504693944 1.8600884112102771 0.1275895653383799 0.7886925683276509 2.6619520375234704
1.3519744460245289 0.06899390256552902 1.5147004269165731 0.28392330182793074 0.6193596453112866 2.239998624176966
1.33895117156934 0.060265686435947353 1.5257741772212885 0.24679239020057142 0.4826493261399261 2.173050079815815
1.3497582358557958 0.08927646895441689 1.8251853282200587 0.31407276048634236 0.7307980025346044 2.3734849512906937
1.3556220593778 0.08632793041088552 1.7827613470740187 0.10954475042964563 0.8721137715185647 2.8181693878902156
1.3200189926887211 0.07130435827884275 1.7570675568143914 0.14644555155411318 0.8095790028061006 2.775877418618352
1.31591770410438 0.08083690106532242 1.647135149191298 0.2890372706268653 0.7266435246625451 2.558262903434465
1.3613009724763463 0.1051523169228076 1.8259922675087226 0.12255568591226221 0.7444246268244048 2.199909096705622
1.3373309868625454 0.06776724851849786 1.6231292418115892 0.34709072337296765 0.6535756481601391 2.1470657627102425
1.3394445678407874 0.10427906936171939 1.7654716995572124 0.27537614810826294 0.7649409675643039 2.558026883068012
1.3414003101153864 0.06541629803090802 1.5555366567565225 0.299273388451423 0.7391119450107004 2.541663466945365
1.3431485268443148 0.07938336188390785 1.8945702860796931 0.26699102185695367 0.7771863892163317 2.537955491834763
1.3243959343750284 0.07133641594472001 1.5545280411875897 0.2908122009195124 0.6869551075768917 2.1252305554624025
1.3659150450388204 0.10091292111183507 1.6299377644101103 0.22581136220795228 0.7359791650802132 2.5563410996170206
1.3802981863492938 0.09860754744273612 1.8014980351495695 0.172667990331878 0.8799934130031135 2.1072281705117155
1.341488088991482 0.10423687546931809 1.8469363654270148 0.19845882940078718 0.8734047899553969 2.657680776497113
1.3417132643385696 0.09959516246146141 1.9155516914073507 0.16376955928665934 0.8256000778016056 2.2363629055294547
1.3568363448137384 0.0947645539711377 1.885837703146861 0.21891120849664933 0.7419050351659384 2.440595167870173
1.3684416399567132 0.11037082068792566 1.7348830566927227 0.2259101302154899 0.8328349674180372 2.26507772064035
1.3359111585042736 0.09300744373867617 1.639305040694414 0.17891215052037876 0.6941972862332981 2.521930057254281
1.3055284059926717 0.06833066654170672 1.6037676364019822 0.24543420192480572 0.6075471304541873 2.5146523897188895
1.345872158830402 0.05951983141943358 1.7186198580838652 0.20327179091732447 0.7927158071029085 2.6729500722625024
1.352534583820243 0.06397036762694067 1.5529634365751885 0.24250326105718237 0.5265139303621847 2.528248786711434
1.369503244160814 0.07598539353080229 1.6764421433571912 0.260707913170609 0.6606922757257462 2.465754436085747
1.361338758790195 0.10417346063328914 1.7440915174894704 0.29086173716925756 0.7864187532658133 2.1539366390271626
1.363411263145224 0.11170320861890219 1.7810416890112506 0.23721179524904124 0.8393179254993834 2.279168888805969
1.3784309751875279 0.11585650060892613 1.8648002586457264 0.16117129928552443 0.825077859987135 2.169388423321599
1.3159557458160347 0.07643116047639541 1.7681200399620156 0.18175655035230479 0.8175435921949303 2.7107392886883273
1.3354510837949736 0.07304233365363173 1.574050905249866 0.24722575475234 0.783061596839412 2.8012600081516856
1.3533816612333183 0.07519221992221953 1.6223042158540961 0.2830598548814712 0.5488814046376146 2.808534574223615
1.3628760813120055 0.09274635662210164 1.716345038228328 0.17835274117312572 0.8720660010749023 2.886571498263332
1.3459004372051735 0.08697229577241165 1.6561013681562038 0.3311471754621522 0.6455918951344976 2.5353966432267745
1.3385227620553994 0.06843565297381188 1.8126383371389108 0.12147512369166175 0.7919113436939222 2.8722265912211142
1.3696712650027578 0.11132648611232505 1.7730213993045632 0.14496424463729413 0.8290714457400441 2.630052920815591
1.3887572973289757 0.10255817032895498 1.8905669978812227 0.09865829698435225 0.8463878663074362 2.277453244407816
1.326651547703819 0.04877007125627048 1.6185794582604704 0.2422958458558874 0.5722809924887955 2.530264325783558
1.3442534888960043 0.0651059666315805 1.5100109610582302 0.2513540601832453 0.6031447433000113 2.2097243986328308
1.3125609631263946 0.07993132458089092 1.6303814228265763 0.18876445390891278 0.6631778351745411 2.7755916511353043
1.3459215905232897 0.09128456900662661 1.7480327245105372 0.3407297960427509 0.7648827734041124 2.6221897136056893
1.3356625677036222 0.09494521211853456 1.8009957907219187 0.21420872017446516 0.8725519890933499 2.547762488650746
1.360988715104285 0.10387608195166739 1.8636233084108005 0.15267246025040074 0.9146691793547521 2.2847619811867945
1.3566275428509496 0.10497682495040297 1.7796395004820704 0.28507618647788235 0.8145764883097535 2.4781320343749247
1.3293743227852302 0.08990277898266981 1.8249033763981675 0.26262611650415946 0.8080013335562416 2.689647892125189
1.3431916377355049 0.10056123381148543 1.6881310169914037 0.2038714359161631 0.8371586884466856 2.302235082816401
1.3318065977839242 0.06250641855837254 1.6764074860951885 0.2884638172097249 0.7825629646437595 2.2734508374195235
1.371895962747424 0.11531784094802176 1.807403054454145 0.1489778157745768 0.8673359794786445 2.436668665527937
1.324173892488236 0.07644289905055235 1.7669471879096381 0.21022112076453628 0.7520113090497376 2.0327808673768466
1.312098187112651 0.07259278823390619 1.7264123627036514 0.22754301330066815 0.7735236227691072 2.766116700451811
1.3534014058071075 0.10817253857013762 1.7389816797045727 0.20583530661542382 0.8532646565338411 2.37577050121635
1.3589335090855152 0.0928498267106462 1.8454814380602909 0.25639089018751093 0.7288106880291627 2.1958172465207726
1.3513126411984069 0.08565642248681267 1.7502515316370317 0.29135692889616943 0.6439454854691474 2.2274996614696634
1.3175249229593256 0.07354842765069099 1.628671391750494 0.3040666680624427 0.6878918099344667 2.4976852796585156
1.336755036137294 0.08610518226728786 1.7077936341575057 0.28404294573961086 0.7393834633980875 2.050030662738972
1.3593554306980762 0.09920816325940507 1.7274251462822692 0.3103175519749858 0.7385806591713208 2.6305299722049975
1.3381014173897003 0.06489408793136639 1.5968903394342076 0.30146229758753484 0.5323909198133825 2.4089534218324307
1.3454141613054285 0.07511089639405694 1.519420173122214 0.2528276514575605 0.6579842435497905 2.8087474606532954
1.3539578784021962 0.08002141865743377 1.7851638146983722 0.3136418474439863 0.6943750765501012 2.518596771365819
1.3274305564699722 0.06896565084789538 1.5379708363795515 0.29514995113662656 0.5928708931014472 2.2399279000720007
1.3563150442317349 0.07736093315389382 1.5948356915362605 0.31264881661226995 0.6118540493615882 2.763849933213522
1.383399274606667 0.11256062957472165 1.8300348120840786 0.15763391423620712 0.852802188868471 2.79626059099605
1.3135969366893168 0.06215542507525948 1.6930813179495128 0.18060575810913163 0.6478581400084547 2.391795937705147
1.3389090970010704 0.09561493469334857 1.8334143677097723 0.2442607401727537 0.7267823087031398 2.464900633045775
1.3417962410741087 0.06626721786889227 1.7922107087275219 0.29376779423161026 0.6985619533417103 2.6876097894674995
1.3869208731328881 0.10907618592108036 1.8557962417195952 0.1188612714657092 0.8304685015884358 2.475923513594392
1.3454104197212273 0.10632228834832586 1.769061320766188 0.1613726115675866 0.7335349533352403 2.3976302962950897
1.3328950171799894 0.07678319818668242 1.7569956911842215 0.13543589721654464 0.6787582492928239 2.793111755515077
1.3221199383581426 0.08683497551135975 1.766251780647913 0.2005520475415646 0.8402188138840916 2.2651096728981983
1.338539125350029 0.08268509354475231 1.674942784409679 0.16632565677161215 0.632064314723818 2.5879921779642476
1.3475995325483061 0.10533162656055771 1.8593673996938085 0.12414456540718732 0.8953467729540113 2.7368347045164354
1.337289374752763 0.06610522333169638 1.8064422810779597 0.28719312059673446 0.74497077676058 2.480164827464788
1.3643943411767143 0.0935756976633043 1.8648877748789137 0.27209169710204034 0.8039068809116765 2.4360503360837025
1.329878258283253 0.09492147642372192 1.6286396956374376 0.21301228460618588 0.6515076076790584 2.1488247923594095
1.3456521800416046 0.09403330889171839 1.7051430705891746 0.14904875360708092 0.8099437942142145 2.4262202490578844
1.3357521721878673 0.08628548733942751 1.6960252777488742 0.321628077495201 0.7893419572033621 2.6690544107630965
1.329463845242789 0.0692822044288978 1.6363431433289817 0.19654011049598638 0.800491284561037 2.4159993521835426
1.3404536961148845 0.10256292549709677 1.7660832233346517 0.15837630890598664 0.7241794365075687 2.452673691739231
1.3848285756678957 0.1128919275973167 1.8864640672781334 0.14236284363375545 0.8692549590474161 2.2830253873964605
1.3845646674203835 0.10358778410569754 1.8072977263789387 0.1610174982838624 0.846945739923101 2.37333033915097
1.3647846171928242 0.0734891163027075 1.7074088827001375 0.28679540879062054 0.6968460551315692 2.8794687963310848
1.3452272914865566 0.10581449366201201 1.6678834784955807 0.23281806279657885 0.7401974512033392 2.3718929885761213
1.3591142519251473 0.07604177160825247 1.6801965175177564 0.2160947876322172 0.6126259297524164 2.19159201969937
1.3574250082648445 0.11695537547914461 1.864978968297986 0.11547145572309209 0.8535239653531924 2.2817443493264298
1.3321398595851979 0.07043935247698357 1.753332770688432 0.18978339579473352 0.6097534121043487 2.632899830899396
1.3448649069706993 0.08196206382504741 1.607395275403419 0.23555532281123187 0.8097753139329447 2.788514591250665
1.34405049946961 0.05807100839420039 1.7232857530693746 0.2449271316254863 0.7196353870770842 2.856263635160993
1.3640471316860934 0.08684396338950741 1.8728805459449482 0.2584320402800209 0.8159863798814933 2.806683570559491
1.3584226169978746 0.07458986291148682 1.7761252695419163 0.30355531463113744 0.7794965454971433 2.271625655338841
1.3419713205983899 0.08812481050524247 1.7830652806443736 0.31917277056989557 0.7821658672930061 2.873618662821036
1.3145055521296483 0.07599222749712341 1.6788180973471851 0.17370567653028354 0.7403339565529226 2.203645164810937
1.3749694317945458 0.10441908298749403 1.8579825409593398 0.20211931735910488 0.8699854733160653 2.5480105283378887
1.3594274223312086 0.08369038000206272 1.8146782798052032 0.3040878718518089 0.7668173184436129 2.357061141833104
1.3688727067826219 0.0832971300589077 1.8346173201480749 0.2531500468938253 0.8083173132193439 2.5256097975841487
1.3571095568012665 0.0869335164922761 1.6964041561224654 0.1782778764765458 0.8530661523884798 2.5808389428766576
1.3457509827061749 0.0653902394992895 1.6567702408640275 0.3285306093328397 0.7213195846672197 2.560535213887085
1.3669373228495414 0.0759169865481684 1.7370041975337038 0.24433942595839314 0.7002231697835739 2.5213398226632657
1.330354083479956 0.08798276041251606 1.6692042890150103 0.25340475605954726 0.5958053917629067 2.769138230768373
1.3478856215452077 0.0852085859151525 1.751171320835445 0.18486022661258028 0.8816504239653569 2.1067709729253403
1.3348113694892314 0.07223233656458752 1.7574516877811082 0.16442683270108546 0.8633942531091625 2.7410671424464557
1.3731963373058784 0.08840189210129505 1.6996743171025772 0.25533124193627 0.7217134642968976 2.4069844563483405
1.357827621500789 0.07436514374862907 1.7529993642673773 0.2920664618664779 0.8086602449420185 2.775886852758991
1.3438799348711181 0.07706655851943794 1.6728672028148832 0.17340022918280418 0.8304384090937297 2.3835077973779453
1.3405345422658297 0.09764698419012982 1.8653618076440686 0.12279557230659147 0.8693566795162184 2.6869112263053783
1.3261005554269472 0.06993943839201378 1.6959319261387265 0.29112505576268766 0.6032400336151439 2.5434733036866124
1.3544900869664656 0.0790238527895491 1.7871862438004658 0.2123278195800086 0.6562733373371495 2.679228212709263
1.3180861309275924 0.09003132371848657 1.757418810163323 0.19757264134105043 0.7277337681253325 2.8754824877528957
1.3124511398673948 0.07367797274763052 1.703850704951778 0.17590490167042103 0.7248710900660847 2.739616026440684
1.3646145978397504 0.08150404489072319 1.8747779816822403 0.21466330689874727 0.8447904756959959 2.309698716147856
1.3146460835453784 0.07687772131847807 1.5929094704410824 0.25278676743995704 0.6078713933618588 2.7287872390025365
1.3457073139711044 0.09238923306015268 1.8205341599972136 0.2913434952508809 0.7890861398840734 2.677161345032338
1.3827779100915938 0.09260873563845819 1.8522899896983396 0.1352163481123473 0.827629399540098 2.353089855629694
1.3463217926456308 0.0969957778423973 1.7724765752110145 0.15617433790155677 0.8548908106286185 2.0550345919615203
1.3427884849699367 0.08081638368736664 1.7208598567901645 0.34094401846609457 0.7312658428448972 2.8948786592029405
1.3315350402944115 0.06279612570482698 1.734361317836385 0.2523450685970931 0.7045737107298291 2.0714023594824633
1.3147287959437184 0.0779643074029822 1.6389688555143282 0.18960305860406781 0.6869906449953924 2.281520935880388
1.3671627446986032 0.09105548473533849 1.829714105199332 0.1888367525073925 0.724888950798917 2.334210763326178
1.3388782220644302 0.08529000356811269 1.8914736473837765 0.1890242777025432 0.8416994615633039 2.542154489522095
1.3257913117386924 0.07226365410868073 1.6278024097673043 0.21828159607815356 0.5252920881867156 2.265437866819871
1.3198384310846374 0.08201100547701669 1.7406623626408841 0.24229159069277256 0.768712211457812 2.1066006162516944
1.3620070646950895 0.09190174624865753 1.7437771996513625 0.13213039341852895 0.805296684922639 2.850674159628867
1.3391472615656457 0.06223315087309424 1.6611252388965536 0.20097732449421069 0.5958310806621577 2.1050019817156667
1.3496934281786275 0.09394640944232657 1.6479903047745816 0.2814093666695839 0.6518136554594708 2.4437149418123276
1.3630387274771352 0.09662141968524808 1.9040961103639984 0.09976147391475697 0.8496145979328895 2.751273542279355
1.322814600725823 0.09216281406744714 1.7837098885890956 0.1575954279677593 0.7756143867168643 2.7459865529424086
1.3541274570570994 0.06726665843673935 1.6830764200415742 0.2038100428015069 0.6429279966589307 2.241396844963
1.3475538555033533 0.09508709475025541 1.7332266160586778 0.2675680536627566 0.838965707521276 2.5618257674281377
1.3321811182973937 0.0819277436516026 1.6662210422991834 0.2899898477409086 0.6084922109903314 2.407012564345241
1.3399676802479719 0.05968864383873122 1.5828979703591552 0.2715897396127218 0.5337517366640507 2.3315239452754826
1.357754243062072 0.09805557522610492 1.7094856278056874 0.18263367355680032 0.7128258014997815 2.1573328843304997
1.3387573191148099 0.07850897677980684 1.7276555482107359 0.3048454831604962 0.810677007824781 2.7649390678519725
1.3229086388301712 0.08184856563892808 1.7517854192131452 0.16307311631036703 0.826965945334495 2.5808278683807666
1.374619340556754 0.09784846824770015 1.733793421682392 0.19855756621435422 0.7786233512594194 2.7847548215518447
1.3566661582503206 0.06667418845227698 1.791239935829069 0.18138674744800412 0.7850760221920475 2.463599519764978
1.3404698981356487 0.06540467414623995 1.8333503851196646 0.19084989522444928 0.771053388565497 2.88890798663582
1.3449657378405315 0.0656654118052617 1.6363566363151283 0.31679668437103453 0.7195307342396008 2.1942145583727184
1.3567646021941304 0.06929422311466205 1.6622831866703662 0.23655912675263502 0.6296068607935511 2.120529968170203
1.3646851149873247 0.10000766478360903 1.7020418356519675 0.26732757886086345 0.7805214791436373 2.6248015642399087
1.3483385921855815 0.09399826996833616 1.7110014141196226 0.30410187618326856 0.7857563654576 2.6789960915689948
1.3315728700045022 0.0661742655317967 1.6255501719581045 0.30727712609877195 0.5982275118795555 2.6911069018771556
1.366706773014382 0.08343095538886373 1.6565579973924671 0.2883643755205757 0.7282979136693971 2.483805811069129
1.3536317423352933 0.07519733349269933 1.5542743488043804 0.2749269444602607 0.6558144477663792 2.3605401352728252
1.3451158928531632 0.06469738091781219 1.5859125014915132 0.30147366420821503 0.60556671435699 2.7609265908042695
1.3658298844617498 0.09746957303122156 1.8095416744255237 0.20913084751944708 0.7373412361206536 2.4722375494824185
1.311502216717948 0.067854662577029 1.610721250204548 0.2181855949955745 0.6559058419724061 2.4281974566252793
1.3449096719220741 0.09616496548039982 1.7138371929371896 0.2603245502111843 0.6745110198082085 2.7777975016392324
1.3484450285975054 0.0812327115790705 1.5641404961580088 0.22908789206470706 0.6594951372645237 2.8007059028843395
1.370236753413486 0.07845916096285521 1.7419549977856699 0.19105443315262732 0.8020492026578634 2.6367941511332558
1.3583568995586919 0.08419293796872702 1.579495863660564 0.265115898123655 0.6990795125776799 2.388008143961949
1.3424756018385706 0.08352820744847941 1.689588410971217 0.24981357174147575 0.593321247974351 2.250449540167005
1.3629069125741151 0.07652849979289798 1.6576049095782046 0.25499975675138237 0.7508720411896921 2.09986113492815
1.343140890845677 0.07119775541321233 1.6512031952432618 0.2190383792124142 0.8201886269669406 2.297267263459217
1.357958386978398 0.09516799799188369 1.8731502402718498 0.1651426927530379 0.7533008660201765 2.253044691708868
1.3332826207935224 0.07306953123595845 1.5464763317361827 0.2563732103724221 0.5672364879803544 2.3098070144082214
1.3422803491469009 0.09897442034885796 1.7893432410168555 0.2368051474317039 0.8352023473231199 2.467627724902901
1.372438962691611 0.09824363872305386 1.7719458564538992 0.21059533479912793 0.8494434452917012 2.682608053075676
1.3197199760681266 0.08984757374800033 1.7445926961483238 0.2117359640415124 0.7629300088789184 2.6511303776162984
1.3660035150816257 0.09993008780403753 1.7639559388370067 0.23952195119305278 0.7480166029569192 2.860011628541417
1.3180227936159845 0.06775911420323735 1.5703848089782726 0.24036433897177592 0.5632727118216025 2.677657172839747
1.3230335688819561 0.06436076121214462 1.744401593288754 0.21559815096876556 0.6464520352754259 2.5648356927877116
1.3312695993604597 0.0680321316984294 1.56834115651615 0.29728442557050866 0.6629827261821748 2.4788356222685177
1.3214522120264185 0.07504452832752452 1.609417280680366 0.20533896715555622 0.5782563507045915 2.5352809601009936
1.3456204616391032 0.10297156404693104 1.8409511091446709 0.13017544554271368 0.8705846649035675 2.4660080910499724
1.3445719039652348 0.08354541006952998 1.73741280310416 0.2416978330640063 0.6268232694863491 2.1842077955026626
1.3536092698616697 0.0963431399814066 1.7712938323917915 0.2814925240605347 0.8099682739459121 2.256106532429422
1.3689437912273061 0.08583840628408303 1.6916174381414075 0.1992865953266096 0.73551343767696 2.550385280541395
1.345320499488699 0.08028476554830494 1.553708192524138 0.27181118768989093 0.6638272321422738 2.2837150772464008
1.359762849818579 0.09206647664644034 1.857449349779716 0.22099333204963034 0.8668369148582721 2.4892998823891777
1.3520313069815084 0.09350176025784823 1.6612774675501982 0.2884366535551804 0.7792153509472319 2.864646178507974
1.3249313701476095 0.05991662362021888 1.603858510276651 0.20236811418056766 0.6689912548215555 2.3561538455729147
1.3327847676215816 0.08288952874130717 1.754477867778444 0.17721876180611254 0.6509152868456841 2.615143036077197
1.342935687922444 0.08740795736967681 1.6704757394827459 0.3096169313653679 0.6845409230728843 2.622083970860111
1.3374419066680565 0.08615481590909453 1.6353793961363858 0.2351962979362362 0.8000039510478674 2.7213858672230407
1.3703825774403489 0.10199430764276324 1.8171552351664007 0.21625782955821923 0.8023366784637539 2.862888583535365
1.328959740548181 0.07342454481264128 1.6255089066534831 0.17854412613389634 0.6774121265875435 2.324059367706818
1.3443551936483058 0.08992329892614252 1.827072723639596 0.15223731448337594 0.8873708594070178 2.726702159389804
1.3256134778105702 0.054439310182743464 1.5920797038276726 0.24491037141809566 0.6146641720429097 2.4123984478246667
1.3625069965512386 0.10113194416866404 1.8434364764380897 0.2117539451853127 0.8601015630110753 2.5236763334177947
1.3684601271596009 0.1024443171022738 1.8221613101057033 0.18354044790863264 0.7723242775092451 2.523314286960349
1.3436932468395848 0.0970512460183178 1.674186056333311 0.24224529793301935 0.7957076553222561 2.3562339444002034
1.3604248181901015 0.10369566777985344 1.774629372824932 0.16228257603265514 0.7632730498943271 2.4921807443565216
1.3161928163327286 0.06313605507641547 1.605655699558341 0.25596366453927977 0.6306346076145585 2.361931807771584
1.3579879295133026 0.0950431398995532 1.7152414027857146 0.23954340406261113 0.8202724494339425 2.10942344247955
1.3418080342576584 0.08089206601358633 1.73259242773582 0.15171413484279492 0.6770689353800403 2.527092444014879
1.3314308643213746 0.08824160013766574 1.7483447301512842 0.26920651590409833 0.7046379643354547 2.7623007700771085
1.3200490295242515 0.08766660876885475 1.6815809961331118 0.23166485091902422 0.6866211789842195 2.6202209496310354
1.3454247968865758 0.08018507462113002 1.734548257326932 0.2677394653403135 0.6436214599873362 2.16038997857649
1.3282524086202512 0.07576900198832313 1.7284578097662329 0.2628528696656642 0.7382401840592056 2.075638812446307
1.3624502207592062 0.07604436216062671 1.7139018800052916 0.219718682604557 0.7285190277489678 2.0907037503511416
1.3509418599366745 0.09236761042216055 1.8447791002415355 0.15200359392732135 0.7480615481534195 2.0960015330427595
1.3321140277396961 0.07814395736081636 1.7224312298018822 0.3074891471108264 0.7309325752762135 2.6496884396314515
1.3437995967005723 0.08528030863905862 1.8631537889583591 0.17855051012320344 0.747182718117318 2.1480193296329477
1.3251752833211319 0.07047667921392838 1.6466007864135257 0.17582726334363374 0.6593527706163792 2.5728300625662595
1.3523123822758507 0.06510958055034766 1.6694661448785144 0.2551827404671573 0.7517632845469066 2.804617858912161
1.327079420413395 0.07981104796266818 1.5772905040234653 0.2460380890062415 0.6240627546711142 2.3080032763808913
1.3380922187949358 0.07530691375911558 1.7229017604111139 0.16176547848477238 0.6539200627393491 2.773761652120893
1.3148951995091591 0.08054373959013497 1.700061909459152 0.2046864961934215 0.710556272724585 2.6498156075181445
1.3226191796123425 0.06489927195250966 1.5850285009371223 0.2328103213818964 0.6846855953595209 2.2347495183440533
1.3245138530804246 0.07550453605669093 1.586874799743533 0.2199292465683517 0.5917796281297609 2.583456711102656
1.3691849469975876 0.10466360133981491 1.7912920177027503 0.18422941452435457 0.8325658572037263 2.419469110116281
1.3765873140587181 0.10236530110698132 1.8321735107189496 0.15306452711550925 0.8563284613919271 2.805317100888862
1.3289487310697212 0.05824334225163615 1.6509194165388241 0.2483550655190767 0.5859650089276186 2.466253951319092
1.3531962104926782 0.09767625296963782 1.8361304764287256 0.21442652974154675 0.7628901884954858 2.388086406881784
1.3353507214895504 0.0870337638871051 1.6653258970170115 0.25399343991267037 0.797686473061976 2.321497492258546
1.3363912337426362 0.056800128825026955 1.6114636031165883 0.22847066368033891 0.6545891215652755 2.234437656881177
1.3360413070668136 0.07570147109136618 1.7070638908884468 0.16919704252967865 0.8303645159362913 2.685276398752328
1.343386232627413 0.06265156936259104 1.7177992864035552 0.26155076256837057 0.6770830868866018 2.771813492754744
1.352447780488204 0.10066525545741745 1.8231443131318326 0.1521261864151083 0.7573493865762304 2.2746247653651572
1.3407744797250556 0.06709158206912452 1.6294752934386882 0.2909352682639229 0.7426652046863296 2.5824128654212286
1.3506731695041636 0.09688934615959878 1.7241451248426736 0.1700650416842524 0.8210012715123239 2.818877678216328
1.324273580659733 0.061479807360730936 1.6785164575409768 0.18763385032831767 0.654036839529067 2.4667843003583
1.3475588756365484 0.0684051953382169 1.7493437618222916 0.28126559636792575 0.7488638947781542 2.399095434617147
1.3511237723137477 0.07959831856768085 1.7034349206127075 0.23015520291685293 0.624178537904954 2.5397717172635867
1.3627850567583726 0.09384560792405848 1.6884111002234983 0.26027008768775073 0.7686248369627389 2.6554427648386154
1.3583830191382722 0.07918998779103835 1.8719867760470446 0.1709553337192915 0.7925162992132133 2.281968452463465
1.325416971197732 0.07479819509465101 1.6041136480115976 0.22330816469469147 0.5726088805155901 2.2743861006605575
1.3273463178961407 0.07625360797472258 1.5739543793891912 0.23932172284610562 0.659648732582135 2.275576484933916
1.3640469764931877 0.08842419680084782 1.7901368177773147 0.1748468905312441 0.8741911274249269 2.3823856507278913
1.360348822692 0.08506351277850166 1.6905619141025245 0.22900660903185474 0.823173502406669 2.4763162433491672
1.344730962587194 0.06631096798157318 1.6223799776491137 0.20183176326516 0.6509020900013396 2.461404187288852
1.3329217983255337 0.07425532633921858 1.5764419046020541 0.2700195777041003 0.6027343815807926 2.63283212577808
1.3411269960831096 0.07870380248981483 1.7441168230115336 0.14456814818459618 0.7016896327974956 2.5420020158667893
1.317711008957854 0.06910608880664118 1.6061736987644113 0.24734577634000549 0.6385156890972806 2.2100638044512193
1.3565327817312869 0.08090231601691955 1.773040427545164 0.16982521385926047 0.6948794343998228 2.7111084720338647
1.3355657711536302 0.07606342722855726 1.5815939028985189 0.2598124604938364 0.7198147533789708 2.5621938589963933
1.3388655001908027 0.09065386281652577 1.649991810498153 0.20465000190591828 0.6832685170722196 2.388990408368384
1.3520075273700867 0.10366719673981219 1.7861031801916338 0.18340321456681405 0.7758012496321969 2.7528831442183046
1.3504174719069741 0.07045233330524754 1.7075270342358722 0.178797747192164 0.7435274924433523 2.070384074555873
1.3355145422406745 0.08667017871120129 1.8012636871922052 0.2541514573666754 0.7602070318703055 2.5010314451043874
1.3409324360010806 0.08472626388792928 1.8051039769683885 0.2691916649799751 0.7595489500831396 2.386542218230976
1.344766812779384 0.08434356948013418 1.6316421587398446 0.28287363929182163 0.7602482210609974 2.7021671352424477
1.3652878435374514 0.07841536029874299 1.7494602209524963 0.1755972626962771 0.8108836437241549 2.240129599023938
1.356537963235458 0.10042732311494454 1.7276858068447405 0.19209615220083415 0.7698807803880688 2.2462262431658813
1.3227527169372986 0.06893412409536999 1.6528623945260386 0.248980035423581 0.7463953010783012 2.472564280279136
1.3362561703166536 0.09276328401023579 1.6944896819154847 0.20973453507631193 0.6800141317999641 2.742005248220293
1.3652254042567997 0.09123243123757267 1.8843532672624894 0.16888717885312143 0.8167957101953494 2.6643855292090564
1.3736259827056787 0.09308048422374578 1.8198029632597597 0.1362395716093787 0.8145698785928805 2.865934145959604
1.3587683740618515 0.09279956101648977 1.7681755775792252 0.15508394204873344 0.8615069128907783 2.631649622699949
1.3254641315911557 0.08546125254316544 1.6537191124250443 0.254699224569518 0.701564596190388 2.5045351504894597
1.3330215428673968 0.07197242559604183 1.6330697494007467 0.29871174587052873 0.7123663038650735 2.258626112311375
1.3616334001836288 0.09889702155060816 1.7261530448049296 0.21634444910509829 0.797304707401958 2.4735262005752334
1.3422977210844063 0.0729551676134861 1.75797575445038 0.2222978605830034 0.8222730616844365 2.090989939112286
1.355721024073695 0.07107091886219587 1.7807099604702685 0.19340529670571097 0.727653196379352 2.486369871727777
1.3355693480126805 0.08055452692595463 1.615773893598646 0.2550020235834718 0.5970285593397058 2.3784576460172664
1.3641271719841503 0.08908995347634245 1.822152676780613 0.2114274613621189 0.7591019901805772 2.3946412590803066
1.363895429573814 0.10275875900671945 1.88533451468758 0.1417877488513253 0.8545472096820694 2.8515408522750856
1.3714117792109135 0.0976073326838257 1.8293992654196876 0.14462829161413177 0.7953003091758722 2.3360761094505595
1.3522658098562188 0.0940757006323494 1.6698601507022002 0.20357180558181762 0.7475913866138375 2.403491695135742
1.335408941993094 0.06430517413960397 1.7684613598501517 0.19738463612628554 0.7861439240651342 2.212752669263662
1.3510762851780553 0.08596592773139747 1.8654877620573855 0.13969695061610812 0.7769816406136256 2.2021272821763787
1.3447708684010324 0.0971895891589769 1.8313748125607314 0.12463665750730822 0.8171789403621366 2.3876534725565666
1.3534026060222581 0.06877919122761748 1.6443590084561572 0.23745546383428223 0.7450409566196237 2.848400684664801
1.3442822279704234 0.07205582063545911 1.6446361864208068 0.22070643657168457 0.5918256467817299 2.2130790823333877
1.3541965753892924 0.0759527527751469 1.627233839659594 0.2729010804830025 0.7479473998697549 2.592615333014757
1.3514627230424736 0.07214995940641183 1.6906475777317804 0.25381789190543835 0.6387185484993894 2.235440664097978
1.3599177888151956 0.09264747324838356 1.7069647929160883 0.24282995583063466 0.7160818923511179 2.5741507477848273
1.3203652847392748 0.07471471902095397 1.7250197140152506 0.2005558596065364 0.6657151496748347 2.3458069783751805
1.3606363671513648 0.09918566872805343 1.8727696924023103 0.11521359026404203 0.8449389547616332 2.8245182470985557
1.3334647487151416 0.07146411359837275 1.7090626091000103 0.1702960937023134 0.6569309637906757 2.845773059176792
1.330848332233973 0.07070866213137349 1.5746545621390429 0.24460771092154637 0.5888288195719731 2.642493889805343
1.3679793540664165 0.09148673709129276 1.7922521583152045 0.1549064302506705 0.7676846744102329 2.2447427954780745
1.3385746605056226 0.07258188647498272 1.6622487452502326 0.30196366020018833 0.663263252460635 2.337569506470844
1.3581245574063618 0.07507580349272623 1.760437297555892 0.23574359927287328 0.7203981531982684 2.3215798710227253
1.3515048861002223 0.08799561134743089 1.860525426771809 0.17451607483781578 0.7599343325803094 2.613380806086302
1.3323217674207322 0.06635241802030845 1.5719362054482087 0.2316225985735245 0.6113732027893942 2.2286949979943538
1.3315280348663046 0.06724044219261845 1.7617758856201258 0.15751956841400422 0.7512183963714321 2.853531600499072
1.3395263287411447 0.0649932179775389 1.7611039480176554 0.23251970959318058 0.7096888192440836 2.2627832606073137
1.3374636991609616 0.0920086547226052 1.7872223338425908 0.2364765701635812 0.7730253313627546 2.404858028439609
1.3224775582641999 0.06856720838650589 1.639049395123714 0.2063636634174148 0.7221753016170069 2.382847781254402
1.3513194332664842 0.08734649069740975 1.8376776933068224 0.23633969497866023 0.7797780355508953 2.6807043725076563
1.351711168262322 0.07973130279895034 1.6080054760579232 0.23564960074672267 0.724772006047398 2.736295661484557
1.3195829924612883 0.0688074523026564 1.705075444953866 0.2045039843511741 0.7436730040092819 2.637688218749382
1.3406412663866487 0.09572772647628028 1.7825455146242999 0.22289117649818072 0.7657621803834113 2.597823267736758
1.3471859973083955 0.08580262288867699 1.614463793905748 0.22837968657806043 0.707138299907013 2.6571392684184714
1.3542163290534899 0.09585581835595622 1.7451372654617126 0.24873283112402148 0.7631382351056993 2.830676250203325
1.3433434112375489 0.07991177957840391 1.8076015476561733 0.23590768223312303 0.7148221093550379 2.4398547434585978
1.3557946406210166 0.07846102726109741 1.6205172500615277 0.24392932958159047 0.6765491645500327 2.436476170166398
1.3495404981568384 0.0926800746037778 1.7227364580638493 0.22482864329823465 0.6961792643212802 2.6302563070348426
1.355482455089669 0.07446878079778763 1.7645012124058337 0.16450929703955544 0.7248414991064315 2.8361168002268213
1.3316569968361707 0.06978968867255018 1.6865015542499533 0.17553767654833533 0.773471644930342 2.3399759494889474
1.3338833995091621 0.06772435117159006 1.7949233280508012 0.20588027073224585 0.7732344697078306 2.3346353074255473
1.3619989640271022 0.09553901738106313 1.88046060445151 0.15100418047489603 0.8458871161425038 2.3896291995710333
1.3366691962837252 0.08286029078346395 1.7249606954681078 0.15980904631007845 0.7070150277886709 2.8393427958848627
1.3545810655026322 0.08358335768287886 1.7447227186252277 0.15339390638101544 0.7316963803581894 2.8469191198180948
1.3592421836557937 0.08083044382509946 1.6619906949190177 0.22551792840847174 0.6997912644121789 2.3151086265807193
1.3326635170891525 0.08560589488169557 1.7405223545272128 0.24762613172951253 0.7880442816680544 2.690336832811271
1.3391788702174852 0.06375191440845238 1.7547011211241208 0.19892333959854677 0.7368244919921799 2.5651642892444113
1.3554212922671862 0.0891770747470864 1.7562203211865988 0.18910189420559304 0.7081502838619301 2.2164607455030887
1.3587633495537677 0.08354092048907355 1.7815159077803364 0.13646264243769707 0.8393623063977939 2.7412085290071007
1.3422729590535092 0.07917307707440159 1.6416158384502846 0.2913376531369219 0.7212150333572809 2.6815404262185547
1.3431129188168383 0.0880502352919017 1.6748142330688864 0.2126982668622713 0.6691853575047743 2.1671463259396573
1.3527076522594226 0.07798019892049 1.6753337234386723 0.2346207000953217 0.6468003835797648 2.536468828809454
1.3242219958150927 0.0700557081827919 1.7302699481771993 0.18853670654116259 0.7725951695009817 2.243578949907106
1.346321190469259 0.07449544777418349 1.6806612909557561 0.2924217574643478 0.7396704986633545 2.6742178471595413
1.3318295906289341 0.0823783275422802 1.6660946015248468 0.27133124279015974 0.7186822016983317 2.2472413896709296
1.3563445290518723 0.0736767746186395 1.7900666239854888 0.16170119527742066 0.8189880094263573 2.414739614698063
1.3464707638629552 0.06553452993950264 1.7211859086375179 0.2327397024180336 0.7062698059036521 2.803332166405143
1.3326228029904559 0.06934638381249045 1.7699418792947565 0.24010005684112068 0.7579226863179056 2.2334917171662596
1.3452690784977879 0.09531055047127712 1.8357485715002886 0.15852526618355967 0.7883882179075671 2.857718071575837
1.3406582127574298 0.073031799635264 1.649053091135205 0.21281096502977892 0.7777342218607869 2.208927231932109
1.3518750204338512 0.08549398915658751 1.7045657763362163 0.2707511212682303 0.7767826188369852 2.8444108120055156
1.3310287690158566 0.06631820773254443 1.6362480693157626 0.2360034756464121 0.7354584879405955 2.727846354853147
1.3427027441952295 0.07366783596182169 1.6636646834168523 0.24122464068446545 0.6130306262578537 2.7639063541530495
1.3516702090519175 0.08582417325630987 1.8207207836056214 0.12903825261502802 0.7747987554872087 2.243733242598125
1.3470744778048707 0.08394437238649795 1.7924687944086934 0.20085064094548286 0.8515360406949354 2.68621308145628
1.3652620988599566 0.0925596580556518 1.816050392309605 0.1837671955740158 0.791479359550626 2.8006756226707576
1.3432817708964697 0.07973524739930382 1.8302956863720155 0.16847481786539392 0.8436965160419225 2.5641343124636347
1.3386119005204091 0.06550176634361202 1.659015643827531 0.2016932295893005 0.7338196618020444 2.837564948898769
1.337383741466629 0.06635941812234877 1.72471534720685 0.17015544808784708 0.7484159874821694 2.7301663922237474
1.3451262593201485 0.06605590969002416 1.709421953902773 0.20791321256930909 0.7657390330512418 2.721646678252112
1.3420751022243351 0.07327509178374933 1.666735426561367 0.21323871255380075 0.7900392849110198 2.190343095825252
1.3444737117051886 0.08120259682667569 1.713140997502295 0.28276172254198223 0.7512171511311898 2.2865560688326916
1.363114867366074 0.08250027420499187 1.750303147217203 0.1961707168265492 0.8074307596203057 2.809745198774352
1.3294365634978376 0.07619948487776054 1.7109638682774266 0.26013851495326973 0.7514683575987349 2.587057347230444
1.3427883913114909 0.08270789562040362 1.6628071486788973 0.2524284558643603 0.6510685786432179 2.7311705439692338
1.323512715790593 0.07758669116902436 1.6635972321560155 0.2051675360103985 0.709406899554624 2.6149641664716157
1.3500151852238003 0.0692665892630829 1.7014911478015304 0.19452291310043787 0.7267744863361218 2.3788630233034356
1.327022694355239 0.07257815446027709 1.6104752873874983 0.24218449379920282 0.6536502536097765 2.5193457164123645
1.3591799522361154 0.07885414457488066 1.7891264121853663 0.148361409562464 0.785560562035278 2.178096961744647
1.3580638721437515 0.08446022593967471 1.760980387199024 0.24382906913739574 0.7899116482086287 2.258026497482889
1.3347285600722485 0.07216446411516243 1.6321733019401552 0.2661345337389192 0.6297491868785045 2.4354096636709506
1.3364628383248705 0.07516634920479638 1.7033670165267338 0.2178176217048866 0.634691784448642 2.633302305023999
1.3516175743803327 0.08943928130818853 1.8158315351126846 0.21191287727235944 0.7630894995238737 2.3987553444517427
1.358358670683844 0.09021729222327617 1.7307020070861387 0.18001055189209772 0.7805920309187003 2.6105918366398058
1.3350884753099093 0.07602162513402629 1.6918997202341057 0.2743356917709228 0.7403317370590198 2.196790338509433
1.3353544456946023 0.0809548644702821 1.6488130203493911 0.24438020371595168 0.6439462185112986 2.57017653771942
1.3590514711360804 0.09774263736293784 1.797378772135077 0.17136612762865897 0.8010637825814151 2.581358587456353
1.3471169733430952 0.0669531411085669 1.7210202034550863 0.21314243287847912 0.7210560878541695 2.5047322623381008
1.3600958610171114 0.08880272674030941 1.8253948729994725 0.1933315471745444 0.8325733818344373 2.2349205796269507
1.3475551980166338 0.07456499388490734 1.7312185805974705 0.18829749847737925 0.6851088866333773 2.2246734743504013
1.3398968361660306 0.07141072200868051 1.6338697455660847 0.2682231701401249 0.7171167609486134 2.869596415037866
1.3429087799081327 0.07168821239970086 1.7300680387658556 0.19752944075747503 0.8137380053371464 2.5596830281643568
1.3300933800892127 0.08137739116489098 1.6893146608865428 0.1934379238656812 0.7562716454611671 2.252491081729441
1.3490150301690333 0.06935549160094762 1.7326432351925845 0.21485544099573126 0.7697118174700692 2.6539805945419546
1.346319921248126 0.08552395041606047 1.8178753537492573 0.1705098365146895 0.8390538311541446 2.126939319834061
1.3586753274711323 0.08835653948871912 1.8427605596573258 0.13703792646738275 0.8189452632373788 2.443941592585314
1.3458587264544855 0.07491546373630212 1.6386988029210303 0.25032788567030495 0.6495236757825131 2.375177692486427
1.344254643662167 0.08159792891975404 1.7836914241168413 0.24486340719375319 0.7507060217506522 2.6300653750685
1.3473171577467302 0.08468151834113541 1.805027444458519 0.1809415283748408 0.7340665235563846 2.791336251801698
1.3510130408084815 0.07249157209760496 1.6956055996229662 0.24941245103349585 0.7368091797230328 2.578962506006511
1.3470580345730236 0.08076531224087184 1.7802147994078301 0.18279070248772175 0.8422702253121793 2.190462527595693
1.3462674625365263 0.07316479748412638 1.7195834923541726 0.23534922693727142 0.7917996007374121 2.3831086354561837
1.3539794548411226 0.0871308463992687 1.7195176255561755 0.21592692918337064 0.7821599817085035 2.134848657761858
1.331870017939064 0.07088765191090113 1.6914935350985794 0.21489384158742283 0.7721851994931954 2.6743107007812883
1.3580842581086352 0.084269008943407 1.76518446518297 0.15825727934750777 0.8093519392200154 2.4468515951832446
1.3580842581086352 0.084269008943407 1.76518446518297 0.15825727934750777 0.8093519392200154 2.4468515951832446
1.3308966889531533 0.07784577517795027 1.6758428963848715 0.2531365248859345 0.6952942500649011 2.3584217233590334
1.340063450459719 0.08452561241737905 1.6585152013001492 0.2319540122510737 0.7128602591869633 2.4623123097747857
1.3375201522198048 0.07010044230361215 1.6298483930624101 0.22803379624800313 0.7027472978018303 2.185809812663376
1.33539135718646 0.08349304208196849 1.7074277982994261 0.2308873178707551 0.7721314931503463 2.609482832379497
1.3472664308733993 0.07877729567420946 1.826322735007425 0.18844557665159473 0.80372126790069 2.4849010271789846
1.3493147328677095 0.07859087038984199 1.7023317504021727 0.25739748083477315 0.721243341359874 2.5256144220194265
1.350750726081989 0.07396947845277757 1.7141611826785752 0.19205533987324144 0.773451462473343 2.3096857204625865
1.33849651485084 0.06808174880680858 1.6565347587690789 0.23108237627200706 0.7282959238257866 2.2556224377308305
1.3480071411932721 0.07554455701749055 1.7067828258871023 0.1895098930815792 0.7853462821845026 2.7275584103617234
1.3455750706864331 0.07270748576066041 1.701021864008999 0.1976140515574321 0.7794126543256374 2.2245028351035185
1.3383548492284052 0.0701126303492208 1.7429688505233294 0.17794197118203306 0.7291531344095002 2.304626101277891
1.34636773696719 0.08313901408906237 1.7224745770251613 0.17847079664262994 0.7311082979262867 2.200914989925385
1.3460811788137543 0.08029599000225447 1.7727834228735135 0.206869207516813 0.8200564727184415 2.6559555557152845
1.3480251218435495 0.07448340470224982 1.702099298265119 0.23799374693797132 0.6982933294701666 2.4794547074960605
1.336916639827474 0.07279287591254041 1.716955684346554 0.20018405255177132 0.7851545103058002 2.847981431992104
1.3473148480608854 0.07842720984060868 1.7602925292846123 0.18157724199578182 0.7431093306149453 2.1219805615678475
1.344180735294714 0.08690550833261058 1.7885202870878754 0.18197036188971003 0.7783837876500832 2.5092991152350197
1.3356875981767513 0.07537405636921078 1.743525932862203 0.1939887686345933 0.7630818954940092 2.3401776236596135
