mu1 sigma1 mu2 sigma2 alpha mup
1.2910622321663252 0.18178466700472645 1.8094687486598837 0.11014389647469769 0.9378897396523288 2.606514875493927
1.4485878530906044 0.17171458207021076 1.4778893298836704 0.4741113634399223 0.74246064891898 2.2016244431384284
1.4209347003707649 0.1761849080656418 1.99067966235916 0.47260124256808156 0.7886823607019049 2.119228867261785
1.3792877059649535 0.14575595007522227 1.6536974449609847 0.6157139537326605 0.7458163071609059 2.6065101623094242
1.3895781987512446 0.16265307350764638 1.5206652864539234 0.3263340881440761 0.9001510136956615 2.1347870951226837
1.4272528893818754 0.12340140903527268 1.6577739874960742 0.1939901409427605 0.6570665819134283 2.877824067089741
1.3249438483923786 0.1401120825474215 1.5441066365117655 0.412919415042605 0.84305128678088 2.5179685379574615
1.3377268762016117 0.06723921796557698 1.3750259352306782 0.2583605293395298 0.7554476144510839 2.651977185159084
1.3009670658077792 0.11467384890992559 1.7322472012915382 0.11751331839902379 0.7092815535238599 2.885552126157989
1.3558015429438395 0.11991625951409836 1.522815596317322 0.637698659685094 0.8365761897669443 2.5195647098560316
1.3306460780917622 0.053208070102353434 1.3699823331085152 0.2392112779124522 0.4391634223684066 2.3497422295166617
1.4055696402358875 0.08201759681012227 1.4945302025242726 0.24423447077453375 0.4551299581928607 2.5860251720365164
1.4097499164502831 0.13758544367852252 1.560364894647424 0.24555063386008333 0.6660094808134979 2.1312134557652715
1.2921807307158333 0.10543281200943037 1.5780686441800849 0.31791459497866853 0.7587284762345893 2.8610597344569175
1.3502502754636418 0.09332308970668006 1.3508296766910997 0.3425756615443008 0.7416032388248374 2.759499195908105
1.3995595113734949 0.08342251716030652 1.501950196066879 0.37737152273311425 0.7524738114486086 2.7227458201503563
1.3545944767113667 0.10113269409030297 1.932023196986857 0.2598289808984631 0.6571695054109794 2.0413167910469574
1.392482657749456 0.10691675937551048 1.4722123175389994 0.42732341091080744 0.7044862356267211 2.813096781569117
1.272979904309339 0.05997662171077355 1.525693575995387 0.21971536654319163 0.47688812809583464 2.562468876108457
1.3702898653895534 0.08757241673090654 1.9945239975047113 0.5529338745645975 0.7880042800688611 2.341061751181432
1.3841488969713496 0.08488076485115874 1.9674538155908423 0.42343296025124505 0.7588779453889903 2.404550555003988
1.3864848209037732 0.10131972498922984 1.4416711692842785 0.43164548030200267 0.7963918954791889 2.2764494102368564
1.368563289681055 0.130005545310148 1.5990914331896444 0.19736775066497705 0.8349189931823606 2.2100269226110036
1.3725878756941585 0.06063510348477849 1.4686526800441717 0.37938758094138747 0.5340370597644775 2.690057989885757
1.3416858941241405 0.02781702887602109 1.4822913439413625 0.31401596774792456 0.34957759558890533 2.1045358103702014
1.3769550787681681 0.06650417767545919 1.7073665908852407 0.25633791913939025 0.5333791307272482 2.6716572191255517
1.329652243837081 0.03833150142037316 1.4393457771889775 0.248474616546686 0.2415297097587667 2.455243308991953
1.3650481402511638 0.09329376793036731 1.68135698582778 0.5041890040865833 0.6438787087431428 2.1744360644162612
1.3661277501893143 0.10133665059200837 1.4370926255142955 0.2548306667799305 0.5385285697012268 2.6805676811008357
1.349554954983594 0.0838476002322794 1.609739552842404 0.5631530101651225 0.6896683445919884 2.5616482843050745
1.3339500625152307 0.12252570455800346 1.62404258300375 0.40530982312205854 0.7678994737010386 2.536957832729104
1.3919071366396467 0.06778621311345184 1.538673322317379 0.2972542065115904 0.6728806766938293 2.8812476790796624
1.3275273137499184 0.04946105818349571 1.6988458213558943 0.28767972323333724 0.4117506906260959 2.705361218951789
1.3775935778024189 0.11699698379625843 2.0499849862358506 0.41104370156171627 0.8427110695471807 2.6307162401440523
1.3614102806922077 0.10934995937461353 1.8643453229660056 0.3629342181573089 0.9370452777545063 2.209114784988185
1.3111214706125685 0.04778254079169858 1.6158092407425158 0.3741928917372131 0.5357263231218408 2.58494762418197
1.3878309265776847 0.12998320712517192 1.7390758078869863 0.18643892558535516 0.6856376477489534 2.8501443912227415
1.3088775812666622 0.09165632668450176 1.7185155366097922 0.3691858678597946 0.58626493385853 2.5174889144314228
1.357010041084135 0.12558522121250243 1.8872008926500135 0.09047684381753068 0.7016289778071181 2.5464057337712473
1.3435811661092096 0.11690158660845335 1.6485994023666157 0.3293125933388277 0.5490921986373019 2.349786914389562
1.3524571999092891 0.07364090480166961 2.034678089950826 0.3707025653910822 0.7871667539226249 2.132451079033822
1.2991169956835986 0.06626107734912483 1.4843294311767847 0.3000303448893421 0.4130583504563601 2.386590669171993
1.364122566129443 0.12422922855156382 2.003469869051074 0.2864271657908445 0.9298774082743583 2.6130025148213356
1.3641368384199735 0.1407335260368844 1.8137392907324248 0.08272154810625967 0.8631785013433549 2.3651699133868833
1.3356814115179496 0.08171705029462928 1.8034755779572957 0.4825041433073257 0.6402948777234091 2.4779676957827235
1.3470806973723977 0.10616383433668052 1.8344058871444187 0.5081576362024861 0.8543962812108975 2.5766275359968085
1.311071083420068 0.06716046038520397 1.533411120488812 0.3641188996565531 0.7107130843291377 2.0539319597046575
1.3764256320481183 0.09421481142701257 1.7698542677656277 0.5161076207187081 0.7360202006633721 2.543231735279195
1.3154386399963365 0.07135083301801107 1.6649337344377355 0.18671997927718573 0.4193800555061933 2.3841496912700415
1.295455629920459 0.08117356684426354 1.5543352414545804 0.23755229842079612 0.7531189805098313 2.449132820754532
1.3641884972015188 0.10146190055242542 2.1091509341995254 0.22871394338332252 0.8922784797381382 2.895306264297314
1.3371440106791717 0.044001390816008505 1.4510117761106085 0.3393343667486217 0.6310136918443839 2.8481624141689004
1.3151063257452862 0.12132868531404693 1.8218954044286308 0.1032126367230029 0.833751959483409 2.477066738401585
1.369027138514693 0.12037933605469416 1.960215937950056 0.12498909866375321 0.7334201865862114 2.0989821898695125
1.342703055026435 0.07794790026942454 1.659916046517767 0.4900096318530888 0.6145065935819648 2.85640954299784
1.397529874228771 0.10763898601910722 1.5653794523629077 0.23078605305390673 0.6640814987612582 2.1188223719433377
1.311853918601496 0.08219649051024024 1.85842927261365 0.263090460494118 0.629747205780994 2.1141798339538207
1.417778325996929 0.1240808009220076 1.8336269516680885 0.19748205234325744 0.828789472888154 2.209303387619778
1.4187458259761838 0.10971564126491967 1.8739860703171118 0.181125611446925 0.841068893969829 2.4858194417797193
1.3933743597615467 0.09103747498236432 1.505377241266061 0.26959608043456823 0.5785583712298871 2.5484284437793856
1.322987124804854 0.03701953041795645 1.4533686778356778 0.2311353780238547 0.537534761048575 2.8063660267424413
1.2981835683114333 0.051862790963890376 1.4866271399358024 0.20294658162476195 0.45881962166684365 2.101451084811488
1.3611580071434202 0.045107547809789636 1.4745210244602096 0.31004868473357944 0.45603868763434 2.2686825864807547
1.3897576866723542 0.11793913651474833 1.9183879388004232 0.39013189055589265 0.8491745308544489 2.771162313355868
1.3716074022901996 0.11314786318328927 1.7343459207319722 0.10657874573233475 0.8098590076576321 2.661844521256132
1.356538140320554 0.08147197595266081 1.6458317239488616 0.539142449526733 0.7312668840683997 2.230927741894112
1.3406165134134613 0.08804721462321909 1.4273037277936393 0.3968183298263831 0.7091116357618756 2.840727345378335
1.3834687983140408 0.1054714522489049 1.5595887323518214 0.4373404759937042 0.7707133917853446 2.540425754517703
1.4229395152051176 0.11976204657392689 1.9605469873799413 0.11179478728544166 0.910394376719367 2.709962457876207
1.3596673988297043 0.11646150420474286 1.5943974594906418 0.38548772810596976 0.8350973597622512 2.109161953109102
1.3948797045185144 0.11480523867691429 1.7381918985524405 0.3798041404772291 0.8674541049022568 2.2044544131605397
1.3082320594175383 0.0416476151657216 1.477236433499445 0.2649176488333807 0.5348519362989947 2.8578288964239786
1.356186853058527 0.04589480567034519 1.6030922618941634 0.34652121552846016 0.5346598282482639 2.7742215999424125
1.3844952737886518 0.09054147383562743 2.0364113733225224 0.1697290282581882 0.8894695391176941 2.832424146726026
1.3561568982532188 0.08516120145975806 1.7750285145877451 0.5363785432395497 0.7662554762817637 2.2932775086663173
1.368660015372856 0.061219814991053265 1.791755224645657 0.2685753134401733 0.7030655843165685 2.1618690951680564
1.4000732747156328 0.09480157410481457 1.9034644154141853 0.059129850552871475 0.9393359010286281 2.2683007160220647
1.3414189881735692 0.07956210182718451 1.9122918184709703 0.4494584976696496 0.8393142791309695 2.5774886743061978
1.3732877765354736 0.1283654627559524 1.7158306047949785 0.23978605690565505 0.9060634390142852 2.3312865721386156
1.3782884619135043 0.059222893236160486 1.5230255991020103 0.2781463777358212 0.6425485959095932 2.809697398986757
1.3712980740433518 0.08860604129366492 1.5911564516207597 0.4264292054437727 0.8579044195720678 2.5786325552721037
1.3851000100422837 0.06865321035266528 1.6469681309683064 0.3105411313776147 0.6747662904217043 2.6579302645953047
1.3474359713814124 0.03772710474050724 1.597985711351924 0.2385189542439616 0.42122504121536836 2.7145365190876607
1.3915082548116002 0.13559453774422622 1.749483497705166 0.2020548576602781 0.8746923788859104 2.6865562999613
1.3431529711779986 0.12263620331541278 1.6544069239126586 0.36244841956173585 0.7885859264738649 2.7171580996630036
1.399586181324478 0.09586122367396431 1.749959765458406 0.17725021102287764 0.8962181591401347 2.860750773233738
1.372565882903361 0.1328988771917665 1.9650505482475507 0.15547286192495527 0.7918144041704103 2.2260909418097
1.310275586809384 0.08282381110371947 1.7857608180756186 0.30800287979956276 0.7579402006541576 2.048624024844895
1.3579086138114087 0.040788875245004394 1.5392051136882219 0.23048480805382765 0.5642064514737793 2.642970096667394
1.3216749414493372 0.04940708598951398 1.5726934347407933 0.3645119103393013 0.6718236489459625 2.44543341280314
1.3617996936748107 0.10629154685486096 1.7844905523142696 0.4540360213760843 0.7437078768749545 2.5231192311962864
1.3330507826322429 0.06668181428451267 1.656345947339251 0.20677988219746057 0.4145043829649676 2.1942876952490127
1.38685850245357 0.10122562904347085 1.907995746037792 0.15679896999878667 0.7054556889742224 2.1753606187398797
1.343521171865562 0.08243801717108924 1.8965668612293705 0.3014350945956243 0.6242082412733757 2.856296845155409
1.3627793897963516 0.14230274901926024 1.8878634050039786 0.1607404649451228 0.8010260467637286 2.7508699758049127
1.3892285958381851 0.09409504479471877 1.9162496011350836 0.17430814006460166 0.7242934531729859 2.3435791659106546
1.338274727096055 0.11610758814283424 1.6720253483080778 0.30157298340572464 0.5987192153456463 2.864257226313133
1.3668379358193081 0.07037561062943017 1.4685480518482614 0.22654603949976948 0.512150889435348 2.690319608849438
1.384206302569115 0.10854073334891773 1.7399905355416596 0.21017676992296966 0.6399636863631872 2.761802978653548
1.3642393621223197 0.06873285638220193 1.4595547123297732 0.3782941519689772 0.6680997038873896 2.423020696613764
1.3598993633590715 0.09862862376379904 1.4971472597515083 0.22646680977553843 0.5222607694018749 2.704456228498473
1.3145866263420303 0.10544242525498457 1.539659918902725 0.26975905234919273 0.6991460406355701 2.5978145547239557
1.3790350292129374 0.1318193014179047 1.6577467595625899 0.2940595034992313 0.8089831574016612 2.292770471961264
1.3682017969596862 0.08405243595545255 1.7122859806697117 0.44630131874354034 0.6711869451770813 2.219018241701561
1.3546898539368746 0.1072511735194751 1.694759541325405 0.26005160419861967 0.7388106848726314 1.9927905463610895
1.336129344326868 0.07807932627741247 1.527013891068052 0.38479091583018005 0.5311561836069603 2.8106323838777896
1.3474385123166706 0.09239862668799972 1.63570800215017 0.19164050911106806 0.4975027908375067 2.0930125942160065
1.3535684957352956 0.07593306562873094 1.7290759468322885 0.43193134651140286 0.8194899959205517 2.0677088369603265
1.3123648568113888 0.08672982292310444 1.8840987717943491 0.29690583240758806 0.764247000990839 2.263164195354707
1.3614855653676363 0.11226938015849999 2.009658396283266 0.22280855144387285 0.7856116348692248 2.4220753555505254
1.3344990283762415 0.06376440814781371 1.447885166976984 0.32786589394904014 0.7344468974665289 2.280623233226303
1.4038115775948485 0.11732747726654143 1.791397341835078 0.18967507181344329 0.816971039672701 2.0703833629768305
1.3472186686284007 0.07405571984413249 1.918914239106897 0.4279606769350398 0.7853209233174399 2.6723991040083472
1.3597067062725672 0.08739490114962083 1.985352142178718 0.3287411257399205 0.74058224875652 2.878744202749274
1.3769474299477926 0.13975508388029007 1.8075349950087567 0.2205624377852304 0.8195673036742502 2.6650071137255074
1.367988340826054 0.07584654159798351 1.6541532795134428 0.20628627533568777 0.5251572744023858 2.13217003165992
1.3669632605980284 0.13377620798005552 1.755789975397428 0.19465568931918786 0.8903126737199973 2.4095506230926564
1.3856413061074855 0.08146690732519575 1.7277520256083134 0.154732921653537 0.8671942643968522 2.4269267698075256
1.3772626605210325 0.13343675464399507 1.7596716204175524 0.2904680384842817 0.8078703405535462 2.8456316351994273
1.3006026618241586 0.0804638013257487 1.623368948281262 0.30143829189361254 0.7529960362062995 2.765607719422689
1.3263451881316903 0.07680199381503156 1.633220992787498 0.22369076154729234 0.4058432270638514 2.1571519550977842
1.3706743608349468 0.1318999615527168 1.6882073071148143 0.20271551140652855 0.8206349260534718 2.4991812893918737
1.3642670994029644 0.0751433369686948 1.6372076493592251 0.446794230248829 0.6756980372237686 2.5529476287995627
1.4045904476643691 0.11620727306316833 1.9555067280059335 0.19659137972461296 0.8452718006949922 2.5136016139196395
1.3147246636783554 0.050930348936321236 1.4529830520722977 0.24121929517907567 0.45766895561224835 2.194922511223075
1.3280563306976814 0.11373790909004299 1.8736268978489798 0.27864449378233996 0.779798232996634 2.326818514040332
1.413046274235521 0.11381001478299661 1.893453029614716 0.05248342731884618 0.9014302671464571 2.392188292777066
1.3737069474463774 0.07145351515301514 1.603654403121842 0.25264249785260046 0.48823689456936004 2.4201436735504678
1.3875567737776622 0.1017732416948459 1.6712854862934323 0.37845519112094306 0.7284268393088268 2.647610577428732
1.3562964993851487 0.12022060114388561 1.796083655916621 0.13604916605974876 0.9312944331405802 2.73487762041251
1.3934455262789052 0.11672143632055085 1.9426939665996539 0.11970314388968599 0.7865156753945348 2.071261555574059
1.3115074232106985 0.06957143792365174 1.8350947549068857 0.2821649188670383 0.660475664519918 2.2259194257082506
1.3721760507017633 0.08298972656307844 1.79996191236858 0.3614444754426873 0.6630078623436071 2.625009859986253
1.3839072592994395 0.13288974472984869 1.7808932488509375 0.20335275221843466 0.7820431709244381 2.8157717676594824
1.3164654114790362 0.08554064606731754 1.686412865628864 0.13896623909224443 0.6338743128122784 2.7230489333890926
1.353036564867521 0.09986506986440882 1.94506416263413 0.17824333327341038 0.7080325975238376 2.7365359056768535
1.3381793176924806 0.06455765973154164 1.8090456630809606 0.37046897411439705 0.6230508639185486 2.213644771835421
1.357031355341507 0.10951133742262811 1.9184775517463217 0.1177643356119383 0.7185233370435037 2.7112864776935726
1.3276984734341986 0.05205979442059537 1.5595578649069846 0.30533838950047104 0.38695366459712194 2.3739309665141923
1.3043445921993109 0.06030702397828127 1.6993265684162484 0.2829178901583085 0.7500385767999735 2.4575037742363857
1.3410671341712441 0.1104576303475431 1.7684878685885794 0.27201187377740427 0.9026299873727585 2.220000016165707
1.327984956398047 0.07015695893433574 1.7747282004753484 0.23504582277937 0.5243698542979444 2.7742813307659566
1.344274903981073 0.12878104277112004 1.6978997719599076 0.2158515188873391 0.8186043154544429 2.8934399012042613
1.3565247314700954 0.11737711196527334 1.6684750450164532 0.2472356472465876 0.6084149321060888 2.8626436083694693
1.384191995952698 0.1300622733582752 1.8421580542690736 0.21997561882812167 0.8222228107069867 2.098677696045257
1.3557424235745805 0.11557934551340758 1.979923072638599 0.2591390643688015 0.8558336167309947 2.140346578086571
1.3294838666463318 0.07732304532341079 1.9370767504195903 0.2905859352100053 0.8431441221799322 2.6297368973644395
1.3405339221378205 0.12235407870315539 1.7239588017542335 0.1532207307491343 0.8176947117814282 2.619758239819548
1.311959265478697 0.09918256356062227 1.6260209949671403 0.2493759303962641 0.531726547688392 2.7445390204006297
1.3338308453130086 0.05730222646546921 1.7741165486716757 0.3637677393539898 0.7450456636794169 2.2208530031708373
1.3288015194090794 0.10725909990241077 1.6269037101204313 0.3368408120389692 0.7880666580439957 2.8296216103069587
1.3541633976161136 0.09085253806286223 1.6471292480493367 0.22398221634292395 0.4891441245815921 2.8673390812273687
1.3614126614334356 0.11612003184991364 1.8384022843007983 0.33533199861208696 0.8820393677923506 2.2719827511305914
1.3869118217999445 0.09161362719495798 1.724380001519599 0.3537431528883549 0.8390354607122674 2.8036472441677702
1.3456710336092716 0.05146416151813327 1.5493519317975388 0.24606277028111556 0.3717791512707433 2.0889008856531657
1.3404072214322138 0.0644747095055132 1.7284324321574396 0.15382022786619676 0.5684064041677122 2.2277125306864836
1.3800515646420621 0.13169921066322607 1.752994725592656 0.23902475948465393 0.802814356948506 2.7864871732050176
1.3440648170548914 0.10207503555027177 1.7786014801851469 0.3242287654631779 0.6338123841374581 2.319828300263431
1.3657722881847325 0.05518326772822609 1.5586429190614661 0.22364455511863526 0.5458686223996565 2.5433022051618868
1.3236177273202325 0.07297277642043534 1.8319865021249648 0.38260639480141884 0.7424082029881908 2.8357597360869247
1.3396765995204292 0.0753463829448217 1.8710265229164023 0.4032630789555393 0.8185327095042637 2.7061368875610667
1.3049791944785978 0.0974631513627135 1.7870729810190882 0.16379440962685876 0.731966954118871 2.5184429340831564
1.334897385012607 0.09042493100066433 1.9503427596577434 0.2636146692263924 0.7823018805108238 2.090469282122627
1.3138963927515488 0.0613707751032669 1.541922419623949 0.2099608440178201 0.6073969263819307 2.00314849560097
1.3442142278541933 0.08241015231364902 1.7932287091452586 0.31714990767750456 0.5788496985768886 2.189355268393632
1.3694127096405504 0.1174142849708881 1.6455847200309175 0.29826700831823477 0.6579370072257802 2.2929412579717154
1.3759424117749088 0.10974213582701974 1.8793570584211916 0.3221927077523574 0.8945550071284866 2.2317209798792907
1.344752522330622 0.07328975914541382 1.7663586823248543 0.10286922544122211 0.8784542678658072 2.6910879325917936
1.3803658393378953 0.1147711956531038 1.8259529308999825 0.3327258809871308 0.7789905956075351 2.7362938932067338
1.3362711901859845 0.07667620146525865 1.6453251473641144 0.4498676424656848 0.7023500034876503 2.341643276934727
1.3188716364415458 0.06905077640902853 1.6007141316281754 0.2138123865731423 0.3944557077141815 2.7514116331926823
1.333152962694567 0.09862717357120235 1.954203356053033 0.12990804078998908 0.8680755296370689 2.569049882248354
1.3904206199280076 0.0903539829618401 1.8635861067955353 0.24743586187492783 0.7751140637943057 2.70082015830671
1.381010510751745 0.08077801723665441 1.6636299522047606 0.18009969610395551 0.7283151326991001 2.397818621336877
1.3593700505618216 0.10685928080714185 1.748627130163348 0.2185086994555985 0.9252590252309126 2.882285728390738
1.3460929044794425 0.07405641491515162 1.6074944654497174 0.364575919927219 0.8507028610365341 2.3823360058200107
1.3651211232942522 0.08720713088437833 1.8654603019185383 0.3846659342253435 0.7250185317125939 2.554792019111566
1.3352879681847503 0.08703933935995188 1.4834352459465603 0.23078357681552295 0.6430173680470165 2.495848367893527
1.3473466691835807 0.1119402101313339 1.707059520118571 0.37661397241295286 0.7646623198102661 2.586819758005956
1.3797625381414083 0.11651763487117024 1.9912760131667575 0.11048621732428958 0.818306401703254 2.409904004286378
1.3126170614051735 0.09906427810406067 1.6368291218028592 0.2788066669951276 0.7826796075007637 2.5052810898655555
1.369056020262247 0.09796385578356143 1.8062722266387223 0.4205159673076644 0.8296559256923441 2.687959650405331
1.361523371357721 0.08656586384201732 1.5031394791959798 0.3295153685879144 0.5717260152245517 2.427186524121568
1.3594891686336004 0.1229763044239927 1.96897096048512 0.12211989342365838 0.8109188415702373 2.8464316999582
1.3125281102882975 0.09103560006637824 1.7754509567352237 0.18543104945840683 0.6314862194291581 2.152532780548247
1.352129626045656 0.06602110121255111 1.460704792003146 0.3180147015846293 0.6669206973469924 2.1086042307852155
1.3560758731112978 0.07439894914520712 1.5693162380817443 0.3993525931296548 0.8011196507831876 2.7752074075516053
1.3307416823224307 0.08521487405624059 1.6308724116291395 0.21007945776406942 0.8728005672878759 2.6424431155698254
1.3564093169655467 0.04517859774339898 1.540955034241204 0.2856779587236614 0.5433439405991932 2.763519468007279
1.3407628294461604 0.09610506265005403 1.8100270654501656 0.13100796858903913 0.9331619718664709 2.586000862597628
1.3912354663507662 0.09941420812921098 1.9898663006586688 0.14736046283229381 0.9079653652975391 2.845438891672652
1.3540102454732508 0.07673409843567468 1.7689307140637847 0.43652110435562413 0.7126430634893811 2.546998027681176
1.343420464354107 0.07425733031492036 1.6512317744414684 0.1344746295100697 0.7324695346949351 2.4380843950699274
1.3645345916319078 0.1206565403933789 1.6951436377668878 0.2230362511600619 0.8728952193553349 2.5372945279153405
1.353019165822966 0.12083567816586044 1.6814998630078306 0.2588413940609497 0.8525498320998441 2.627015929339841
1.3572958294601116 0.09135680602878515 1.7823891564406682 0.3128014707421977 0.6109382321746226 2.3125292979091405
1.3451241076162361 0.11653164513791778 1.690506872342259 0.16254150636864834 0.7615644062244332 2.382061237973315
1.3489719281303647 0.09225075670052502 1.9514720307715079 0.3563029237688106 0.810846978770693 2.8653921181610684
1.3370938274109712 0.06941060643556814 1.616991030561847 0.2730419255550762 0.5866296194761482 1.9922747628328192
1.3411755291371914 0.11788361273762096 1.879802992641431 0.2508240191886419 0.7935149833368951 2.306874722259192
1.3287366772901155 0.05740667579733383 1.6974238155331953 0.2688659264962851 0.8299420245008532 2.609050117745899
1.3430942177127272 0.09482515492012294 1.665286348593759 0.17486077140084225 0.5746918267995277 2.1430425846987147
1.3750234785730353 0.09417108109191734 1.6267485696276154 0.3491936552520087 0.8459591835117168 2.6191486880502244
1.321628824862084 0.06354634229358273 1.6330682243467378 0.26492183624384036 0.8290341842328682 2.134635334536116
1.3095557752830804 0.06893165350767044 1.6404508988486262 0.3478073582086428 0.6617837680456816 2.5427228811119575
1.3521965091716641 0.10085086586717235 1.8279858051127953 0.3337524031477341 0.6886952891234929 2.604291978483027
1.3430525936992321 0.03950619568620929 1.5278497392977262 0.28336690882777466 0.46150993569394966 2.4779923735207454
1.3110068431181527 0.08183970852971752 1.647015584535565 0.15479578133300378 0.729619217178732 2.267476769100247
1.3602235085125636 0.05683959760590348 1.6167241477368641 0.33373805202006773 0.5996029750081011 2.58818454183239
1.349585794056643 0.07850976480422435 1.6146550499068686 0.44066173375203904 0.7297445573772323 2.4337067539340556
1.3217835952590096 0.05889322381479686 1.7500747684385387 0.29481777157211997 0.5713540145934907 2.5065238067535573
1.3295400664574906 0.10457343206633188 1.9252901489034921 0.1913205000492179 0.8659312205358185 2.2953882041343596
1.35352002590809 0.1222994578377117 1.6778089385321053 0.2900519977879494 0.7580298545018425 2.8126331384472505
1.3540727350324198 0.10107145088185221 1.6354686769396363 0.32878478548029505 0.6002598409787551 2.204359757582589
1.318154905634462 0.05891066349551545 1.7679508336198557 0.22116498540608379 0.5865085427568885 2.487958443641391
1.3101189865949299 0.07052908783346712 1.7288538022235311 0.1567117015518373 0.7978010262749217 2.051214155948238
1.313608910304784 0.0767742935151774 1.7215197511233198 0.33967190309784306 0.680154108392363 2.1177547759481583
1.3656590518141047 0.0651238349314053 1.7625362260127644 0.3057941347006124 0.7103609474344541 2.2444200526367446
1.3447373971388914 0.058969401848858245 1.5605932408004168 0.22877350039872585 0.7251852767113626 2.029863224317005
1.3274498242977808 0.07927873282086367 1.5899217244034463 0.35049000059651375 0.8037109424255386 2.2253466813024088
1.3766350447295796 0.11947618139951112 1.7501233178705295 0.1541118716312574 0.7759846233703702 2.136817835745164
1.3448478468666927 0.06242055439868998 1.5827771590162842 0.34593268946172384 0.7924936109668915 2.648931151355447
1.3483811104005474 0.12364429705187883 1.8157792857911583 0.2273956386524281 0.7652214504836721 2.587563158715513
1.3427762279070468 0.07161756472288396 1.5975721885316325 0.20491340743280542 0.44647232135739445 2.528943583824356
1.3463127204100447 0.08511524722695823 1.7389264559485111 0.36909853279541704 0.6180996837849481 2.5346250921881044
1.316677148898635 0.09886644129035553 1.684173275993396 0.30274293903320554 0.6568075069274341 2.541160274655022
1.3838810715206569 0.10176650071975003 1.963188811687342 0.24083280113953315 0.8777556321215574 2.2660908691872548
1.3410275084742835 0.11257641980559562 1.9501962085790208 0.1631732156455061 0.8256093624484935 2.2451801195287535
1.3735008167594847 0.07738091345588158 1.7673525204408795 0.2601386891200747 0.745149662194395 2.0493234977494423
1.3528946564967712 0.08014765993065541 1.8406144042232873 0.3695814724371034 0.8549779163058256 2.3890895578446463
1.3029623860048698 0.07815484450491718 1.6085965175106203 0.21132627130028153 0.7464018608258411 2.8793472041147927
1.357218592366769 0.08622926796458318 1.6250434035252934 0.21871450144570764 0.8580876640506244 2.0606205616267914
1.3438310418972084 0.08801156731889659 1.8954254697278154 0.31825770249346896 0.7548116237677523 2.0884543903343533
1.388695715101648 0.1216043857092461 1.7675169320380992 0.21862416755031125 0.8117202471764242 2.8865701176649887
1.3790988724019408 0.10612022883467782 1.6650465168303632 0.2755610995646958 0.6589813374200901 2.8173578470547693
1.3348901109645792 0.11781969644043264 1.69479658557441 0.19889681929670466 0.7393689902243794 2.1438520498951203
1.3442538635070957 0.044392127084929595 1.521277904462453 0.29783795334338453 0.5386480836762826 2.7135834277160735
1.3414151010965116 0.11326832283297053 1.807669891512109 0.21829165698630681 0.8967560374946253 2.864719220303121
1.3736410780519295 0.13026927450761433 1.9701583391259723 0.13032600491034005 0.8727447509124863 2.420307199974358
1.3443826020135985 0.07485341984524488 1.8804140430747038 0.34379426249443534 0.7129426516134896 2.1859590192527465
1.3155256190970717 0.06889562708277128 1.790248541809764 0.14057770150026952 0.8231057221523708 2.7296704019995586
1.3137205529402967 0.09509545480226364 1.6987693449634187 0.1595560221148863 0.6873761906521358 2.7632165423738324
1.3265550990833748 0.07876882913807695 1.845515985767927 0.17885110797144926 0.8958939188104035 2.5609214084855156
1.3626839338128083 0.09773685705781715 1.5245400736224939 0.28514713981000367 0.75872169803926 2.56361142053279
1.3432473236327862 0.09169072152918036 1.9640679892049957 0.25677381106380315 0.7853631269945583 2.61795810582019
1.3531359401504317 0.08575221855833975 1.6234894720843325 0.21683189503443623 0.8725766946895424 2.405584966446924
1.3634359355966632 0.055528273299188434 1.563826551802154 0.2611930850243742 0.5332863827449172 2.691304997409162
1.324854586893819 0.05676098738669183 1.725075803986003 0.3134902835287981 0.7546635170052975 2.7695553500294254
1.3270447431297554 0.08577634841850053 1.9143752696142275 0.21758457713330148 0.7475996078901987 2.6916700502130486
1.3511227176232836 0.10042146778679827 1.925183617471038 0.3120589296896592 0.7877440666751497 2.6431379826753574
1.35738603199423 0.0732184074183455 1.6787749049675673 0.14952872795113412 0.6608417476079129 2.6311137068068935
1.3439734932075138 0.11223751353487241 1.8516906655044276 0.09574722442589911 0.7728533342526155 2.7178734210421838
1.3825686215230686 0.0895005651756026 1.9144789661358805 0.08255753163562635 0.8407541961579355 2.403089114784017
1.3774688113480498 0.09935151755853427 1.5679635633187665 0.2645625150753971 0.7609516641198848 2.243327222037895
1.3541905043925373 0.09241624546017811 1.9107610503832158 0.33418529697061583 0.8591215579500522 2.1951502989598017
1.3454504315094713 0.1052667405793921 1.851132361968336 0.13643357146231563 0.6995365029523124 2.7941124605597905
1.3853733785249807 0.13696408460953935 1.8913242606213951 0.11988136542620442 0.8710692252138614 2.4743209093885654
1.3605399590202234 0.060226554176372675 1.515465301555297 0.2855856612207258 0.6767700050506361 2.468874494549946
1.3453548250654572 0.09961951325236293 1.799727102600939 0.24293615515545147 0.9101288000967686 2.214532875420647
1.3503568718344778 0.09757425589478758 1.8319422506785452 0.20653610158496816 0.7367696746605582 2.0176588805513767
1.389367421799979 0.09688068831082192 1.7007771168293164 0.24317212141315261 0.8395938540677008 2.5099167841039614
1.3581582386167297 0.08139314170847704 1.7748243303806859 0.13154687254910097 0.7806272014528736 1.9812851070338464
1.3023724891799322 0.07487146639082484 1.6193748579195195 0.25997125112525415 0.730668421334563 2.8575366269160933
1.3524038397366969 0.10668569803977714 1.7683265943942537 0.14857575165288633 0.9134717997595514 2.8712769334132524
1.3655707951332627 0.10624349312185628 1.7101536801122816 0.227985931001634 0.635960241811585 2.585203956242413
1.3611794573852076 0.06647344984447055 1.8208181082106751 0.28692722236862406 0.7530450249128575 2.265745229357079
1.3618226355677827 0.06902005056408841 1.5776614990573385 0.3673422540384931 0.6819430296393677 2.7214933892776894
1.3341218908723547 0.0915691011476695 1.723594820791141 0.2428446126403602 0.8911419998968051 2.311780950702882
1.3023691622145503 0.06637362576236905 1.6026632785213901 0.2635242205700083 0.5960731193700508 2.069961685299129
1.3576163949052873 0.1192226487001437 1.7129751219894749 0.19220506974054366 0.7357290562939854 2.810732159300819
1.3357822742157044 0.06903183771514455 1.7109373779502548 0.15987254325538422 0.5698703920054615 2.6198450649600264
1.3394876996459375 0.11390612253597998 1.9027705231242709 0.07892164223663026 0.8831880882892517 2.330049736658606
1.329679728873107 0.09134554756197204 1.7124181684483697 0.15654191536672507 0.621090779405242 2.458013193665785
1.3496159412241728 0.08144189752170032 1.6177430990167734 0.2648715851816546 0.8669927895906281 2.144772189166562
1.3110127979259958 0.06393740735930667 1.5429974393109052 0.26269142517805216 0.6128507846659564 2.052780115254188
1.3637288183175558 0.08319830852576147 1.5884924824578848 0.37317280174060546 0.6642833143555866 2.2780515781808526
1.353524462661325 0.11959948963930879 1.803536370404896 0.2327120667634621 0.8776179699374907 2.7731153089512772
1.3685095291716505 0.09445657186443071 1.9144277123888123 0.16691190654000482 0.9292914788884744 2.1150412898987234
1.3464137614081135 0.08126559736680562 1.8285244932344342 0.0848899832726548 0.8112094674639854 2.7773367947870584
1.3621148205912665 0.1234589753752209 1.8744338596007748 0.09949461453239165 0.7885247178100754 2.7914003838915376
1.337170615293829 0.064299059886482 1.5213074359389882 0.22791914494565063 0.40937928195540546 2.6728930046149535
1.355649044814509 0.09192424527628454 1.9784223018683758 0.22504287698664796 0.878792225540078 2.6482355659089465
1.3425250088736391 0.11540217148314912 1.7406642091662123 0.25874112907322355 0.840890815813843 2.1959802348167266
1.3631428909751748 0.0786072002686001 1.8450165035743176 0.3075574266024785 0.8632315874240433 2.4459060770026917
1.326861524533803 0.047099426167134584 1.6173460188449724 0.24918653145071612 0.6904794615253349 2.1428019870040913
1.3396752110021228 0.05591930305202057 1.5547849986687248 0.21439073422717214 0.42728792813974165 2.8880548898459013
1.3460127676350584 0.11076474385396064 1.6112461699076812 0.22402588631905782 0.6665752233225991 2.5195780431140795
1.3142239872484796 0.08260199379025078 1.7464236036903966 0.19462990142373987 0.8555660570863821 2.408051063626737
1.3391237503802251 0.05050068550695988 1.4785692222815259 0.25197283976650836 0.5410375236047555 2.712958207220216
1.3819174464393678 0.10084451668481717 1.7948216053035897 0.31931774967914933 0.8050151381024003 2.550606998702936
1.3079005895545055 0.06731557611044696 1.5714289859000816 0.2648297497694598 0.7134560415446413 2.188447558815746
1.326695550464404 0.050535316001992445 1.558895526481738 0.27912033062587105 0.6938924641978248 2.7209064162684156
1.3348426745326938 0.06321601169996392 1.8773713883919494 0.21754373670890176 0.7634784675179392 2.6753026976713814
1.3220976639855009 0.09562614010391617 1.7793680101490117 0.29290867721618896 0.806046820198313 2.308353768754253
1.3770135576446945 0.088328414340319 1.7686806047070225 0.31946041353278654 0.8436796178897416 2.2863699830057054
1.3722470713367516 0.10846295965346374 1.7920391460078058 0.10759884282685685 0.8921920751995671 2.898298248794277
1.3585045039318469 0.07347375975113954 1.5421706881781114 0.24551096052159332 0.7503852618493192 2.0819959900173974
1.3344105543965266 0.07279833851576331 1.7563697771015143 0.3293996462697318 0.6124216447017541 2.126041427583112
1.3553314737456672 0.11182971421099429 1.626417687143043 0.22099605636062863 0.6863169846001556 2.2167825372790126
1.34534031135497 0.07233986298161292 1.9138120913940657 0.27371116279592783 0.8294212092813226 2.4305648736259515
1.3424004622782892 0.06775538894935737 1.831071369064302 0.34978216889828934 0.7501959911607733 2.414801297194161
1.358527631552342 0.11135757786267367 1.9643004804417283 0.17252995474105967 0.820847532151207 2.796871780996256
1.3212282938947588 0.10337816235095376 1.8213861907044646 0.1731831684791463 0.854576277533457 2.3113635746474013
1.3604317264359413 0.10390731551381562 1.9336662642781008 0.17002209043841612 0.7588779829557544 2.796460100186955
1.3343796557684255 0.09658608093069512 1.580722432032616 0.32909996368360667 0.6885808032453001 2.8658431320332483
1.3549418963656055 0.11533825231309558 1.831016521744849 0.11232106477195705 0.9150643699418967 2.222697900515589
1.342124209597372 0.06226966264264536 1.5974551790636187 0.21156465941677438 0.519223616995064 2.0371324196029903
1.3143624451462093 0.09600080727492594 1.597754309313504 0.2514069647788999 0.6246349219227163 2.6560740616942944
1.3533571621784604 0.0839547504554416 1.5980692662682503 0.24700379534160383 0.49445275544626344 2.6659344860591583
1.3659696101535368 0.06558266881872152 1.6437917164385518 0.3130833714730556 0.6380227452684383 2.536367533534458
1.3628389011745448 0.12887960569061513 1.9332052997846687 0.1329493300538034 0.8832479266123267 2.8779455858405316
1.340420834680404 0.10699005292568288 1.8700961449258575 0.13740353781269213 0.8519765134936272 2.0287872504982385
1.3208638038941012 0.09498912876785376 1.7696610379470674 0.2976191280653344 0.7335928459146118 2.201837826112871
1.3786337488154778 0.0910787200145745 1.6253543323783906 0.313584346228559 0.7842095263864939 2.230512126683583
1.3798968174958448 0.09912019198284047 1.6434266515280096 0.2729205159767106 0.7399884644035905 2.0971859849470107
1.324643749665573 0.09984697697562395 1.6539317043788397 0.26658799907855674 0.8021267521770856 2.216684990865327
1.3139634842074384 0.0677842863582538 1.581571087994425 0.302252271244872 0.7234149236016257 2.8482011158613587
1.3548864548195019 0.09144392658826658 1.5978074778662696 0.32688131716190366 0.5991752896906865 2.581684837891131
1.3619670292102446 0.058101380830983304 1.5712279283796637 0.2406359302549779 0.6224157272881179 2.782897579080679
1.3443302435897275 0.11653966453161328 1.8036970799059833 0.21180218115545624 0.8639791588656182 2.132687376357465
1.3410874133387298 0.08707545088846959 1.791010194046263 0.09939107602468544 0.8723441454769941 2.5176872580466787
1.3295702124335471 0.07464913305888102 1.5167542883969793 0.27225946141800894 0.5149723139271667 2.087094010614951
1.3723022249591286 0.09636388294549234 1.6157146767766504 0.26816281582640217 0.6183213457767669 2.45128858789852
1.3499406866336157 0.08690368687001715 1.9483119395760098 0.26675522296840654 0.8543467040972479 2.4966035114797727
1.362788680460083 0.11118130067493039 1.7245144964988635 0.3042182437367191 0.8388229495910595 2.314207757420445
1.361461117341518 0.0652665361796882 1.6535037628204228 0.32774273628760386 0.6311850852890607 2.4982268611012093
1.3635723554409136 0.09284973219608973 1.781761553897827 0.3141737834828105 0.878872996454537 2.27597033023156
1.3321268347869342 0.07646988380628039 1.908276707521817 0.21704234235386757 0.8433760496790378 2.726687138080738
1.303016970972956 0.07795987562297217 1.5951598782686274 0.2131922798434415 0.5781814005388072 2.114788653130718
1.3513361344993076 0.1108475593527425 1.7163090829870513 0.18389443435180738 0.6948456211532947 2.6574812896468085
1.3449245256607203 0.0762062303656558 1.9177820138215473 0.14237305572518735 0.8503916559561593 2.20725787023119
1.3285106597665655 0.06507165020179337 1.5850937182071858 0.31947478018399095 0.7708991793666213 2.207124576171963
1.3190451348738343 0.10049326071892128 1.7191708851224887 0.1654228245913698 0.7325840130341145 2.552134697839477
1.3468586593336644 0.0924289010152815 1.745107992998851 0.24958698504097468 0.8983483212594077 2.8585838721266694
1.3686040190915112 0.08367280516627107 1.8242139854583317 0.19648204952607845 0.6773439012896946 2.8851537989964826
1.3645718016710116 0.09144149774710211 1.7298779194827754 0.1777584274384041 0.6405767635475743 2.7104835573566803
1.3307469326697154 0.07739289382899094 1.6481933455612843 0.3745695820262421 0.657375506485455 2.361353824973161
1.372681019105478 0.10225651418950824 1.692656012377575 0.22063862766845746 0.7026845204964068 2.0736775022108858
1.3459512009760934 0.07811055482982071 1.5583513998537373 0.36792115109821627 0.6487040509609341 2.760030699244281
1.352419186519958 0.07654830542662328 1.6919994545452761 0.31749842541328616 0.5731487134230508 2.539909557882617
1.351031200964743 0.11645501662070418 1.6943053579403111 0.2020200561961974 0.7930248089525775 2.8754672238690984
1.3381994884050528 0.10731130716215972 1.7952515141093919 0.137070377822765 0.8897412536144177 2.590104675028886
1.3040343072964 0.08176220347829244 1.615979155775861 0.2568194119967112 0.667467474533855 2.1816679568508546
1.3407483175998731 0.07660963303022729 1.9227148071736178 0.21251811978668386 0.8561684153793588 2.497205286951746
1.3323750755452033 0.08716055033584331 1.6512706568935331 0.17395521308775674 0.5915240002315976 2.285432813847291
1.3471898601165633 0.056840163881055714 1.7003136058043098 0.3156765497587437 0.6932989030798777 2.2292571098968517
1.3014611843290411 0.08125483547001346 1.6816078643022592 0.23219387594398375 0.6715446999754213 2.28289652750926
1.3230001861222815 0.09063804470372376 1.8135248565347157 0.2886544300920146 0.7435271846805482 2.2073790166400826
1.340095418962088 0.07737847345316157 1.7101042651610623 0.39555712116503966 0.7472180634458809 2.817978002041069
1.3716853474459185 0.09660246856499745 1.6490897844139951 0.3394981197742601 0.7819441253820717 2.246618408770642
1.3350553593365881 0.04693784510339653 1.5745126533106424 0.29398601921755707 0.5337591218244558 2.7536993986411935
1.3502319653931174 0.10951624254362774 1.8808147626704175 0.08620704196321961 0.9171919769507442 2.2323963302475702
1.316302107693054 0.05057852084995364 1.6391157746358083 0.2349233212393943 0.6887737413658861 2.2685296571939273
1.3468544542412133 0.0901453356134919 1.9357229093464734 0.18057398325314766 0.7627674218767421 2.7637771163086033
1.3742288536455496 0.09842888960310296 1.8530368278336316 0.2615267110994942 0.7505377072136927 2.4552649347821354
1.3200106982826398 0.06075069215100725 1.7836291833495344 0.16943101681522432 0.7187690172982931 2.23643941480468
1.34498005073953 0.11322757581681621 1.7994717236743685 0.26434499510429477 0.8156250333066692 2.8693566326269027
1.3352244381132996 0.1032630662057581 1.8122009222296325 0.2853993297718084 0.7619170989391915 2.506227925998513
1.3630800246722288 0.10278063830596439 1.9388383308000936 0.09416832554120287 0.8115895038570933 2.2844294140961963
1.3346671355719522 0.05331984649012116 1.6168508224747318 0.24532198923732584 0.7514035944950324 2.261685432805249
1.3187777511479555 0.07088996905589032 1.6002005436999411 0.33429162267968743 0.6229173737523033 2.242596631913081
1.327662484246143 0.0703657254924669 1.6018300140508324 0.3037497075114609 0.5028699291223375 2.3771753366754536
1.352775771268227 0.06822458927345863 1.5172947449157723 0.2946100266173927 0.7125987001299637 2.1385664984794315
1.3243363248151865 0.07185250658109688 1.5112217815826574 0.246223543297938 0.5461417724883232 2.086660893943198
1.3802808081930629 0.10809506827542824 1.8445819820092972 0.0941939022910029 0.7939824727133834 2.2918058049817573
1.3622396700980188 0.0676010375485183 1.603166366218962 0.28549820623639327 0.7738057895579253 2.660857574375528
1.3563208148749952 0.05572585516760237 1.5930731000879108 0.25911594961712237 0.6755841420483305 2.2890111060307032
1.3539882971607369 0.10906673063866652 1.8755382104621745 0.06823902703995356 0.8924600785839654 2.642990667241397
1.3801070484413291 0.10381327273780624 1.7076775168093632 0.2837062634428354 0.7611106213438626 2.411029699439171
1.3572795700143638 0.1086192092904137 1.744296463957086 0.25343886398925974 0.873535231764046 2.2719025459926794
1.3630191998059988 0.1042453091000563 1.8379670562633899 0.25846863681045174 0.732398219002766 2.7335975305162385
1.3414342825830172 0.10183144712412083 1.7516000824925315 0.19362713976632687 0.6533100466103872 2.64680340073857
1.3338413066015553 0.06143668328514238 1.6198346486691255 0.2415441961381978 0.7648791014462117 2.0405996981781414
1.3186820874601664 0.09982483386528855 1.7609414765886489 0.16931070505675616 0.7350479533986262 2.3357839758163776
1.3487171438162897 0.0824049879432373 1.5851524627780105 0.30740130083562145 0.8088823448256018 2.1168170110624613
1.3720823250432508 0.07485074295001096 1.7671538242695006 0.20791380365135897 0.848093215959852 2.7272384916593135
1.3433255695108497 0.05044966584016419 1.6420391462090254 0.27100869303573955 0.5860444196571515 2.5365409936869487
1.3292745822979153 0.06077384726493798 1.717346724460709 0.2601288168671386 0.8157854574818806 2.823955290861817
1.3216518826120331 0.06297742292288537 1.5804084456206589 0.29952553300012 0.5057307234676993 2.8771420885610848
1.3495769178555492 0.09425767393178804 1.8077577733338854 0.2780797186258918 0.8554490865956501 2.074614527106525
1.3845442092907363 0.10396856592666374 1.9078492282241122 0.16288578002425294 0.7989801097311076 2.16976387940495
1.3748481867025906 0.07753352746471687 1.6700271365218708 0.2742387187738371 0.6829078375625499 2.42332723649345
1.3263310115864766 0.08464577463192939 1.7240995253949203 0.29126262617760224 0.6060863315473759 2.352272019521643
1.3430096208377778 0.056834548024480444 1.7288651933070678 0.23565828783620835 0.6323571178692893 2.469555643073451
1.3660911038444057 0.09337898366476445 1.8457010409054033 0.08279007751889499 0.8069383924917872 2.4775461300666892
1.3553122671315379 0.07533781827808377 1.5683408825367324 0.261466720064501 0.7987735204540174 2.427863936546422
1.3560076524847537 0.06923068078493463 1.579284499976879 0.23607399274844618 0.6787301408346875 2.0404343570968773
1.3175563450197318 0.09301280706025045 1.5922152008321553 0.24440019102282462 0.6768000244684822 2.462385487353987
1.3443246978219077 0.11157811741342956 1.6693982855766267 0.24759074417243057 0.7245537475811822 2.871187047223182
1.35405969327575 0.06304064793221945 1.519885747115192 0.29366925008358175 0.6458978806955925 2.675420740110148
1.3599844533469936 0.09671808632167841 1.5874675461698442 0.2283408714357472 0.7633445934013563 2.814330749217339
1.3356928632925482 0.10503595396510061 1.7675886934031397 0.2261244374473188 0.6946511696021553 2.5563902550949966
1.370823816456107 0.09474850576958128 1.7296428971869426 0.2577108605744318 0.8749601746553247 2.478021794228651
1.313745550989562 0.06725403778588136 1.6223084375033054 0.25050921955879446 0.7651819876907121 2.468677123530947
1.3434600900075098 0.10043085654718606 1.5882772124189766 0.27188178691328513 0.7575184968476508 2.8633198445566035
1.3775231217709092 0.1105145468658368 1.8481520172719623 0.08133523475270467 0.8848067098294496 2.616013929529097
1.3342231821634827 0.09212266799162588 1.6767059021721678 0.16110721337592768 0.6706427161165968 2.332017033184465
1.3588199597433224 0.10420027472582062 1.7477914717336502 0.23149833004831674 0.8066457292600927 2.0440746656554523
1.341317999807537 0.06310039825864097 1.5752292468070497 0.19552340774953597 0.5500259841574416 2.164929725552118
1.3571613476069104 0.06523857194821968 1.6341991240659741 0.20851207435726146 0.7721219087604064 2.40027658174131
1.3596745229095224 0.09418904970545153 1.5845405519416413 0.314475233743389 0.6782143341795945 2.2541696133577194
1.3099478915437064 0.06778933972059066 1.7502672764317881 0.23207743574814352 0.6640223798792289 2.702117920179431
1.3414870704394615 0.05822410500575368 1.6517480386232104 0.1933484116711595 0.7411993077310869 2.0778342283094813
1.3194675043413167 0.08041832395348791 1.850106061712527 0.21493375461166866 0.7761182906832753 2.859029802897231
1.3183153473237574 0.09582370024747949 1.6301583760703569 0.2524767321181505 0.7036159646320853 2.750583316618197
1.3616517977225746 0.09382709726207286 1.5809930589234567 0.304709993143268 0.7455303329050866 2.153956002595626
1.321666124325897 0.08744384985208901 1.7840688928031705 0.15836673829170744 0.6868256295438582 2.1735852989314997
1.3366809338430141 0.11081185467940448 1.783233348017304 0.14942331197899006 0.7844684999503596 2.2306059458116816
1.3658468209004317 0.08431859857198298 1.7490370996604554 0.12585831969271402 0.7493210472718642 2.3437742414338465
1.3658468209004317 0.08431859857198298 1.7490370996604554 0.12585831969271402 0.7493210472718642 2.3437742414338465
1.3573294274204994 0.06433670891401351 1.7655660073673545 0.26309860386657347 0.7448672591834136 2.3327029736790186
1.355802497897034 0.0636040243785448 1.725216749474991 0.2782942968449671 0.6623280471619809 2.7176529594795933
1.3584410781333638 0.0735927426634746 1.545077335038803 0.24249713364796976 0.5574977606079322 2.452622508779943
1.347858061037662 0.07301495292746585 1.5447587606514057 0.3295165593160829 0.7313587169265631 2.392490314298886
1.3762397472993215 0.0972619264789425 1.7092936535228513 0.25003648024638103 0.7056100613071727 2.400960232945673
1.3624387428116385 0.07736685266340368 1.7743784963720168 0.3298095734208979 0.7857086065564507 2.549869312176318
1.3206003926922742 0.08305753357755045 1.7433206133539876 0.18834690069234136 0.8531977172597067 2.3067390157221244
1.3496982039060361 0.07531474188077379 1.7458750980414521 0.3032593213078892 0.837630130741989 2.1075934517332287
1.3361455351681575 0.08051559624939858 1.6512776325042946 0.15612656000754885 0.7735603964400576 2.2175071456110524
1.3444785324923367 0.06794132115831648 1.7447850643670195 0.3463267254572623 0.7615974511892675 2.440671357009431
1.364905219946376 0.07296477023102424 1.7832807759518368 0.2332393733793747 0.7009292810536557 2.2312623297966487
1.3346133144238053 0.09407928242036817 1.5776009078591344 0.27290365197861205 0.6220014259976675 2.5425488495237807
1.3442723985900937 0.08476023557251318 1.8312649389761053 0.12204527161207591 0.786734785105448 2.013342979932887
1.333329600714579 0.09591468431150932 1.6773695234536623 0.23162920408020857 0.6074416702107877 2.168051674806837
1.3617415721990174 0.0706760308224147 1.8319499721941908 0.20698392107288152 0.8422263920241498 2.3196394894572636
1.3443872157546946 0.05213649926083137 1.569098194011318 0.23578385577353217 0.5252260015027282 2.6369496405931407
1.3509654489027745 0.0798155567176021 1.5611356087490786 0.3265106740229726 0.746679527265979 2.1665886084514057
1.3846364675479055 0.09880971107939412 1.8640152920160924 0.1448012365811673 0.9042261852634881 2.1463059048018605
1.3494684416044236 0.1018279853509548 1.8569249580422422 0.1396748854744268 0.7431391519721253 2.0927631384570096
1.340815116687462 0.06446400712606659 1.739951875149845 0.16934864941024289 0.6311966404519798 2.3204128367603176
1.3441898333757627 0.06873511035299601 1.5782197610612205 0.28245687128176145 0.788945320933194 2.7559730196005643
1.3526693982525402 0.06709224246119617 1.5550316061406457 0.23685079808552204 0.7262138433305194 2.786584429206015
1.3489914552271867 0.11799480030961863 1.8807217457371903 0.11641906869502966 0.8665527313667923 2.2776155249004715
1.3702228115915616 0.08867650084104182 1.7488556485716256 0.24884703577498832 0.678091025832857 2.631034840911882
1.3390516689310759 0.09983124997534981 1.7523376240607234 0.13348056536971517 0.8414028757226367 2.648901494351215
1.3748528885650542 0.08661326149230061 1.831928426211559 0.2574968640140939 0.7901383787284303 2.2396265809918465
1.3109632769389346 0.06490670101726298 1.6015531814578234 0.2841702238899174 0.6349033340504779 2.619757039582001
1.3115903911610196 0.07969156564060362 1.6629919975447822 0.2602621672286139 0.6003497012488616 2.4073906488796015
1.3705278377413186 0.10961242014871857 1.765391316066875 0.21680497337991833 0.7552950355435923 2.618436619803641
1.327553987134106 0.08006802967784066 1.570404261911545 0.20446887517188878 0.6479194532354907 2.082591456564852
1.342127066082086 0.07685650360885217 1.611288480988514 0.19517608438146677 0.7989195160520985 2.1378016937944326
1.374856737731787 0.0856912530414173 1.7982914138020685 0.2060324235892275 0.728387026065914 2.3798510820760623
1.3203088662042843 0.05820808385381046 1.5856302981193973 0.274937361354526 0.5055967714555191 2.7265622405924925
1.3760041126626734 0.10833362680922208 1.8443331452026497 0.17867787081784986 0.9006678885606593 2.419375697159781
1.3474123936081452 0.0637103296394731 1.5109093443480153 0.26883743846021535 0.5893913775104179 2.8435188601929955
1.3356182818320421 0.09260463725954278 1.5961143979407495 0.24937302569863948 0.7774859038773425 2.8634407445204353
1.3249920519427187 0.06232809201895384 1.5328904084398787 0.2120140358515197 0.5555088259556361 2.2327598340980144
1.3514518992534914 0.07658602765971491 1.8351060703949331 0.2667027375316475 0.859366316633912 2.309884384213143
1.3208397740356677 0.06539008893657161 1.7929132037447648 0.24888403762771405 0.7470448444506407 2.52925082980267
1.3293831046165354 0.05243872415435938 1.6837471405080464 0.25407532202776256 0.647062949975348 2.6699497293276715
1.329378661371047 0.08473915623563799 1.5502025067549514 0.23338499096335016 0.6847030367142253 2.480103997047296
1.352693733390576 0.07415613148403072 1.8146491896002492 0.1262308657643073 0.744166921194382 2.052797376445655
1.3558942451259515 0.06567092987102352 1.791432090000547 0.1465184962642544 0.7737820200326609 2.285502811640616
1.3229566780547126 0.09712669353393782 1.8073426925623761 0.1950069729628088 0.7549863844261486 2.441265598090597
1.3563186663050828 0.06291518878996527 1.6552320964235563 0.26693882564412613 0.6060043841934271 2.6729999117054524
1.3759990906237896 0.08543083000443409 1.7110057168184047 0.18297384256528956 0.7806424922221121 2.5390907640415876
1.3286538500983138 0.049992719074777744 1.5993361895867249 0.2507617613173276 0.6293059834715682 2.1184807305149307
1.3526627808548444 0.06880517463448355 1.749893738712096 0.21286014735459635 0.8600969848001883 2.4490425127712774
1.3906066446263188 0.10305635168007675 1.8746147713755494 0.12167335786280767 0.8385197069683411 2.508671856132396
1.3379232474493463 0.07891433790658806 1.7486185417770699 0.34200216258731586 0.6913480744863274 2.321543085560041
1.3291138786255146 0.09993672873194855 1.796156707255411 0.2163360502943939 0.7357964938151025 2.198383117397288
1.3343483040350066 0.09235482233680965 1.686494385284849 0.16038906551352325 0.8006713723518318 2.6420149294361064
1.3651930004553412 0.07583718287905086 1.5846185637693604 0.23656679792820828 0.701391464099281 2.5385303026301203
1.3660888138377691 0.08670447456802496 1.6984525274044167 0.22237135553854137 0.6442789905946958 2.742774696009244
1.34946307418307 0.1048957922323673 1.8197593873846936 0.2592272859666931 0.8392686400008982 2.2854527782046135
1.3725646534689648 0.08607139494979399 1.8052132235648295 0.21878600395643713 0.7275554186894255 2.506117357334695
1.3655259045354624 0.09872877293510998 1.64231183896932 0.2303043596286701 0.7988354203665033 2.2733384774780285
1.3709869017147707 0.1036945289676131 1.9507782684369097 0.10236938921317591 0.8844242614160757 2.513991094834225
1.3408852866067722 0.09519719111455203 1.6604442830784847 0.28809189127821716 0.8109602326413562 2.5540063438742817
1.3171328351978038 0.07233297341463739 1.7892622020821538 0.2420122164408078 0.7103895231348576 2.369900208996687
1.3118727428484094 0.07253972171585994 1.6884198339348293 0.27282482428645405 0.6584383643949151 2.1674005737753883
1.3450919057357682 0.05611166039068401 1.5406945679392665 0.26171147590610505 0.622195123396392 2.7568622256873945
1.3217443124473875 0.062483025914632034 1.7503089845241249 0.2708299425703584 0.7200776256348407 2.4802438789652967
1.3460445210955168 0.09433854999319635 1.7568865819987078 0.3264703495398151 0.7682723620676631 2.3990269642387134
1.3473642196525888 0.0791958249840512 1.6970152822862383 0.2052453349041487 0.5829270767049587 2.728505764483489
1.3347024284022608 0.08566732733675306 1.5768459338955 0.28752499387902825 0.626408757749904 2.1195219309773505
1.337268014235148 0.07523680436798294 1.778343162666919 0.11701908220683103 0.741289427144246 2.566310253673876
1.3148612538279694 0.0882277248581384 1.6551281927471413 0.21819201282148804 0.7403851783409982 2.6593063997181265
1.3155456395878349 0.08099717798130332 1.6907505656157764 0.18744255697410403 0.6638625080193642 2.0754245196676155
1.3379542092294223 0.09760455764243858 1.6299026035129744 0.21400929255865142 0.6517257857268861 2.5879662171244044
1.34267468262768 0.10005013677726492 1.8296535312193956 0.2515019651302407 0.7944976509538112 2.1241403839604676
1.339571387553584 0.09018513646139009 1.7332576427895299 0.24223689147272368 0.8457930787683646 2.07659143953543
1.357924647699608 0.09737546572522016 1.6222584026692402 0.2315063822567347 0.7134063840518015 2.0997658678090425
1.3650880854375909 0.1140806655124633 1.8440473586500166 0.12210271579589423 0.7994115468976984 2.3211344830200025
1.3278580253490524 0.0845259039501072 1.637935437760131 0.263785646477411 0.5663699894987241 2.4438112816921356
1.343021614508626 0.07171288329011428 1.6844859271790138 0.35432670755685697 0.7105031759243668 2.250884356952486
1.3444754329704032 0.103101190567533 1.6887710078451432 0.2789790928700373 0.7233957916431405 2.6044311868341663
1.320405140594146 0.06489219005122907 1.597884665401602 0.18489100457815114 0.6080618362951989 2.7396527935080526
1.320405140594146 0.06489219005122907 1.597884665401602 0.18489100457815114 0.6080618362951989 2.7396527935080526
1.3427258468462724 0.09527677736952692 1.6076089707222965 0.25219442188770846 0.7781535382667424 2.593064433886304
1.3613471079861625 0.09520956393838083 1.7800302069629428 0.3128243784578662 0.8016823456670787 2.3077984739986763
1.3305945704807614 0.0774075538906926 1.640525815919939 0.31241837833242386 0.6458672824256818 2.0939768986319787
1.329989509205448 0.06169460932665623 1.5220625563286077 0.2569153771140418 0.6375883314468813 2.3311673545214924
1.3481274514580144 0.08186309883802574 1.7872553660513189 0.3317563394374549 0.8021452438698763 2.358189909811888
1.3123730536802343 0.08498927334532716 1.711939942727652 0.23957876699290798 0.7206655140584138 2.7588231603802615
1.3207405359148445 0.056271219119721015 1.6919769187946776 0.19090361952201898 0.684258191512149 2.7015066524753317
1.3259440433230254 0.0829113804242848 1.8485012553441145 0.17976282224487516 0.7432683801027795 2.6527307553671533
1.3312182207314809 0.0851793704220515 1.5676665382585733 0.24481679463836098 0.5789401765715525 2.1553770716026377
1.3428916845092218 0.06689907217373113 1.7365519021157616 0.19594600472963036 0.614192345703514 2.6422125535123184
1.3647503313333909 0.07499700638049026 1.695657920179299 0.18943235976731948 0.8133985942524724 2.332106530550919
1.3743166756218965 0.0954508141382739 1.7640259416778923 0.13705504277946703 0.798206583896721 2.2502304690165804
1.3713534392728737 0.08064102030936952 1.645137383685227 0.2521545325772796 0.7038878771723054 2.6456564561490885
1.3687859668368079 0.10421668220777676 1.7766458609567908 0.146486609061835 0.8463314982382037 2.069179896738494
1.3613146160063503 0.0822424597445965 1.646908451731429 0.25020693584092213 0.8285245204562639 2.797601904896849
1.3198865296202853 0.09041206003661373 1.7810947435684077 0.2283405251088442 0.7729599670284034 2.4848179166594067
1.3585621641490477 0.08716146577182601 1.8159529749791479 0.21013150490548194 0.6863984467137034 2.1960424940287524
1.3105765478588483 0.06024124522532226 1.6618246061276207 0.2211138529345719 0.6895015658025582 2.2092616487199437
1.3796978224060614 0.11619630119161453 1.897820825337712 0.11248426410250814 0.8402424780369945 2.521085812082533
1.365176469660751 0.0712206771795385 1.6295971597597387 0.2554200384404045 0.6621711079108902 2.75203197866273
1.359204583704734 0.06499434643638048 1.6622339935498327 0.23936921865790983 0.6610225200740839 2.347424712118488
1.3658167613452268 0.08599456833049307 1.8916983870793609 0.21527385421364256 0.7854969806450933 2.429619622436319
1.36510376001334 0.09958538957421124 1.698312740808312 0.27216262586540113 0.7482895042540352 2.121322082498333
1.3259182445736708 0.09873174697612425 1.6919650145531122 0.21207286532711736 0.7683443909075888 2.4866809343470626
1.3574432353422465 0.10655782411111973 1.756270076488458 0.21561897496026078 0.7297887376961955 2.317300817743789
1.3452828732574762 0.08148414788363009 1.5710469110558192 0.20928473814058704 0.6294071794992928 2.1859969012820115
1.3648487778458822 0.08357844356361889 1.6538816453429686 0.30140717572456355 0.776226056632775 2.1511442589911596
1.3718614082481873 0.0900056339906345 1.9087710913866203 0.19076526252920856 0.8336284770963587 2.6791549445900804
1.3375435796345294 0.06442096773347782 1.7236148168242837 0.15528241930115344 0.8153451252210844 2.2417668650380915
1.3583503625014968 0.0878394767916257 1.8639225486152968 0.27669825617168314 0.8290897627369824 2.6851230166887246
1.3484823535758108 0.10104439463034375 1.709198173400421 0.1719683566384898 0.7242280109631183 2.2596668021641615
1.3679516020404936 0.10807780547709005 1.90130904875529 0.11145948240397487 0.9154898545412377 2.267833840335248
1.3334846507289377 0.07658900214746754 1.630938786471009 0.18601901711244861 0.7918679859619248 2.7011824890038327
1.3593146842721275 0.08948678958140624 1.5983577922161105 0.2651467496437563 0.6360503222908076 2.696028946409856
1.3393000927145624 0.08520581249521736 1.7802129491265148 0.29502859446459134 0.6874705815515562 2.1984477936200975
1.3173545620855587 0.06810772086114567 1.606860340652555 0.1892615606826409 0.5937173216492464 2.752592891610688
1.3688278900958353 0.08539085366778189 1.6508018733618317 0.24476453408138388 0.6680612068607621 2.316392743564262
1.325468810586918 0.06362596546771596 1.6200330405527672 0.2971505793924408 0.725256433767597 2.3973507555048914
1.3222026990668998 0.07469730248775705 1.7127635536512889 0.15876323580734017 0.6587643501537797 2.711006613402309
1.3478741728399803 0.09702990352487587 1.8259569340431616 0.17406772261515047 0.8959720583553311 2.1348910883924828
1.3630352123639153 0.08444006963162747 1.9087730500752311 0.19936103254137374 0.8496760579850141 2.7794230867377383
1.3401528323148262 0.08943760781428438 1.5753742635429058 0.2693112213796809 0.7347174525176563 2.7582081804576206
1.3697802695064758 0.09461505383243166 1.7248868919109723 0.287746091805745 0.7976299986261972 2.3048470077240455
1.3456056785511616 0.08107707230747488 1.6953917610017541 0.33234998615729144 0.798561637467883 2.8051196563230203
1.361405018519504 0.11457608839260199 1.8117807050611 0.15000921053475216 0.8170271218478784 2.5870685024133553
1.333246019522746 0.10210416451161254 1.823090682830059 0.17609692719830003 0.8433415086310923 2.741768994827827
1.338702781964685 0.07253318763064225 1.7900308405320557 0.3079156821489927 0.7279400868922646 2.15157750223454
1.326843741133827 0.061409977013148355 1.6581174480651137 0.1776394738379195 0.7495762129883043 2.5995263112664295
1.3275165960684596 0.07707326955960221 1.7919476036175 0.2587348702751856 0.819815538564877 2.511889176207517
1.3526416346779149 0.08908703076394969 1.7614405877343258 0.22181849031729511 0.6507094855102286 2.2346611351821295
1.316569441945872 0.08381215251134087 1.700115082488884 0.2669403067299264 0.704795251946466 2.8032253724561973
1.3716566355224153 0.09224799658085031 1.8944000640617924 0.20899636950867725 0.8443482367301002 2.8284211564192714
1.3509105466604538 0.10196163766811397 1.8971474352650084 0.13505347822625396 0.8011477028420151 2.14576134914425
1.3177547805529404 0.06564148077771018 1.7146868615342632 0.20854100227759914 0.6385457284971501 2.088322834125191
1.3261511416345195 0.07453849418454286 1.7007778568239194 0.23977490305033336 0.8294524792595761 2.796244989058053
1.3374174550595181 0.0643879826681301 1.6593035796445066 0.3059158187645816 0.7621257244455101 2.2304228354857676
1.337600765836076 0.08573285069054525 1.5836454365111292 0.21009190113438442 0.7026428681460001 2.3225180846963287
1.3306666740360384 0.08089403033135666 1.6256317479925149 0.1899481875909716 0.7704700192915807 2.222432743441979
1.3463823615710762 0.08865013507801438 1.5693149004455802 0.28059546016082015 0.6972402427305912 2.2071572389806433
1.3320165146649927 0.06890675892209473 1.5666284151200762 0.31174544206806853 0.6662358844621742 2.7646394238901792
1.3638046341042047 0.0773248585339203 1.794911985950296 0.2401644690236005 0.7239692415393277 2.257045232242759
1.345669506547621 0.09734435802878465 1.7742660524260234 0.12431514098019748 0.8467954444958229 2.3192539920969066
1.3449924674568425 0.09812184543161774 1.8124544129960476 0.2523847123116119 0.743763509488513 2.229003812550446
1.365585560523051 0.09066453537540126 1.7446188841438461 0.2247610552033925 0.6860904753310184 2.89457984082093
1.3231682957259256 0.07677837600209253 1.698171532784387 0.2840349502483084 0.6249683153077267 2.325115306776485
1.342303163989756 0.08234279594891317 1.6581454634452633 0.2157700498951583 0.5739997782780879 2.309908385927553
1.3292382522588961 0.08251929748817285 1.8118550175661583 0.2649599189130036 0.725816865384005 2.6914286211934213
1.3525762636744298 0.09512921572423422 1.6731754335836995 0.2827778233711808 0.8147237391274089 2.732771281369837
1.339361460899985 0.0850324785290361 1.794480835501178 0.2824657842795765 0.8332122994888304 2.586584233596913
1.3603545389849034 0.0944777817571185 1.6821896303014654 0.2476733728546227 0.6627185322075555 2.35028149088207
1.3296260522958285 0.09947059183331763 1.7045343329175224 0.20614727570723876 0.7763255050048822 2.335328211141884
1.31994540345313 0.06129028872343249 1.6042772444364224 0.2838741724390363 0.6523923555820766 2.8075147174121002
1.3139553516885167 0.06189868274471917 1.6996182970496658 0.1999884272513696 0.6634830307470927 2.2419484194806523
1.3210251384516312 0.06829108787787211 1.6252325314660818 0.23288097214770515 0.5236867790053544 2.3263471940513627
1.339417108154996 0.06314795940761864 1.5604785512240813 0.25013735442512836 0.713220588231151 2.3075464437310416
1.3363072932909903 0.06406986508423528 1.647851125962296 0.23774631491402243 0.5348574591317607 2.314690624276461
1.3197115808568836 0.06987893878367439 1.5557088493439106 0.2608251235981627 0.6312456376135681 2.4901345092526537
1.378038260403204 0.0943210783160092 1.8600660353954412 0.1038381802324611 0.858253223242582 2.1601142003097915
1.3588799597187602 0.09260650115758133 1.7503325400668945 0.25648289896085935 0.8600801342496287 2.5242214401107805
1.3585402365396262 0.08224936937455525 1.5811046042987895 0.2602494962104438 0.6310132266821711 2.6444345991196148
1.3161299858167037 0.07717501263514517 1.77353387300193 0.18907702425159972 0.7193500937477153 2.6866251278924644
1.3379752590275666 0.08711209119217841 1.8352096470886274 0.25407989652853874 0.8356616790896981 2.2911810994305513
1.3524288045372705 0.07345009802042206 1.6069040494742457 0.3221465136944945 0.6800079330125839 2.4557960405507058
1.3614119562882228 0.08499733233873696 1.8438306658773544 0.19781114936036234 0.7240368726284336 2.510872127429515
1.3579254811132326 0.09894913261111281 1.8749844430977298 0.12365030677287571 0.9063938804969416 2.765452960285352
1.3350243285951504 0.08643707995899033 1.79233897427426 0.29245284838289004 0.7447657858355262 2.4592617793685263
1.3408007515572264 0.06540038830486916 1.8229651369800308 0.19166580002372677 0.7343243210450339 2.8686364041730372
1.3235845821196246 0.06598247500528466 1.7012724059999222 0.2302257057784883 0.7806416098049929 2.090375550544619
1.354231339096706 0.07873862900322473 1.6179846560639435 0.2722469027147958 0.5903268848084541 2.3608449646494583
1.3341072484157612 0.07221897388784634 1.7570403276289328 0.2505601933508249 0.6234271564312271 2.2712498197960196
1.3593144991762602 0.08676920841489108 1.6681193074113037 0.2576192591159005 0.8270599533530725 2.1535426300118474
1.3561841026717845 0.0899318601913443 1.8859494289224288 0.23521623207668446 0.7919621354350563 2.3494299316061658
1.3281473256030982 0.08249548346181115 1.8485648759375586 0.2080174812550875 0.7981946561080774 2.8609954490556104
1.334950763306319 0.06860675326435793 1.7049931200933721 0.1454661592601722 0.737378573223729 2.694209616237661
1.3262084304671533 0.07658620452353561 1.6235026725701824 0.2977604052421435 0.6230160810960044 2.587141972331237
1.3687183122522208 0.09100989079935341 1.7052536802342129 0.23631022618603226 0.8280672062143475 2.5415122010448097
1.3244223777039765 0.06302469428715576 1.6149352570413478 0.21218736655463827 0.5351893395013123 2.617993881422007
1.3446056980166796 0.09638336540388669 1.7825492778570644 0.27241981112683683 0.8155587860540198 2.529557029330033
1.3389119066123611 0.05896149312318633 1.6174227608771226 0.24958959472017325 0.590769507436916 2.088916646012794
1.3265798112638632 0.07488732632980147 1.7231256782579507 0.3049708689123093 0.7040450526754152 2.3670464264438515
1.334656804889801 0.06953754599081476 1.8030275587317028 0.22809836579734888 0.6786804518032176 2.7875994912702087
1.3505752886710196 0.06941509068539603 1.7632137523715699 0.2885985962737821 0.7201095874583536 2.7870283001999785
1.3300342596506143 0.06305403900598912 1.7460244842804324 0.18260141853843295 0.8051075322457628 2.8214999421786264
1.3548246586603878 0.08002546416396658 1.8098274599204838 0.18362223958752322 0.6893958969394101 2.1638613976866345
1.3722505493962156 0.11204369853595918 1.869159444696535 0.14916138945319782 0.8704930426060442 2.873290782379033
1.3158736179414212 0.07224136478360436 1.605031917931584 0.25947155470228345 0.6829617230955213 2.356157727908183
1.3612749663904398 0.101507930062042 1.766412018339515 0.13987604238139562 0.841636442025373 2.5332602299346263
1.3321896321572753 0.0751368036967627 1.6502656255075223 0.2996215516635082 0.6093033025387918 2.172773764708512
1.340098272099306 0.07806081990326007 1.8375573734340693 0.23249321053265173 0.7088634062655863 2.83376516160642
1.3502416934088126 0.08678055671584907 1.7000007108919126 0.2164544183134224 0.8581140836147175 2.4896805342903776
1.3680148626980537 0.08303803804828762 1.7116432450483825 0.27283368550924897 0.77715520282098 2.380177709969522
1.3648016002660162 0.0928539868618724 1.7118929886364103 0.17390521016091992 0.7467698821100369 2.5237327593046075
1.3542272056888756 0.08756189743928436 1.5892180856338447 0.26087117983419456 0.7348824335741682 2.8428474466539204
1.3398703296459262 0.08461056499565935 1.5908461602394075 0.23989525988593394 0.7430524854553728 2.1219783837775323
1.31564126685059 0.07542309895864523 1.6751915302600788 0.1907986004192277 0.6398561837699647 2.5295762561324757
1.3238759393764579 0.06981290111470285 1.6220589279453472 0.23616521571210364 0.7670328948183828 2.4154154746810597
1.3260828121753512 0.09162176723298215 1.789765958154 0.17705828769218632 0.7387981461701038 2.8527008999934265
1.3209082969536623 0.07209149038390814 1.743430126501389 0.27035029688127876 0.7149639958341443 2.6997737725095585
1.3335072084197868 0.0784772819818244 1.7637280084386036 0.16293193727594588 0.662398463083204 2.8733975128503797
1.357750391805384 0.07138327937567863 1.6523901493014583 0.29610516951537247 0.721274086817113 2.636184610815412
1.3408193058047297 0.07881410445225152 1.8840921285959027 0.17872072004379355 0.8133215315810003 2.2098862935352845
1.3483164380444976 0.07909611715452862 1.815329068621154 0.2522165828142914 0.8487453383503515 2.788946003541945
1.3582258676158794 0.09840375277096484 1.7628922314855662 0.2544154561713205 0.8381807637362779 2.2956418318803484
1.3269601787956566 0.06643202345749478 1.5605455309913725 0.21723852193978707 0.617089135778484 2.1536420522763415
1.3323726657773152 0.08415806948917497 1.7051836392969384 0.30005031936385884 0.6874495260239755 2.492377871569398
1.3692855349154225 0.10470869211565463 1.8956948923780876 0.1326500674343314 0.8189912268855398 2.6393021299119037
1.3390670518405983 0.09410381274672468 1.8379056312028972 0.17244991127365603 0.7416553552187838 2.407299812422503
1.342479213534098 0.1010802542605193 1.7856834784040905 0.13901187198999856 0.8394962968189926 2.738212411155546
1.3560950712045399 0.1008808705820028 1.7773710902879223 0.12923394038817224 0.8251660720779973 2.8849083707122474
1.3431168425930577 0.07497698583009439 1.600398005545755 0.3185674960329353 0.6863976610013509 2.8926694844183913
1.3611165886376693 0.07810489338380405 1.7596607956340726 0.2073612604347329 0.7107107142130523 2.09723735090047
1.3564601937045362 0.07315980174828056 1.5901247939172056 0.2515903899000235 0.621826990691387 2.7280014829332693
1.3392632080788363 0.09576661424114082 1.8366503450115848 0.22682092157350286 0.8119268048547325 2.205196237822038
1.340463850958321 0.07648818479860194 1.5598683297868792 0.2888057257365728 0.6737594492418942 2.3068966990149122
1.357717733542557 0.0687394976291864 1.631278263487423 0.23411407637825268 0.6617880371447411 2.675864896889245
1.341483758018664 0.06869442561909903 1.7551665351663508 0.30011693998114214 0.7349216617046876 2.7068847301305485
1.3419916875661797 0.09504855242556257 1.6870363165917333 0.21258940992478756 0.8210052440434218 2.258559537251096
1.3374028438293402 0.07887651000785297 1.6290811364327267 0.2398742555437401 0.6096561548960382 2.0655223317702243
1.3191147366675806 0.08569753634066438 1.7396818703220758 0.1950183857737554 0.7090695537967813 2.6533062271165555
1.3609672846636136 0.10156219470732454 1.7807419496782666 0.15929554916402158 0.7540412427890475 2.2861815649170634
1.3471736754420731 0.09425798260442284 1.75427128174428 0.13757661735856064 0.838097414354259 2.839798247571652
1.3622478982818764 0.09409725071569286 1.6611296297409681 0.26341492125022964 0.7211982784984277 2.322509096984846
1.3339971794351027 0.08126340474435058 1.6206217194351131 0.27128768555646954 0.7663630673047261 2.133268958183102
1.3404140357749803 0.08383735806394307 1.7659319742107777 0.13956352862815927 0.7048351878287995 2.271165012433215
1.3302388615482068 0.09495289195951265 1.7939346506201648 0.16409675931964557 0.7562644230437937 2.735113455637518
1.3578652802448863 0.09762805806017112 1.8323978659576792 0.2398160974163087 0.8427780056167425 2.5755860440379137
1.370345528092429 0.08675388263840338 1.825175281464174 0.11826325738954044 0.8110166550665955 2.1970611337384183
1.3317167498025222 0.07357559854217245 1.8310720836154588 0.20007761644448227 0.7260203174215332 2.7602807994231546
1.3673723937564608 0.09868399253377257 1.7570685523869236 0.17973468846517618 0.7663127585803187 2.1293120552679943
1.3300467268186895 0.0609690611387067 1.7190277729383971 0.2606410592787451 0.7278579245530848 2.5868152548480405
1.357769917746901 0.09290224049822184 1.6289621714319185 0.2336290365636832 0.7229165361516087 2.4589672941632186
1.344262116325699 0.07034647554648937 1.6236855541191457 0.3186475252496431 0.6914692534047547 2.729260768898078
1.3345631897960901 0.0864796835447648 1.6918020653797512 0.29470342876187644 0.7698231369424151 2.5780322984754447
1.3267336767411027 0.0716474716922684 1.738583938154811 0.2773708441012667 0.6684261567981586 2.505814436894153
1.3366415575695014 0.08256880305191144 1.640467284978176 0.2003287764096309 0.7922029294569852 2.494260363365657
1.351685401388282 0.0817885371893847 1.6363740046410693 0.23292069171658308 0.6051415194183419 2.805471764046318
1.3637715241285098 0.07751012564392575 1.6508195151835925 0.26698225119085334 0.718628259007755 2.6751842191212103
1.3189696712046606 0.08353185411794013 1.7193070497743572 0.24322654324825677 0.7118435329315356 2.8146276665612135
1.3410780269722942 0.061305770635195087 1.703017515912221 0.26889329165421416 0.729351772269028 2.478700283882117
1.3349846160406251 0.07313794853019141 1.6420463194620472 0.1732684249718894 0.6829692965193593 2.7762541643115166
1.34199988811323 0.08486016341794571 1.7821467349508597 0.2326908384360676 0.8596349755834807 2.2436341470470778
1.3595865247116696 0.08076375800581959 1.6725003962883598 0.23516317176347312 0.7370396666786807 2.068755688916734
1.3519196952995778 0.0846044156495328 1.6294504071930345 0.2067236135980936 0.7713371762284265 2.5385774177560267
1.3556738072768089 0.0755083201612939 1.8421504903584194 0.22132107612923876 0.7680401466394533 2.1995986705618202
1.3617564690219288 0.07316143353901772 1.8164942123495074 0.1724668836892974 0.7981879404461959 2.2056895798214486
1.3174500013180586 0.06214131302973269 1.655127678062371 0.19508933777736537 0.6778427338700931 2.239654603447986
1.3688417433682984 0.09635503177663038 1.7206940570257165 0.20353269011286437 0.776137270325768 2.61336996187059
1.3326348379985342 0.07972746282969896 1.6251537026179133 0.2992048888649232 0.7291885066267145 2.3163117992687847
1.3411208404620734 0.0767887464381236 1.642361681619711 0.2653009177856543 0.618477513714043 2.082046978686359
1.3287011840795264 0.08489571735448466 1.7076301971353938 0.17478890710508554 0.6746322742610626 2.1541043438495144
1.3674805678302868 0.08306751447985883 1.7738727762447843 0.19243833078410827 0.8527240169118574 2.6326289065420996
1.3608887849228508 0.09572150568191681 1.7610124754271441 0.15209220854819844 0.7498471842279043 2.64173561506725
1.3780543611672635 0.09815311484796026 1.8294631999396274 0.13287092243105983 0.8383700054214559 2.893995903716088
1.340137735612377 0.06518281035506272 1.7798164630668718 0.19097732449835728 0.6971649365653662 2.5642583847069704
1.3376978901804317 0.08155391013440452 1.71257054159945 0.3125856802717006 0.7178126764966468 2.604041426832314
1.3528443681069722 0.07032142555958999 1.7852077781298774 0.1862173877668151 0.8416135770302473 2.631727465618811
1.3426604066471473 0.060229494211324966 1.6594804885267265 0.22582391345188849 0.6283950037653774 2.365234900051299
1.3408727343602798 0.06344441160760404 1.7733486663068367 0.19547026947924534 0.7935442495184256 2.4432192911966806
1.3334137118712093 0.0959798842843088 1.676954322253073 0.21859004480903765 0.7197241781136376 2.2324253882453
1.3450654396275337 0.0810698730625954 1.5857200082152134 0.24677636677865775 0.7438531045897991 2.2266393635857384
1.3466399338688104 0.0727755483879976 1.6095081703272918 0.3048095742448469 0.7238348345277916 2.218168520011658
1.3520647990208952 0.07335872127217931 1.848979438900456 0.1533415623703754 0.7817499401200754 2.3680703522452364
1.3619620746252137 0.08359706061058217 1.8031185862083339 0.19268389449730636 0.7206065003837426 2.1786384115712263
1.3486651542843073 0.07170394691419225 1.7036304923506784 0.15560107243394475 0.7444385324296885 2.4170669425264575
1.3492694890565953 0.0663302107081077 1.6238054415483607 0.2850291308306979 0.7162874195586115 2.4843504965245544
1.3259937231333143 0.06453382712820037 1.6152815825139886 0.23609187935061735 0.5433866828151706 2.5808436041203944
1.3347161835583878 0.05975186556440594 1.6906149448352656 0.21856131755664032 0.6356573369505384 2.232536226002185
1.3418937227315295 0.08713924309551385 1.8154929801729989 0.18288167943893882 0.7126620743860536 2.1237742975032856
1.3215883800346475 0.06476091739418927 1.6145201935786928 0.2748721454970407 0.6306858549944679 2.290788200645549
1.3735801737489628 0.09620055042459083 1.8760592562922196 0.14939574270975345 0.8188806277654823 2.694245011085076
1.3406905062302081 0.07774645296812994 1.6101154240691748 0.2964024138133504 0.6330334492026529 2.6322830218114497
1.3328316481423317 0.07199125097825881 1.6270581770376165 0.2582641314563246 0.5593605185074662 2.406888781939083
1.3247843084261883 0.06277005856058449 1.6486078844276353 0.19130433503407504 0.6231654837584655 2.4854266159545926
1.332621318540517 0.06889178031504513 1.6074175249581921 0.24325103642258242 0.6686960545393357 2.0589891797040614
1.327970996443497 0.07328250771628404 1.8198891806734707 0.2064751786272731 0.7825964398027997 2.782489823286352
1.3578815180016726 0.07203688781199172 1.770809834448549 0.17744784350367374 0.8297725571491221 2.176372920014549
1.3442181567308695 0.07722759163276086 1.5752483578353171 0.280460611885007 0.7053757594598979 2.860008830787464
1.345015035898628 0.07213797839552127 1.7474487123966618 0.18413763627441365 0.655152049439799 2.407787341766913
1.3209002416034306 0.06969310717713278 1.7675952039037641 0.20579875190809158 0.7590109224512159 2.3208456397598365
1.3336162800459168 0.06125797284980225 1.7074502691721896 0.18916287891303454 0.7626384951872681 2.5648453492314642
1.3336331266408339 0.07393020311282013 1.7568107295558555 0.1556498411815609 0.6835841152613085 2.310622317196833
1.3516882479069456 0.08650244088824112 1.7053183930870528 0.305142355820063 0.7347541404529532 2.750717120016776
1.335764562556747 0.06501561685989712 1.770738960603091 0.200980359852407 0.7158384871453034 2.101260710827398
1.3577587680448289 0.09085366202481017 1.744968088845543 0.1439639743371942 0.8280033801619787 2.861757900181363
1.3374418865996722 0.06622621217379965 1.7444961348729953 0.2687148619865466 0.676503585871186 2.419306924992535
1.3503149641490366 0.08648390200757297 1.8475131705108678 0.1139571512835668 0.8562475440948861 2.8370749223063663
1.3629312582596576 0.0774960068922224 1.787293508532227 0.1583585007240603 0.845789390557858 2.4596514732567742
1.3404784026603107 0.0848917645486451 1.7779628308764592 0.2247894813806258 0.6754388311967702 2.356652476548479
1.3493819015555517 0.0889721591161367 1.6263726359135102 0.2578576814093102 0.766838724861678 2.7091315190182383
1.3444461258170128 0.09759985448827752 1.7167266091036617 0.23286085546346744 0.8103008849640484 2.719838630937585
1.3427751239086363 0.07702269919525477 1.7380590684574682 0.1416429578859691 0.7188918030853282 2.1791424591652566
1.3489385239903164 0.07164530764894533 1.6033965685638165 0.2193735276048903 0.6234398556512589 2.3253324794881034
1.3625169053788095 0.09194826132184131 1.7124043683442363 0.18177770633708198 0.8119202025192426 2.22447394686524
1.3510514189194145 0.08429971748900073 1.75909129363498 0.12944038030591254 0.8010292351990653 2.0871333323714025
1.338816213296865 0.07474398317811924 1.819952576655213 0.1417482499417601 0.7473556989430983 2.3607826890369763
1.3425660499394008 0.06882743925182759 1.6910609657589726 0.28659386003879583 0.7748282121409302 2.2859843804882107
1.3582340381922353 0.09024924540472372 1.8572596594671418 0.12546573054219484 0.8837642041670829 2.5143946697570834
1.3376118058852409 0.08640963678906313 1.6351227645958284 0.2179699534402261 0.630001927963212 2.4453888941874156
1.3433366555791943 0.07586948521856789 1.7584096705728192 0.27000020310309547 0.6727295144361124 2.2957360790489876
1.3278778419792314 0.0740224797059464 1.6797405820777938 0.16651683849772633 0.7554181930276864 2.3546237089158373
1.344888787900211 0.0994833538007348 1.81612693926153 0.15031495075929338 0.7695382972729797 2.501440185906354
1.320232045010347 0.06731509333753967 1.6918982867023007 0.19346577713097576 0.7579341376516998 2.3202795041934676
1.356117795149031 0.08662223645052324 1.6803858847768898 0.2932837766089776 0.7584395655015094 2.752259894553415
1.3424062141155673 0.08880298321068542 1.739274141544603 0.14259953954652457 0.8066756770872613 2.143703732048823
1.339918898370728 0.0986327552942494 1.8320885913371672 0.17651674859126223 0.7935439672193394 2.673092104860594
1.3316341292554776 0.06985210170952139 1.6938549692230642 0.29566477880185327 0.6680979918319458 2.5087548284292986
1.342277114083646 0.09272070250247613 1.8005187463252543 0.24219958484889853 0.7492427633921565 2.3524856188006096
1.330358280503281 0.06109949175747963 1.5907940909044251 0.24752016002846727 0.6756306083576802 2.1508947303529866
1.3239449067652633 0.08228085953291359 1.7911928413530975 0.1774812755784807 0.7508649901642116 2.2642892561252053
1.3384705087810644 0.06588654336884261 1.575227788166615 0.26678362908369607 0.5891767949494705 2.7892616954583116
1.3479849388725667 0.07245110142023348 1.6078415161634845 0.20904418609548103 0.697325333558057 2.3437499547141254
1.360182316425146 0.08703511360627511 1.7804632834558236 0.2624716047969018 0.8124870610826905 2.2276399918353005
1.321600698057726 0.07570565003567545 1.7561710027688526 0.22912338803137539 0.7008903861258206 2.8174650599557443
1.3323025489720108 0.08671960322603797 1.721611648323805 0.2759822382632257 0.7522812516929867 2.688481666378204
1.354254813979888 0.09198107457907291 1.7948897041840974 0.13039451169744234 0.8667421326586267 2.766047665059306
1.3409921352542202 0.0890591125471831 1.819562428643363 0.2465249088856008 0.7691461473298837 2.695538878975383
1.3506945768992678 0.07336275094611744 1.8290370015927246 0.18893674259377252 0.8392439793200897 2.830058061138386
1.338118059456171 0.08664827474073544 1.7676057751904368 0.2515029368717368 0.7072808690001186 2.15633331512606
1.3634928622877804 0.08956050160970236 1.6920465209318092 0.24756925780217776 0.7863039915034329 2.853396504056004
1.3523183429862435 0.08283216984312326 1.6047500107124255 0.2637071514966404 0.6681334261224976 2.886356352410558
1.3556765499495245 0.07907103843988526 1.7836760802750677 0.14018078203470408 0.8550999415443913 2.775050701244797
1.3574346637741659 0.07957400195465184 1.7648940201907946 0.181513255908664 0.8596894598843059 2.3060422117011394
1.3684930035032794 0.09913692278707255 1.8348002274452608 0.16687540189549266 0.7921465182657544 2.520889623423094
1.3381527504513917 0.07052055464401848 1.7616385913038828 0.2818407338258522 0.7339427674714517 2.4963405671852374
1.3268509125090282 0.07015226271613029 1.779468686359336 0.19564796808221901 0.7999638067133694 2.6299329300468295
1.3478560830337265 0.08507395328000444 1.7677663314859626 0.21334653473064438 0.7540799235636271 2.0550839739380127
1.3573194579486703 0.09119063179550296 1.7397294832812746 0.16208666991551232 0.8402920944195416 2.4314415679778
1.3387575429111063 0.08715724103367209 1.8302018013945793 0.13030508129695617 0.7859362729035637 2.7830100953679016
1.368188491698057 0.09935311845307987 1.7920366772012941 0.16686485594995343 0.7984639724777151 2.164181584608261
1.3406725209951906 0.06493734025288114 1.63136166280517 0.20977119792278365 0.734820648996043 2.2913742789492435
1.3625713082990911 0.08366617393569616 1.7909664622456756 0.18025294501677805 0.731675874246542 2.7687257332527664
1.3591920834183608 0.09156730848898044 1.7045474828239642 0.21482877833112712 0.7099653911380961 2.5068473856542606
1.3569874567959601 0.08100344979329088 1.7348886377135715 0.19795385765030504 0.8479086083048769 2.3251413200433166
1.3486632752317136 0.09349090014565535 1.7955807064397593 0.125358162341504 0.8401952925838582 2.8988509634900086
1.31867200050113 0.07978118938840574 1.6930106940103737 0.20486927223822038 0.688168435083141 2.3644755196321086
1.333603390702884 0.08921048244130135 1.7610583934633404 0.19351611648535438 0.8352605273223048 2.598581131605226
1.3587625618065955 0.07903975937495475 1.7694134136760753 0.25482534943604873 0.8009529257547194 2.845139451845328
1.330370936888431 0.07657277056488934 1.7286434373800392 0.18468816412254024 0.6517864710881073 2.661475079083137
1.3473168026958435 0.08882809293438941 1.7752664318860043 0.22212488403922598 0.853919372248925 2.6050630124667014
1.360668881999782 0.08486827625643537 1.7563451952658475 0.25281168364156525 0.8155371507735445 2.3631011710668086
1.360405199418747 0.07924240539238211 1.6515646970826074 0.25391124913259605 0.7334835081406411 2.329643337098367
1.3385778232877892 0.07985811771985458 1.60309257894346 0.2804039040063827 0.6994558275577646 2.4082135855065454
1.3354368792591158 0.06532267762402617 1.7714875433222903 0.20805321014407907 0.7093838285687925 2.791226817358745
1.3295145168506057 0.07769039992122408 1.79996041129149 0.156755091573832 0.8120127698540675 2.229085314399165
1.3321253687248173 0.08146848296495028 1.6116778773305311 0.2641462637409832 0.6983377225310462 2.8361808356350426
1.3245942437067937 0.07951504593128957 1.6615913586793143 0.22890025712824386 0.6287789674017533 2.209196950326365
1.35375764073673 0.0912133568416217 1.834572712814715 0.15430150508346518 0.8791934699614726 2.4122832137003587
1.359625941565571 0.08394643486471269 1.8625233856409273 0.13227700433480313 0.8295857740506446 2.3578061196983713
1.3559082303898675 0.08423036758458048 1.6448451852123198 0.22948404602582526 0.6928052409968666 2.1556360529679233
1.3334864798290382 0.062033181927934423 1.670110299101481 0.24021949277574628 0.6210166389387277 2.7435950632098267
1.3644779104707478 0.09569730854893262 1.860764989065097 0.13054287484040417 0.8694387754694182 2.167962910925189
1.3522221935364898 0.09496576890527465 1.729297260255547 0.22245739255003066 0.7242370388110082 2.326235252013209
1.3573397137052712 0.08963202637836198 1.7139590070419453 0.2655680663723455 0.7528111119935285 2.704962493334798
1.3543244368680074 0.07527211153199707 1.7322926954381699 0.21072152314173345 0.6918343669030378 2.1437549528653483
1.3390935734837064 0.07100689050273554 1.696769171938291 0.22133272397745327 0.7958716948851979 2.0922608203857926
1.3339914879792447 0.08481556950591117 1.6867826063670868 0.17473212655758544 0.7418786585703787 2.4721063572546704
1.3400197691263895 0.08372056331230564 1.7271452652332502 0.18140874538743643 0.7082413676685946 2.0715155257274427
1.3384107343377165 0.0856021815955859 1.6387335541473786 0.26219834895420285 0.7021532071603567 2.147789413800714
1.3272537531818394 0.08145456801819644 1.7203461541514038 0.1713080350412691 0.7843167442265938 2.717540364174778
1.3335456281574962 0.07397289597701542 1.652591517715591 0.2667736424654746 0.6141882901267549 2.726424608439215
1.3351757054116846 0.08801641366139479 1.6411614128915595 0.22257379212810047 0.70660332365431 2.4068966177030626
1.3390145703236056 0.06341679369455358 1.6370787829754125 0.2511521213009616 0.6921085824145734 2.1202978983200804
1.339442215283284 0.09285374151103323 1.796534493656698 0.17211130047204695 0.8432957061751567 2.2413852509415455
1.3526951612720457 0.07400439291718111 1.7407221115106517 0.2678353049218164 0.7502368758988835 2.8211255780232984
1.3670902002882697 0.09354231079042936 1.783935970316418 0.20060173457083252 0.7989782392392979 2.3238854028663343
1.3341456715228526 0.08600045325748612 1.7643182440638554 0.22417917961787512 0.7040509019895054 2.523445914105219
1.3526665138731524 0.08599127477346376 1.7668074511821334 0.18747473049517704 0.8577329109766754 2.1420541686571872
1.3551380553026497 0.08318467821207617 1.7409280351633567 0.16178501464556683 0.7572131971495403 2.08363269638782
1.3452155879859857 0.09241106827415023 1.6670410546409224 0.21814203714710384 0.7393312155542509 2.5705243553715817
1.33210867450275 0.07529580675725706 1.709708740868493 0.27048095728390986 0.6671621292043182 2.4985800103469527
1.3232932002382436 0.07311739241315607 1.6714957376978659 0.18883770414285272 0.7338548993930785 2.402476091134802
1.337573144283137 0.06663539421971253 1.6161626279171284 0.27348385441262874 0.6290462804148084 2.3178947949820836
1.339848372808775 0.0759815367469893 1.763330918404458 0.2165680164784002 0.6714453418525919 2.3612069786605887
1.3305315474506418 0.08850630780018581 1.7727359410618306 0.1991902360338645 0.7452729278925045 2.4064608662786737
1.339467705109583 0.08652769212305197 1.701288286899501 0.1838837174914738 0.805383464665694 2.4844969496200564
1.3404099778514822 0.09319909661091237 1.8199490228181987 0.14351912516022103 0.8056780114239238 2.2144809485063606
1.3357496460328746 0.07553590477059477 1.7327765826462853 0.20408564346459884 0.6507735443066973 2.318999832001696
1.3409971350585421 0.09300016873289851 1.7007864599453235 0.1986806131791823 0.7427663055399936 2.2079643156417865
1.3339373806387824 0.08753804896215055 1.7823137391547972 0.15923057151265754 0.7626990900409547 2.137884302252458
1.3497834600617151 0.08691871009141054 1.8156670424052144 0.17548496689804216 0.738290372165944 2.1567053739725415
1.3442768085372 0.07655911360354202 1.6703001710419603 0.23319860884097818 0.8011921409839253 2.8583558635563673
1.349802903694365 0.08428353742939979 1.7769325524629982 0.2458678122215063 0.728031556756181 2.709283797671945
1.3628305441802386 0.0945382526327336 1.8640548791919773 0.15170856205292854 0.8316240956924694 2.1948759226939454
1.3554628461933818 0.07707139114382153 1.771208119830802 0.1933518397465996 0.7759620184778783 2.087907305475133
1.3384834460660036 0.0893618163486143 1.7668112777976104 0.2180708234161463 0.7961691256266684 2.122508147574827
1.3269598348204583 0.06473338482170725 1.6467253854339434 0.2477396868558988 0.6259859379213605 2.3165238227055434
1.3459944655056166 0.08265806988560136 1.6821705054184453 0.20168526121681485 0.6701924279583859 2.78181592846499
1.352035523062832 0.08442469188458772 1.764322607231692 0.24797308636148577 0.728872413535252 2.882564008243886
1.33969011272002 0.06722177437092355 1.772358663133442 0.17364545651950147 0.7637724899498973 2.2156206174113
1.3479145284660605 0.08082225863558527 1.7913178123532867 0.25323877743003986 0.7817087830544324 2.320399688195874
1.3329840948840874 0.07362815651348038 1.7470410210970413 0.15907187516311636 0.7237448689467919 2.5134118403092085
1.3256508584377553 0.08129022844781152 1.703417835846977 0.20440386931063556 0.7651641636618361 2.5122309241962864
1.3540204376702536 0.09519228162685714 1.7322578308233858 0.2044575527010488 0.7787561250885136 2.4956506122828883
1.3530449869982248 0.08773456092892333 1.6909127113630937 0.2021013314444676 0.7874232061235312 2.7636760386447285
1.3283299377535625 0.06607020878511835 1.699638850831218 0.2177480915362162 0.7125972776068283 2.1065489112821276
1.3511769792145962 0.0724711089258006 1.7470208938023006 0.1664537249776285 0.797777912179011 2.3369305216307796
1.3264349128221908 0.07296740096720782 1.6901550576536408 0.25580050145217714 0.6745928645261008 2.867972997927624
1.3397558432543322 0.07415493126498132 1.624821724922656 0.24601561950463577 0.6411122555400062 2.1265385923458773
1.342499132505638 0.08527796359968069 1.6700128317031144 0.2308547072721742 0.7842882603103882 2.5453804393594495
1.349253582095939 0.06984074517493306 1.6992636910079297 0.228128145402703 0.687284005224138 2.817893514038322
1.3633888632390336 0.08320930402882847 1.763560772167665 0.1953580612495301 0.7887186590687042 2.6944277381533213
1.3291792082814364 0.08324470721158293 1.7575532562574496 0.20307286184317133 0.7232381201178801 2.8558286287730126
1.3398115309237235 0.07278288567381384 1.6659078947934263 0.21080395862698043 0.7842302809632852 2.230159834022052
1.3406816179304346 0.07576205220550689 1.6717906474092805 0.22485883110725718 0.7955180377011831 2.469719036231913
1.3403477578025242 0.07588797673467228 1.6518817834268136 0.19583920649578498 0.6744460045529962 2.4591872760964635
1.3400537093663782 0.07836631462598116 1.8239490461581314 0.1661630822521068 0.8273790282779924 2.4577136526822323
1.3245186988908169 0.07390772738759586 1.653579052631526 0.24925750234489996 0.6887262906240254 2.3986639594111985
1.3231687748968854 0.07406176377525507 1.6771917672170238 0.23110461225116827 0.6632379182632503 2.8635764266294674
1.3634412164207486 0.09124426043304616 1.80894066454072 0.17342264608425328 0.8427054755970933 2.286708930071624
1.3465522925389446 0.08675444304994787 1.7977494456391714 0.23778280281679443 0.7838269433925568 2.2352377582370195
1.340378858362852 0.08642033263721806 1.707320197530153 0.2465088539830538 0.6981744197462414 2.471422666826215
1.3432953492586417 0.08880632399720456 1.6768483697481105 0.22462861762999137 0.7646325802338964 2.5296902677027675
1.3446169616680967 0.08721205197332367 1.7123342313682142 0.17225690247044814 0.7677159246759359 2.7890303496568665
1.3513898593495393 0.07997937772647959 1.7329616581266298 0.2171792533258054 0.8250066460219708 2.5838719042995124
1.3480406429317457 0.09196796796875017 1.7395629430280062 0.16967220943871564 0.7782170628305425 2.866893008053475
1.33863278538461 0.07834191606849948 1.6939771925827063 0.2728891047955218 0.7551633704626031 2.378258966917803
1.3373188723736142 0.07909034569538222 1.6900408953180488 0.1750135573604739 0.7582138500368152 2.3322758626777937
1.3382231003757288 0.08521407018880685 1.809910886278601 0.15282786812503393 0.8232407366983605 2.668136969469779
1.3471866156197216 0.07317910548138268 1.7894638870597852 0.21989207542356046 0.7509353076406855 2.293473843247249
1.3377492084674243 0.08142581975064932 1.7933830466295282 0.1926637407579774 0.7955855503978474 2.0986933524546436
1.3393690246936385 0.074491093300612 1.7487073118948921 0.23452763771167057 0.8044160251193014 2.886311674566503
1.3408828548706624 0.09072100166839682 1.749327725920847 0.21404656791925364 0.7456189114191245 2.622973406126122
1.342665357803127 0.08647168105513364 1.7083037627472581 0.2467072134900008 0.7132350942981833 2.3915957706670645
1.3338634739040671 0.07079890088567654 1.7454791772259703 0.2424797855593921 0.7360456587793622 2.4076191430585854
1.3247529381824994 0.07365268646625664 1.655548337485211 0.22405504248702357 0.6756763504915885 2.309275108451018
1.343011651384614 0.0823344716693874 1.8119071045325366 0.146301495744104 0.7791069655337945 2.289456871622388
1.3350660704345514 0.08516484191811065 1.7903670874244622 0.18150659792852855 0.7632031583331147 2.3801656772397957
1.3354320317752182 0.06897667417050765 1.7025448433976442 0.22524671401278135 0.683176038707931 2.1217147096964566
1.327297288348705 0.07992648465119642 1.709909342321919 0.21378813186654402 0.7447539142007918 2.685758000735811
1.3529949240026726 0.09451655963309097 1.8045658689761541 0.1654599243451974 0.8172823718009327 2.3618627320239454
1.351966909373534 0.08399637723686602 1.81622136985106 0.17214896333119878 0.7624460277260516 2.7019187609618145
1.3400579559996064 0.06943446824926307 1.7293931828722964 0.19365316151494014 0.787325450047804 2.7592735509004718
1.349332127589331 0.07652664189590129 1.745710544100318 0.16726753644192757 0.8073960945066938 2.7051537369487852
1.3311496567920944 0.08082399140053105 1.7427550152974511 0.1790025615508407 0.7826661175111651 2.7178182430019424
1.3456684317489798 0.0824080471103126 1.7498057873487376 0.1754744362001023 0.7266705155308003 2.130461024293167
1.3340437440139 0.07437125914677961 1.6838413977899918 0.2585134698027011 0.6862406737172422 2.3687312484280407
1.339832923526845 0.07925935039462978 1.7168500965883426 0.23635834309113962 0.6830612300682879 2.613592846215994
1.3392824297361046 0.06814484710296546 1.6623554548881885 0.22206592202693415 0.7330877754517959 2.7188439120057715
1.3578559119318323 0.08997978869483886 1.8148461915908443 0.1781482493871813 0.8204308280829956 2.235255741562137
1.3514083027163286 0.08631912304098276 1.7201797060638366 0.1973586982431941 0.795271750068814 2.6612213793627095
1.3492477586209466 0.07626090612174304 1.7427526106246929 0.24052356534013244 0.7554347662793324 2.730190306875536
1.3405738628169863 0.08278448978231341 1.7061727922263978 0.1991276617429977 0.7903571253195483 2.7585870751810155
1.352343460754891 0.08471789877074387 1.765202255372237 0.16674652252102318 0.8223157436305534 2.471943638128074
1.3399758935974817 0.08413950252207048 1.7625051423488514 0.21705465775259147 0.7904888710860039 2.2383772159855706
1.3422509080367804 0.07622576472452454 1.7346210562164377 0.17522335413805928 0.7988925086877772 2.2865243084934885
1.3370033262876546 0.07136117234345205 1.7130027429218404 0.2073444237984651 0.7777991950808989 2.3727513982140547
1.33604221646257 0.07001015382123928 1.67274728913943 0.20341680553305022 0.723437763074611 2.262668571190476
1.3493714092481932 0.08823455335843018 1.7679728027447417 0.19286934488956708 0.8129333432329924 2.8506383057346247
1.3458331387030567 0.07394968308043494 1.7530035777298854 0.17136122580622468 0.7847039984731943 2.4598964588047583
1.3475573538713432 0.07513289019359197 1.7293521096087616 0.20487903679828065 0.7223379461841304 2.2677911830395376
1.3475573538713432 0.07513289019359197 1.7293521096087616 0.20487903679828065 0.7223379461841304 2.2677911830395376
1.337948771225185 0.08043767111192801 1.7480885946741198 0.18412192731144947 0.7993679290945094 2.6686299136801774
1.3470638227595655 0.08132691627381196 1.7737481601892509 0.21320138355515975 0.7947574734743373 2.39450813870808
1.34732473854023 0.0799243720178771 1.733802879483874 0.22721520618489427 0.7375553249737296 2.2232182313249167
1.3368879861313472 0.08109264702936192 1.7137619469905525 0.19214984771504048 0.7513866927321792 2.495775466492296
1.3411453499115504 0.08152250381308082 1.7514970256358016 0.21549118691929775 0.7868309001676267 2.26154280921516
1.3527960069108573 0.082719850491826 1.77921572066258 0.18467838469217235 0.7899280705752793 2.7776614825645796
1.3412515161979104 0.07923186947200597 1.7509343331950404 0.21304068751923616 0.7608171192702357 2.796830792358826
