mu1 sigma1 mu2 sigma2 alpha
1.347615838089818 0.11197956188148342 1.6502382888723113 0.7601692543037823 0.6027304029974011
1.3582771083149436 0.10972468664715536 2.112021148551909 1.1533558699083544 0.8231245403784525
1.3582876479472414 0.15847072639877896 1.5767085534887437 0.34627069509793534 0.4763946025898145
1.297868345994285 0.13159001109085064 1.4872247331789221 0.3246236348390195 0.5239182456529643
1.3586044823724266 0.12757766045246752 2.1794474949364075 0.7186049167148851 0.8875471867832007
1.37975797953149 0.1399692266007831 1.5137011027144902 0.3160387954293525 0.441207445273542
1.3570436254088019 0.1636362903157536 1.6994487256133226 0.2531721257922626 0.6080723918584762
1.3925394443865318 0.10641876727327698 1.3967444989711542 0.3932454587478557 0.5348152083833312
1.3047803548433685 0.07427496382981687 1.4195339254436483 0.35991181285353263 0.40380463628494606
1.2984362419890152 0.07782027199925845 1.597346345041103 0.37471298882118814 0.8470863988809991
1.3922340466784096 0.07774705261023152 1.9910564648579872 0.3666141877502505 0.8297265889021248
1.4187962054008785 0.09974386293098256 1.6620898560207664 0.3862162512095427 0.7151286054159788
1.3260574355618844 0.12545742156221013 1.470243361692777 0.24859202151016477 0.4416925823404963
1.3219316352525947 0.12117721691304371 1.7069886178463678 0.25174053980873917 0.4947172562164619
1.3553967057512941 0.03673069382236598 1.4199791303545037 0.20083496803181816 0.40480481527882756
1.3772100004633918 0.09574827820201316 1.4377509486461917 0.37105480050557693 0.49323077685068983
1.3524073880269378 0.1351611556706371 1.8288051371263654 0.20466544331651462 0.6377820428877748
1.4059111632011048 0.07405551715054495 1.5439532095878872 0.3002473428006446 0.6499529779068465
1.4016709133498975 0.1366563126802556 2.0818031593875985 0.20922609246169402 0.8397710413643305
1.310512940486461 0.0580378708076495 1.769236153500455 0.42333182845411865 0.7616811034322587
1.4055650672134754 0.15718445678971457 1.7946381057610776 0.18880472242119056 0.8006745299342426
1.3042923167413631 0.07278678603577006 1.756582516813478 0.16628210112340516 0.503067809645105
1.360494229362541 0.07281510261383231 1.4889045463563324 0.4708783517746873 0.863289150726784
1.3539375022991866 0.10022818162380993 1.4184473888040738 0.35273472999500893 0.5172548267884932
1.3373681791976184 0.09371022649288113 1.687595963536939 0.4223511656029917 0.517367945560122
1.3405785422851983 0.06608569751295977 1.7061271460548115 0.30780215484792434 0.923027651294197
1.4105923378095042 0.12330005211215563 1.636278706088643 0.21666467200061634 0.6700539526152625
1.3314798752545176 0.092523315280773 1.8234759804132663 0.1435484815857338 0.5538225114160831
1.3943363262826194 0.08885661974949748 1.9970964527399317 0.31436742852853317 0.7751269572584025
1.3533991563106889 0.033230386328603576 1.4572875435139347 0.33860834623706004 0.47736828430840633
1.366859196794267 0.03696572681821162 1.4545498374664594 0.21878945326913082 0.3130028476060187
1.3800387011619635 0.10993554991061459 1.7300360790995146 0.2914960787281277 0.5394646554748534
1.3273267273757934 0.08079305147928476 1.4477894712213155 0.48818331218749883 0.7633173864476157
1.3203129748624285 0.09639541039658961 1.4687718110422767 0.31917969704388827 0.45080565961969093
1.3067375609077012 0.08635789655988192 1.6085680642569153 0.1782673411998102 0.4032804249478298
1.3475566828434873 0.044581879774093065 1.7251017647625377 0.21333900661793248 0.6647025411685886
1.3067306303776083 0.08325826220603556 1.5054691113744023 0.39911087288721214 0.5916236939455642
1.2777705187682353 0.08223932342554338 1.63399621126299 0.1892078544519288 0.689237282187797
1.2923674340572053 0.06769334023202431 1.6012805205029212 0.19353772934094152 0.3498709251874474
1.3010172634483326 0.1182215881740777 1.7890004067580543 0.22981759178067754 0.844363099041632
1.3441395838355423 0.03415629390978561 1.44297639204432 0.31774328181993905 0.5757543287042377
1.3693310652102553 0.11706967742140366 1.6028079154115922 0.47342040494089543 0.7116442332345804
1.319301542485395 0.10551284346167975 1.5388530330758097 0.35345922334887664 0.8122480079004155
1.3980350966198496 0.0760126731230089 1.52464954235941 0.2580841835067254 0.6288423847612032
1.3698180892263736 0.09870989475035968 1.4473219247740152 0.36792274385947693 0.5775000594811855
1.366214261750501 0.11812510243380893 1.5415624035484852 0.37850615274729643 0.6205589616203472
1.3152451547095367 0.09206115936813268 1.6271583195432742 0.30565167631797446 0.8737211197905703
1.3463239185573053 0.15234689070099286 1.826359237679334 0.14514303829806025 0.8293053544764243
1.3092043832174725 0.11448401001839248 1.7854534536976905 0.21723024779721567 0.6539396945481798
1.2984162523435154 0.09734714905387468 1.758853774324546 0.12589541275693103 0.7801233865085929
1.401794339768588 0.09790842479875828 1.9736806332475871 0.288627509453301 0.839260891464469
1.3391778642051477 0.11427261410323697 1.5045044285695346 0.2722492698843625 0.4948504386884883
1.3307673780581641 0.04294123467227204 1.416017838811976 0.2995167410792598 0.5847123757714715
1.3326243225049341 0.059967423752853945 1.6992614276282296 0.479730329198221 0.6464798242133144
1.3742884727711728 0.07861933537255905 1.645488405881391 0.24368761302416317 0.9087944283690842
1.3124628415668123 0.11840321504202193 1.7058155276310298 0.2327776158315439 0.8533914658135968
1.3396737853003542 0.1192249208092447 1.708036368420375 0.13038432461213392 0.7265464912646128
1.3721003255659756 0.11763163519613615 1.53443860818415 0.4213004771518283 0.8009699982342364
1.3141102551147081 0.08241866774514592 1.8154001131764255 0.28885005164698135 0.5621142497263046
1.3473664865267916 0.07655712846239954 1.412736873979095 0.3920376345512747 0.7770125359640481
1.3735149180063575 0.1009248454266771 1.7629528095980986 0.4554542841494164 0.9012665632030445
1.3183834340031035 0.1074551674428475 1.5633491655144116 0.18509472807382632 0.6538413832209066
1.3746326958694195 0.06922973743371306 1.617145174247828 0.3706567515487028 0.5465087116079278
1.367187025894965 0.11461840793993935 1.6435465913429241 0.39506027265770666 0.8895894109372601
1.3726383318670174 0.10593003226768369 1.8232468841925447 0.4426278883319945 0.7159273097896293
1.3747162350688722 0.07684968826305984 1.7365536292515094 0.2004057273204521 0.9227864034646179
1.2986916758895029 0.056274359262314964 1.6595375243776416 0.24928529957368809 0.4218385690602889
1.34590487004389 0.05300700173211519 1.432703760766985 0.36671281438531267 0.6234333931071241
1.3765281986334506 0.0932245586455932 1.562547640696779 0.4113850984967414 0.8612560372783998
1.3336489747554665 0.10223857278567018 1.7958390047233879 0.08572438601899034 0.7351588252940164
1.3589810832511637 0.06763066531615597 1.6064905877723827 0.2506399939980751 0.3858195090953063
1.3971113780847917 0.09286132181713767 1.695443100620475 0.3758756611148226 0.7950685042980338
1.303697766425932 0.09449432620343454 1.735687824756671 0.27868023934708036 0.830881848986819
1.3142968159251716 0.09597956562490648 1.73215096221341 0.1134474580800791 0.8016333482008803
1.3349797869529445 0.07215425760156126 1.8923039098528252 0.11259976108564715 0.727870298071126
1.3608648131337713 0.06381218646489631 1.605513913071551 0.3087149177479174 0.8533880320895438
1.343786038568133 0.11789466849180032 1.6155744114758466 0.32360974726095887 0.8591622807876893
1.4073188605009377 0.13832954561686586 1.8828904515607205 0.07672234128232852 0.9429808252525754
1.2872463074534646 0.06358475928718302 1.526975404968908 0.2076168016111522 0.41165328447447697
1.3927633881601957 0.12673265721629434 1.7739989825987788 0.34190150388701745 0.7942754660304577
1.3405468605647881 0.1130291182342251 2.008857855387859 0.15587268053676137 0.9103086945295001
1.3872416441196767 0.08389204698895683 1.6418621136382323 0.1967924918989486 0.6422240342076314
1.3182067115122191 0.11211665624042669 1.5412249094252926 0.2327747446800955 0.6351484856636613
1.3424162306563052 0.08070548328472558 1.482985340874818 0.26646993119399925 0.816435317580682
1.3558293420328544 0.1137425428404204 1.771691173783166 0.42470409251870017 0.8597652778154211
1.3745094901816883 0.07411701376021794 1.4604762875287256 0.27244858639074254 0.5157484323134985
1.358132091327445 0.10584420255794284 1.9565703572870379 0.18814857421954376 0.9510614444792729
1.3419417513033847 0.08284644968290099 1.7339205223515277 0.21047158526909648 0.49465959970788537
1.3286415345656573 0.06337971440259407 1.8736323771982066 0.35086961137510564 0.6741565828435042
1.3742060745315925 0.07929253094105622 1.474897362564139 0.32796916114149754 0.7624339433172328
1.3372776881646549 0.10509250694120628 1.6818507178641577 0.428257116165241 0.7358656429388052
1.3674668570001045 0.07638783180856347 1.6792384507131333 0.15091559272961313 0.8774971137077257
1.364372132291944 0.05006027366514095 1.5137529692976757 0.24901748657328454 0.3895546463997509
1.3424289945121577 0.13529363656860363 1.7441412801767937 0.18689465670872915 0.7751058080374741
1.3172963314497652 0.10535722058700395 1.5709397860091436 0.20932722546116145 0.5260205669422373
1.3114681298487176 0.09272989866308674 1.5105987866892028 0.297361098980834 0.5700325388414554
1.3542137850399256 0.07595449900486986 1.671450766505483 0.13578595520090436 0.6246211037043756
1.3428027385685022 0.05844077148309893 1.8415606859410572 0.125765189126174 0.7830681988008944
1.3140442168324848 0.0824992034630318 1.5975805690192129 0.1552364979750382 0.6399186722979698
1.3713098067265723 0.11105595845262202 1.7319934469284965 0.16876220582681054 0.6447566197788965
1.3333982494739982 0.0681357930398916 1.6751372921808605 0.4179888516382317 0.8227039225747825
1.3315550368353337 0.06289290394518701 1.8872194965681701 0.34892026543528726 0.7748073886461033
1.3402188223912774 0.0754733999624183 1.7933717126892317 0.3710604462767812 0.5824251517996468
1.3512514785145568 0.1215020892788544 1.6532750994829135 0.19144575182968734 0.6613878179138808
1.3456343686943029 0.07849310454736672 1.7661893072439623 0.11209362098254337 0.9183654176631975
1.3444587408237811 0.0853057177868488 1.9168952767668954 0.322344468462887 0.6671612455523744
1.316883676443291 0.08964463338609023 1.6628080750826588 0.31989457009832256 0.5315362310384464
1.3200782790574104 0.11539115397404534 1.677410151212343 0.2564319937056335 0.8180509352779151
1.3365923946150176 0.06654568934128269 1.503415121236165 0.2703789513124482 0.34888715318907165
1.3660047372746904 0.07224518290169066 1.4662808661361977 0.2809621088206966 0.49195754574012884
1.335500817808505 0.058936934924503664 1.4993957170819463 0.2702936358096031 0.3392513076671634
1.3464228628115225 0.1083834955914262 1.5439128123749213 0.2564765138898463 0.5226185434639609
1.3456588418400592 0.062363014560256926 1.8784144172514834 0.3039487067419396 0.8301255158091514
1.3128772105551494 0.06056704157299504 1.5732558315430105 0.27216875741786206 0.7862885611031611
1.3645477822526209 0.11753900636139396 1.8965858400726838 0.33036609876207074 0.8867099796381307
1.3940535828155565 0.10281188775554786 1.8075849104249104 0.3232133038422903 0.8688997198208553
1.3450432208153 0.08173875818577722 1.8316200750905058 0.463453651258041 0.7844081433463345
1.3622655777445338 0.1173222634745791 1.6269893001919762 0.3278531934221134 0.8459058700169846
1.298725611447738 0.08166600577488901 1.7039375518612578 0.28522558902322187 0.7365461568696842
1.3646853086013009 0.08800916856451464 2.0180565973425604 0.24214639652878298 0.8833396006128603
1.3353064532925807 0.05404686188097463 1.4953024529019465 0.3437778660090358 0.6939334237927541
1.352406236086657 0.05009693469925886 1.4719794148042737 0.3014887272893193 0.4910722735146446
1.3438912244836647 0.06062996618815733 1.8684545759721798 0.14605902063530005 0.7627621117047048
1.3756008371499922 0.10003997364099809 1.8000353183682756 0.23499798238930916 0.6457986981560807
1.3465250621908662 0.07547000345713546 1.6684388620291097 0.4557264839087665 0.6799667891573196
1.3998981975658622 0.12539942803953993 1.9014439613472978 0.10214382621870839 0.7880526217551138
1.3723680136318763 0.09788903368494273 1.8481916416278346 0.3652016063451231 0.8878433927327184
1.3558031487645335 0.10356567803072876 1.8095519527778157 0.19289805518865188 0.6290940830706765
1.3832926581393923 0.119173931773002 1.6593827792159606 0.26066036913358875 0.6954434357612069
1.3859318637760998 0.10259266330506266 1.7963194236326694 0.2905627793633453 0.7041882487464668
1.3336458397776267 0.056545598539262214 1.8498696349331216 0.2485377225499149 0.7436029087254307
1.377545345488458 0.1154757339789042 1.6538150233344742 0.3490556850664545 0.7597266978475286
1.3179783598164128 0.11237863904768862 1.7736510401227608 0.23816505832292903 0.8186570325264758
1.3490702093901437 0.06815814604484058 1.5655809378949006 0.429105080016529 0.7095940669030414
1.379728295727022 0.09040555269836713 1.64076683695882 0.35305027119466476 0.6473145230565671
1.340118148952048 0.03518787468459318 1.4767712807241766 0.24709418957782675 0.4756417014277431
1.3439163034012105 0.0667349811038828 1.7425268788317796 0.12440402168098932 0.6391865309329398
1.3968198565526375 0.10836170817254023 1.801641728787824 0.27597569724078885 0.8645056129233955
1.3469928922340408 0.12612557580450864 1.7498702965915478 0.1749786101812959 0.8692214961225934
1.3479609039157774 0.0807621449170623 1.7284945431552674 0.14074529134210884 0.5927134521841069
1.3182140380180063 0.07747497167058365 1.788166335053584 0.29395878939983977 0.5927671609289332
1.3816563324798552 0.09935493610210155 1.8359387029420078 0.19057751997274724 0.6859828447790932
1.3491846733361939 0.09060857159900645 1.4700117865927533 0.32887956975706095 0.6711967140585963
1.3440112270420468 0.10526576730863925 1.8045904626439317 0.3739671191655324 0.742384722205241
1.3476086915366678 0.0788180960799245 1.5943832055798968 0.413300902859662 0.618721684741218
1.3851973540705438 0.13228071946425862 1.9138062299120882 0.19133858420098654 0.8484594865499229
1.3124344189786312 0.09152661600943571 1.735975967268765 0.24501775505198609 0.5859157870179531
1.3150044282678537 0.09250197452745904 1.720457513864783 0.1578508886660859 0.8567082460491166
1.3376022971820847 0.0860438899795874 1.773265361233201 0.4106818914459327 0.8276193228830152
1.2942452464727858 0.06622516853901807 1.6149194261061361 0.18333795943472594 0.6306683921312345
1.3008184955544215 0.06711048811506565 1.73544234834477 0.1711851658100707 0.7442307762213357
1.3185430449482753 0.0649628701254119 1.6339336061272256 0.3732472485001247 0.5962991118916408
1.3552511535821323 0.10080092697194991 1.5753363640867075 0.3926235921466858 0.766331975842312
1.3405111047064233 0.08557090279762357 1.8290263456928897 0.3275272959360829 0.6304014190126433
1.333573317941687 0.07864099567438834 1.4792061494616986 0.23466780335437687 0.6802544016875472
1.3496693698203177 0.09362980351800047 1.946732076327955 0.08180466659463805 0.8628703656325923
1.3722002019591946 0.09660096606714434 1.5667722791096312 0.21109022332880295 0.7556102086715198
1.3387084919988264 0.11217320133166332 1.9511866599006082 0.09893562474527944 0.8965945269119748
1.3366301664208138 0.041332294709292165 1.643891153751091 0.26007469154855645 0.5888132718279048
1.3575169428614466 0.049256718009207806 1.5290804996616418 0.23361845664054995 0.4556353043283631
1.3740677317554975 0.10783386500196353 1.6691062302620447 0.24542601389656715 0.8871675747222789
1.369751286565024 0.09393618096185026 1.8507938121969074 0.35738568967630696 0.7266191136303717
1.320973981953578 0.11190105849226353 1.834121079213586 0.19108257437350384 0.7662448332386504
1.3390228355132496 0.089890643264596 1.7451651004213962 0.3355120045316254 0.5955873325120992
1.3192289279113432 0.10654187457869932 1.6457266342910963 0.26308550680608805 0.6165138581628687
1.3755685935100235 0.11208288750883394 2.012383425501281 0.20351901465640168 0.890131982585188
1.3511554890918083 0.0982181718298656 1.840503271794573 0.3021954523927278 0.6657378718926577
1.3213454156804187 0.05541032167568974 1.744403707036614 0.3215464215749169 0.7090604067414323
1.341686402283546 0.10232019189951504 1.5189816944623002 0.2773776583464557 0.6107041388800171
1.3217628714745868 0.0826342619216538 1.8565969224099184 0.2553996572601497 0.665426293392471
1.3016461127732726 0.07101709738238332 1.6243278628112892 0.17666936626503746 0.5438578312748575
1.3603700585510499 0.10253007600254455 1.7648355986288768 0.34933977333692634 0.678735004966163
1.3904496609136041 0.09684701623465905 1.8174988115698167 0.11736619724853638 0.7517934171328114
1.3787248108218786 0.10621705966320164 1.6623267974660885 0.2477827194950508 0.8735827523622138
1.3630078330859656 0.09489243354000469 1.9827627444563047 0.10128571505899933 0.8903955144755421
1.3514462755469918 0.06894296910064816 1.4993017650047618 0.31069930753228653 0.7689236781840542
1.3099734841002717 0.09154760983786055 1.6235709570647339 0.30326308261919654 0.7166110822425542
1.325786353906388 0.10555486053354518 1.78566873576689 0.15981868848904274 0.6844162976304363
1.3058660126553512 0.07968313903632657 1.8136368578919235 0.17754837384795372 0.7507815325714531
1.3049505042082015 0.04708034316305532 1.5706290713161515 0.23821619047178605 0.598754977319936
1.3476453009029037 0.11776277470597504 1.8764816794269832 0.22507189879327014 0.8941874537244457
1.3353423605207282 0.07761791581509868 1.6472039393499223 0.14043843659618246 0.7790812864308827
1.3612224123824899 0.11167359549052323 1.6362016404065896 0.3148427275146305 0.668470340154944
1.3551834948010852 0.07008851262925456 1.5138818624621857 0.3708292649661451 0.6525398726921529
1.3880127648310232 0.08523328428694384 1.6880136814305717 0.27804020207388047 0.7675725928651163
1.3388261097274472 0.07080812423708227 1.9228276823996757 0.16278141697044343 0.8186092999258063
1.333296279318093 0.10984897891742451 1.7352226462567932 0.2562293614847448 0.8603100373473397
1.3732720676920092 0.09145013774094281 1.6782338709170617 0.1810994277575698 0.646434030433963
1.3030764979744522 0.0815554345212417 1.6327274483666154 0.23319907524776284 0.5177357407215388
1.3284633973532232 0.08339516083675928 1.6213976462091455 0.3825760473044762 0.766129989123489
1.3364408789851223 0.12384160470970774 1.8677377240889363 0.146414938514757 0.8236379712035555
1.344327924815636 0.06393410742574539 1.884854705580982 0.25325764136150797 0.7351288410985194
1.3655587638995428 0.12105762449069007 1.8799189390572253 0.10959125466622607 0.7590499467320306
1.3714319193381985 0.07290690303211064 1.5950598354315484 0.22021943037349662 0.5795358920064798
1.3794291715157132 0.11694838346277144 1.8599507018746841 0.1919855624471658 0.7544299147360977
1.314272583520882 0.06510060851986885 1.508241820901242 0.20733535083332333 0.5952811218997072
1.3583025838989418 0.060388378132250835 1.6266222457520714 0.28112520985234396 0.7878168005872006
1.3417907909134938 0.05598648009761397 1.756994186306533 0.15947165229476137 0.7992036991978754
1.3365037959436459 0.1141394326613142 1.6658988996947497 0.22895694115578585 0.6547970815223315
1.365552978466535 0.13168057431395672 1.9029464453442921 0.16067699852250408 0.8339919152136565
1.34895651972373 0.12061331763556529 1.7167259700051307 0.22984326594815074 0.8476708560773929
1.3600299771620894 0.11246946808899234 1.8351895005827592 0.2753760091777616 0.7325108929694751
1.3685123621444641 0.09472398117661197 1.630911219027693 0.38887152602779007 0.7833348495830859
1.3140627676058982 0.07877431860093329 1.510754036609341 0.28271539201601054 0.6326156146009705
1.3891786006574076 0.11194509807121751 1.8290469557961213 0.20829103204844088 0.7672426337914227
1.3443094313296535 0.1254465004791304 1.818825692243881 0.1225233377792561 0.8553256988508656
1.3780425026858871 0.12586866676833594 1.8075238890451641 0.22618120480599319 0.8216702329678163
1.3603240341297482 0.10668878939565987 1.8178794164906065 0.3350754878132804 0.7453363335417995
1.3727965353686375 0.08696556782392811 1.6888995863042986 0.2436093540003658 0.5943852877530521
1.3512988236376766 0.10838391420170633 1.716348880113177 0.26077331625975125 0.885308322955067
1.4004173011954366 0.11843943209407708 1.959569247393821 0.0898713244121302 0.9082175983279466
1.3399202219331103 0.07223952554113472 1.591664215618594 0.4089825764465113 0.7101864040147923
1.3778273315466163 0.09904113710453184 1.9299740666837062 0.092296078443617 0.9454810997145535
1.3261680230778317 0.11257751087897067 1.8597766616539442 0.16877595876021273 0.8447526975140198
1.3718034265295258 0.11699464179588505 1.9046224838600003 0.15786273146565669 0.7625162669246068
1.339164188909947 0.09781386459268568 1.6193241321296004 0.367522237186005 0.7443491191341368
1.356065722587692 0.09871365464590541 1.7998526087381181 0.3112098254620533 0.670780658867651
1.3296902876810863 0.08972400926919129 1.577748114604304 0.3547791326234858 0.6731264970429295
1.331601312167691 0.06218095984124108 1.5463440644469255 0.34837460583708657 0.7295324839466989
1.3406051735966145 0.08995550559111236 1.9459403097237917 0.27917121512709375 0.7896229677896145
1.348741589374593 0.057105488239318894 1.7544335000556956 0.1666040046007164 0.7408702036239754
1.376634927864841 0.09128103910813329 1.7422354973581622 0.26299335871156565 0.6516172151585693
1.3094926166353325 0.09897278462494398 1.6923114230900347 0.21622766213104133 0.7691016548079299
1.314158977000528 0.055345271182075426 1.658773474327961 0.1628654219559415 0.6343466921256127
1.3148037722740977 0.08814269854847957 1.7916846643739373 0.24337823360478847 0.833967936921491
1.38278044718332 0.12576947310332692 1.9536123572790145 0.08755464453666605 0.9284995185701219
1.3087942082036066 0.07429666338570799 1.7095466210545802 0.30950146661718664 0.7225332452227801
1.3584326072215953 0.07225334247054155 1.8335128477088465 0.14516537486556552 0.9058568269184278
1.3572094559950876 0.10562425801298145 1.7248307126227704 0.1275284450273059 0.8056258695357905
1.3342380641435823 0.06765402033144352 1.6976316664804734 0.1504484857247015 0.5878624590284799
1.3342380641435823 0.06765402033144352 1.6976316664804734 0.1504484857247015 0.5878624590284799
1.355447135078721 0.12406669409838576 1.9514019882519116 0.07975424023587595 0.8929492397211534
1.3239446126910424 0.04798498385934109 1.660281451476187 0.23498971318230696 0.5175780665491394
1.31493180468435 0.05637821937462635 1.6472102616974111 0.3177824022559722 0.6768149477465273
1.354787985120567 0.08923630228455684 1.775364017688629 0.2640565413778698 0.9083281808252062
1.303125078785019 0.06413118443462275 1.5589236549991474 0.27625769235435454 0.6171216023035796
1.307626628266092 0.06272821389616874 1.7115022928539891 0.20861683048367755 0.5634867105328448
1.3822487028882642 0.1062335985548642 1.7348978490204465 0.31837402198474063 0.7861166652442929
1.3448673985162163 0.07074634859887409 1.624884314378685 0.32229268113821685 0.8386704387362228
1.3697076975229083 0.10399830902068409 1.68516659891 0.28267081645670444 0.6451013289305338
1.3222772367293798 0.08609457203293248 1.7969791873502667 0.13877383153615958 0.882247802841703
1.3695126904778514 0.1179674897635176 1.7321973406887126 0.2636509389118923 0.8526586889335321
1.3193319979549711 0.05155792296639829 1.673376083139706 0.2911205960257644 0.6865982118803396
1.3340947034441295 0.05520209300807266 1.790254497940174 0.2422813900413405 0.7172604145084733
1.365122654147639 0.08371986937045284 1.6997051949804292 0.13474818027510105 0.8196520593322206
1.3259383410628214 0.04649812344862417 1.668441324830749 0.2422325680645019 0.6540597562724705
1.3453206449634227 0.08060769854674718 1.6372253213328942 0.19831634094776626 0.8670039693296473
1.3451654501401418 0.05864595772802303 1.7453273227403243 0.14226039305057311 0.7735125618433218
1.3395469351672489 0.0564684098982574 1.5767248699413283 0.35677228779771925 0.6174684895585547
1.3285501692164652 0.04254644628023435 1.5586320036645986 0.2865021985530162 0.49387940478929737
1.3272298829862437 0.08639034797209658 1.6300633156036062 0.17226465938731367 0.800395782009112
1.336482654991535 0.0669901044768755 1.6834611349520885 0.26094160123897353 0.4897210524342075
1.371980313574618 0.10058129824262932 1.614051344980179 0.25725568640713975 0.619011352918324
1.318684790823331 0.058879716066644903 1.77280163385081 0.22087379372748558 0.7898907102574525
1.3898324248424834 0.09720430307365718 1.8222711486731156 0.16837461338788973 0.7564872273262266
1.358728012387978 0.0997949342966078 1.5482347723860763 0.27013871892776375 0.6153292826030191
1.3604294349128367 0.08434630399022651 1.5723267575838231 0.32993699280452327 0.5879911582822718
1.3276997377966748 0.07917649019239173 1.8579765983983068 0.2875766065494036 0.8340868253246218
1.3685461722367132 0.11065679799230574 1.8432927566732578 0.24033589564929025 0.7389651755137032
1.3753372306789844 0.0986919328996115 1.9566782979861301 0.15333676324332315 0.7936422470253596
1.3463416111433202 0.09596657145355249 1.7808601979081793 0.12095271234533146 0.6856241988971932
1.3091116947025647 0.09331993960156451 1.63792813092236 0.2069531286120528 0.7280518087848391
1.3113043486477203 0.07153775185569482 1.7464099407541789 0.2603562602494024 0.6012548219990332
1.3499595124895691 0.056760053902623286 1.720307816236998 0.27193458472778315 0.627392847504486
1.3292727653225938 0.10242498278917458 1.6399680854714072 0.2047594646058284 0.6150840601742995
1.3748199952728992 0.0758103507508396 1.5899893569923966 0.2326618716561083 0.6903109027384376
1.3766756214079394 0.09970424606840289 1.6540983366742554 0.3061471014894653 0.6843290016384588
1.3458206024881325 0.11621543829940512 1.8024837482932603 0.25524010166370603 0.7717168815710745
1.3591469448274927 0.10029741686678079 1.582164506692998 0.29521539704678723 0.8081118100698529
1.3410609886812033 0.08473282540121198 1.8091934193310277 0.2939613330350112 0.6342158912450327
1.3218441917557755 0.09436753904144775 1.5735249777918945 0.2169286602865469 0.5838392343936891
1.3609141370763482 0.09269973308302017 1.8074894855538988 0.37676350191802105 0.7786545257367847
1.3314004790460503 0.11130734624546913 1.7613471226440338 0.17141794461547477 0.7290836167222726
1.3230423538407665 0.06797388872817821 1.727064270140291 0.3556567644876185 0.7153730163014578
1.3398519704478684 0.050660255505961656 1.678781947945216 0.24697779218969912 0.5770273450650131
1.3743052330858436 0.0974983249067051 1.9696604998177198 0.21866562286386307 0.8448782947625224
1.346973732629588 0.06987723458299093 1.5760567448596283 0.20344187232097624 0.4894004994698342
1.3614209087850022 0.10718547142764732 1.8931589851265924 0.2527882745620629 0.8932523161669661
1.3366018702520304 0.10344838527278612 1.7015298080367613 0.3276015952585026 0.7800324152336513
1.3469033393425471 0.08972040114824295 1.767972541710518 0.17748693208524785 0.9173183311781684
1.3567333330784954 0.10821460036722855 1.6494546431930681 0.29289771993244046 0.6649794576246324
1.3152403460110296 0.045536520121991025 1.6190955799063413 0.225328455788141 0.574800442718959
1.341545882319179 0.07450952288768256 1.8340001033365072 0.25724233033174704 0.6345977657165539
1.3752264913380288 0.09325963059951382 1.9075386958999823 0.2742448812323343 0.806118621946979
1.3480150463619611 0.07987400031085377 1.9274180882464318 0.22771957546098476 0.8762851341903117
1.380119856697573 0.08810945867009798 1.8397619559420142 0.20755948369946284 0.8968321183328888
1.3144785778704817 0.09982047870490349 1.74649544636097 0.17865773434745544 0.800225061763275
1.3833770922095463 0.12344931862121544 1.9250462889066058 0.1689484406241504 0.877500291319488
1.3546637518024631 0.09081668216912325 1.5132785702247016 0.27666965344764494 0.6278521644149987
1.3593609929709034 0.08619909803787568 1.802015013248072 0.1509711785677716 0.6497195206640124
1.3465578244409646 0.09938400242786108 1.739081413683136 0.32120788748305856 0.8538008060695303
1.3398734629446474 0.07412814664545866 1.912692401227742 0.18269475955411546 0.857536963090718
1.3485828792503414 0.10139962154946756 1.898762437753938 0.285099193661926 0.7904008757822982
1.364603972175936 0.1013648004812824 1.6312996317637714 0.33099921255329867 0.698525583660018
1.3391428573518216 0.09627633961338264 1.6079800250149014 0.18575332765769118 0.6523778903442357
1.3343064929134432 0.07816298742194484 1.7698990597673474 0.2793758233328092 0.5890317344676561
1.3240520816099517 0.09543584001288306 1.7738024816216627 0.17901162629823902 0.8750156536091624
1.3269357513014224 0.05440201802472023 1.7460772772080067 0.2173484591203431 0.7659673400029051
1.3265451915542357 0.07390698034425879 1.6144157745775818 0.36844130688676313 0.6826493672394711
1.3377464948318525 0.07736166869634448 1.676746255598771 0.2874605066858663 0.5214452340017215
1.315905980604946 0.08193325401870169 1.596462107636541 0.25230500101324743 0.5020187099725785
1.3286235711184755 0.0561883304928812 1.7485475331467066 0.18568062461181553 0.7961858087468374
1.3269809238939692 0.05747788248276564 1.6860737705862707 0.20318593388725648 0.8116606885589536
1.3283928134398704 0.08988752217008036 1.8893800760537007 0.17960305134176158 0.8683530526934623
1.3650763024424817 0.09073475478685841 1.57348844144341 0.23833261350063828 0.5814864327187826
1.3970809276390348 0.10749202822331998 1.9018213826947385 0.15944017147535294 0.8651891807509942
1.3315088177977281 0.06276776674040917 1.5647683179753997 0.3472624661571451 0.5885831218031504
1.382322519019542 0.11281603319158516 1.8219460967067698 0.22762071096340006 0.8780236529223232
1.339399859980364 0.06512829972736099 1.5067856156389416 0.2655755490548305 0.4612564613615676
1.3559495901162766 0.07137766051021842 1.7905933276605206 0.28884528700462814 0.6524387032806868
1.3065072862080573 0.08109776380773939 1.6686284895676518 0.2548947810193423 0.7486574513891434
1.3393208293398327 0.07011889695484769 1.5028552549977499 0.2213479659751329 0.5312920726608605
1.3475222945155667 0.06659490082489926 1.6106935460761314 0.20599681644922013 0.5059317159399428
1.3360538021355515 0.09617024865425194 1.5689543167227495 0.30852266286552577 0.7175763250057812
1.3716229012481786 0.07022689059136906 1.704000301323364 0.23701443984542098 0.7633801925403406
1.3501017650754368 0.08748858438888903 1.828559906796738 0.10107523293090394 0.908565025053368
1.3450072982751728 0.11657388001778322 1.8919827105307867 0.10051968647387571 0.8278950927314456
1.3160482172102603 0.07524522823309608 1.7082090536335706 0.32630089210098434 0.7074432266813707
1.3517817540107049 0.08454456968898943 1.7357993413485115 0.32373853437514966 0.6227847554291878
1.3548740731241817 0.10160636304743606 1.683984240463118 0.34608040155518727 0.7998049548108823
1.3017613401958537 0.06454021877234702 1.5983239435204997 0.20847995221037174 0.5266538351420188
1.3335617991963602 0.1004825229830689 1.6741430008427494 0.31417382312430014 0.7789221997423549
1.310525039993531 0.06265451681613446 1.6449783280151855 0.2440529728535889 0.7591393070652902
1.3336356070757982 0.06685659097911982 1.8034785129675512 0.3140580770651239 0.7993944760403984
1.3279679282758199 0.06767278028198045 1.644794926187715 0.3648181006503362 0.7130533192484069
1.353968071566398 0.10580581880092561 1.6271711804357647 0.23067436070845485 0.8118635335030268
1.3461108026602027 0.0744446815060209 1.6337677554554553 0.32864847791199564 0.8284106854834472
1.3623218655759555 0.09452598510620788 1.5862892322647748 0.3321873034747001 0.6900619801459457
1.3477849549680874 0.060395930842739025 1.8010067880895857 0.15354055515921886 0.7796165044055582
1.3590441175285934 0.06829664296654495 1.7943987289280114 0.26859000185934734 0.8272208227220467
1.3670864597260497 0.06676326961241483 1.717777624094666 0.2223954244734534 0.7452522755021949
1.3186343149845028 0.08483228272990723 1.851051296938855 0.154953137128756 0.7822466011365372
1.3771021733836348 0.11065657950646705 1.692046506481463 0.21589237438103662 0.7704083646856735
1.3880837727303876 0.10079345588613448 1.8127762160807612 0.2364157091786465 0.8395615861007306
1.3135021175871886 0.09608000303168719 1.7774378982922108 0.1821006920781538 0.7679862544154846
1.3053378343008053 0.057229098949729613 1.5513365101692589 0.22113114629547878 0.5182685273327499
1.3396593061679747 0.06196195975855971 1.8321792707564084 0.260321405104536 0.7751698145394161
1.3282863039912054 0.0804440388155021 1.8384978586530802 0.30958945952077704 0.7389072400348672
1.3862025875773876 0.12221884768607962 1.8707444763381205 0.16438943333547698 0.8734527683299295
1.3176795162318953 0.08181765652900505 1.8465696551814919 0.1933977470463106 0.8131552238597239
1.3154020796126855 0.06159645101314691 1.5835559699383452 0.2855768486040624 0.712229569226101
1.3726094604753931 0.07611572491077623 1.6972350602701198 0.2873237448933921 0.6850345819155914
1.3593187414464099 0.058077732924126026 1.560212819766876 0.25991819675546596 0.5785150776414728
1.3688836322345899 0.08379741091787572 1.6637081774528002 0.24581949953333454 0.8533844391798743
1.3591286940368184 0.06187718862856897 1.6349571005062873 0.24506623442423106 0.5765730141870646
1.3553943696973074 0.0991246706377927 1.8219633411075016 0.2975225492539689 0.7225421954209446
1.340241020794697 0.051785004877518255 1.526545933200149 0.23934547033078746 0.4521315399251814
1.326514950961829 0.09343978829090561 1.5848105101759837 0.21739912377384726 0.727381034650064
1.3523105364014807 0.06275070410413713 1.7510899814916625 0.28318400516685044 0.6621411751833806
1.36396530352652 0.09439685121336205 1.691298006211936 0.2360793238933279 0.6161136156990231
1.3578128474801607 0.0859297048409397 1.560029213495891 0.33058146149633055 0.7587974897455652
1.364142098791094 0.08799552730357894 1.6962815796213921 0.16850838225061504 0.6650768653309008
1.384438348302318 0.09717850768098851 1.7574457008354352 0.2038318811301995 0.8651584646210665
1.3466667439235454 0.11382396167450173 1.9207242939568823 0.11774570879555975 0.8870026314982593
1.3678821462744466 0.09751473095026714 1.6356151892449762 0.32971628929381924 0.7404782481010641
1.3465177749853035 0.11865228443152784 1.7847454819452158 0.16368947810056056 0.8098330449398602
1.377056704857802 0.10904499515947638 1.8763626871280086 0.07068368611959919 0.9258711102047132
1.3183943939720268 0.07992788793133195 1.8301966977576165 0.2465517721842911 0.7827890242946959
1.365669462820993 0.07416254400840036 1.8033109859469452 0.1500191780857878 0.8828847180739979
1.3700124975733732 0.07815711380862436 1.7811835305889572 0.2952850448531926 0.7429179429200028
1.333503510320614 0.10950045818885104 1.7897593436495822 0.13375966810240922 0.8146985800919799
1.3232604772330174 0.10220366971324955 1.705909072802574 0.24402170778639856 0.6917245533489408
1.3645184257212948 0.07462265273024091 1.5665841020902864 0.25494632613610096 0.5615816411367635
1.3510733632469292 0.061217190029674254 1.6537497580263043 0.3071807030128816 0.5822460023193421
1.3809822520851651 0.08993699466700099 1.6893763979796772 0.2534253124116588 0.7214540610551486
1.3630741932277457 0.10798317375374443 1.8657645607291053 0.21159785970219122 0.7537677663963899
1.3692919548793947 0.09067218404823577 1.8877234413438808 0.18348144064804828 0.7358300162302983
1.3315248878357853 0.10296601982652305 1.6893602715169345 0.18559027063542444 0.684490181020717
1.3646603511596034 0.1054758138354356 1.884540499254074 0.24985475589583603 0.7866437053452153
1.3212432906354392 0.09276856487378014 1.776288555073951 0.2194844321199684 0.8424226574536652
1.3533774871715787 0.06519004761764063 1.7127857742819685 0.15299040256853727 0.7092526711919473
1.3277530378341806 0.10395426314393318 1.8482418502365183 0.14853946305725813 0.7922888921816688
1.370993266547302 0.1011774269431299 1.606221628163543 0.2550818623483229 0.7274588472829921
1.3439148489361654 0.09111709802950595 1.829718155156122 0.1490128987307666 0.6765870998232959
1.362384620915922 0.0920939498746232 1.7568569430387457 0.34448560492834335 0.7307819023769118
1.3784615777028018 0.09477261085806268 1.9071556833501364 0.11137954854440177 0.7967152661559999
1.3191885922239606 0.07637530957242285 1.819675904660453 0.16806578342395015 0.7086719492857988
1.3536053352585364 0.07444878238655077 1.7176057492615624 0.16461148953816615 0.6287112188087807
1.319485543451222 0.05850231911344696 1.601994743153473 0.17993471667714028 0.5774733855504202
1.3581624616297054 0.08449789099703119 1.5900610950297471 0.19860619135616572 0.7363388810289795
1.3362974366444629 0.0674260947797183 1.561505601151992 0.19657173764280386 0.5257156683603078
1.3382666748421614 0.05514604024172358 1.6929316992464631 0.28227919902435955 0.7319591562649206
1.3419805725009604 0.09458149012004329 1.7591455353377234 0.3401506393145501 0.7471320092125339
1.3934310868761999 0.11624618855062156 1.8586100235765672 0.1285285229143462 0.8695851194332254
1.3259401036082568 0.05724831324573596 1.6933109771454613 0.2443184519925164 0.7828219422087754
1.377919075004416 0.11044085048770212 1.8415968615936542 0.22022388324051612 0.8772090104934146
1.3494840032429942 0.09868298508938578 1.7230813788030064 0.32799796353588484 0.7120374806234651
1.3500434704897548 0.10165191311268139 1.615943998989713 0.29887819853673997 0.6840883276763376
1.3382480534103163 0.05938701542485917 1.5104915496915114 0.2619296760244619 0.6637213355912591
1.3416861411650127 0.08241204426647733 1.6548067900408339 0.19797860540021125 0.5519045021524425
1.3493175987074342 0.1011278868331962 1.8962531560142164 0.2081117615968032 0.8905103478246521
1.3360464075202554 0.08226951103710405 1.5962743344048944 0.3446231636417205 0.7480540162980076
1.323459784067687 0.06939194909941158 1.819283358628508 0.14402301853904836 0.7608682465751496
1.340888153810955 0.07268681130928345 1.8009372719876993 0.3243673851247797 0.8119797560535338
1.3469563414883907 0.0851890523518505 1.7507982804062672 0.33497182727915203 0.6670280611910981
1.3554950536869652 0.09796172506338577 1.9218253041445092 0.2531951809757971 0.8321349207395828
1.3871144963851103 0.0967154182369766 1.832954524850173 0.12435415509370501 0.8915297632496044
1.363234200176548 0.10133325255226655 1.807597587450746 0.30670178584529695 0.8347568176513963
1.3814951343570474 0.10192910779333977 1.7338576258699825 0.23932017942078582 0.8319808750686666
1.3349532197894485 0.06370469159171786 1.6999904689831218 0.33919917462527316 0.6470972334378304
1.3749212074625083 0.10914989743675257 1.8506742661708326 0.09378916197027892 0.8001043345513512
1.3303780032374977 0.0631806136340625 1.6929875846008196 0.23228092859927826 0.8310034353894574
1.3709143306133034 0.09378407644957755 1.6103798985995306 0.29493114611349264 0.7227822323568025
1.3216323624877935 0.08856677308523642 1.8147337820699965 0.19727884549458607 0.705736554504815
1.3724566973714634 0.10432728508216801 1.8124475908949773 0.23937997942207034 0.7525596049971067
1.3546857028406651 0.064689756876923 1.6503659351632107 0.23181169318359798 0.7995849836939887
1.3734843268287547 0.08534742837172703 1.6840446594673524 0.18082018704801545 0.7703053918022876
1.3634710906286203 0.09637051021369489 1.6379101730974277 0.20855260266498496 0.6649838169338284
1.3274674391987529 0.07478662693833697 1.849465654282981 0.2663245318624133 0.7820367568896636
1.3625783479557774 0.06901464409010397 1.724971990060983 0.28426827116564574 0.6921805535552544
1.3640037316487217 0.11395819977285286 1.779716295917777 0.24359985640369136 0.8233613076467712
1.322401682594415 0.10125651494847376 1.787161516108717 0.18434169941101278 0.7705542926479367
1.363762204915593 0.07867681421744417 1.585930276663094 0.21499908312350072 0.6572374888247686
1.3489256523215032 0.072362766289404 1.6765156508273837 0.21157479272867377 0.5572553036913597
1.3624428180824268 0.0739978147293782 1.6780975045216842 0.2111164058634253 0.622412258546484
1.383813328259342 0.10299275910532055 1.8188421505795387 0.12126132368927228 0.8906571575564283
1.3321144734193056 0.08301961414922404 1.6360805111694938 0.3345896768920977 0.6442161090012232
1.3534630150887537 0.07632744791449336 1.8955207492149082 0.2538643721134362 0.7884863013327229
1.3482181227585672 0.09737566490074726 1.6785550859584082 0.3010614912881786 0.8270792502285184
1.355915075280276 0.08875131170241936 1.6736373666605677 0.2955722246347847 0.6148571765837414
1.3810673519379209 0.11654062683048072 1.9395276071360388 0.07215889898729341 0.8812448319471561
1.3426068496229198 0.058875715775446154 1.6742562364532727 0.2668581777319225 0.5613737890719709
1.3144129573916328 0.0810025290256924 1.7322392339843362 0.26847544904460774 0.75956352310612
1.3258077209057952 0.09957756202730371 1.644398537043549 0.21123841440081875 0.7002276186174762
1.3041706834645788 0.07072399784125205 1.6556722757738678 0.22227618653269565 0.6956731244103521
1.322576740622571 0.08285586494180888 1.7260178388375107 0.23191813638464537 0.5973645079942813
1.3791312584952091 0.09021399309539378 1.7700900039024225 0.16100210694771844 0.8700905681496458
1.372014094656091 0.08600901279836985 1.8579235000468382 0.22977607376179532 0.8667115877016034
1.3700442554252623 0.08937997018455679 1.8951468795778466 0.09155082007455405 0.8724534388854797
1.3588938758732192 0.0727072047197909 1.6994790005725835 0.16857732282514837 0.6735590284246279
1.3563892368839876 0.08777435790239567 1.7311682361659484 0.18717834346486537 0.632200933472272
1.3552059794597338 0.07536116368481696 1.5496443850986654 0.2766375690037391 0.7508034568838379
1.337661023515066 0.08374937873812321 1.6343113647291467 0.2992934840968463 0.572951136024054
1.3368452080175341 0.0667476243797683 1.7710966962909307 0.17715626004364032 0.8659013036472657
1.3286927014864462 0.07664996598470798 1.5311008107947357 0.28400233559039023 0.5832184652816333
1.347087738471127 0.10037885055631461 1.7114265360520466 0.16217604198454272 0.8449918985564314
1.3740537108372577 0.08519721469567934 1.8473844556965369 0.21810582423435418 0.8656015684553658
1.3458952686095302 0.0923511352977338 1.722957420411027 0.18182650306173845 0.633122071095557
1.3653593366482497 0.09346436503829031 1.7413228759382315 0.314038756973946 0.8293447458284842
1.3696956103614755 0.10288332270919193 1.8367593437278038 0.21889325477123442 0.8921665144572102
1.3838207094586341 0.11496114395268736 1.8663777323711424 0.1005141007712072 0.828499528476649
1.362257710918571 0.10963496752463102 1.7799155552540524 0.1424187970241577 0.8786040486501928
1.3313141153739432 0.09279173235476276 1.7716922546771918 0.29955375339040624 0.7787997152617454
1.3346471929121355 0.0970978263485553 1.8021351489605233 0.28169505672901635 0.7755355719315364
1.3351629541484744 0.0968288498991188 1.7712759766648056 0.12938158455240242 0.8542645466891762
1.3284933026483006 0.05616022522958797 1.5854655898872974 0.21115691920781007 0.49224090394515263
1.343279241072928 0.06743414275156653 1.8031157274820024 0.2983744164926891 0.7872106115890027
1.3446679597367652 0.09151472449701023 1.5842548841461723 0.2631426012075881 0.5856185915540276
1.3468009940063426 0.09042839164724296 1.5961426673256915 0.20949775347359065 0.7660535333708808
1.332045012684182 0.08942393062004504 1.722756920101018 0.17743552736368717 0.8632739663714588
1.3251397834983571 0.09997057057376472 1.6819868338996975 0.24415307397798325 0.7148966846992126
1.3429831507109613 0.10118824435007981 1.734455832939406 0.17599925393864402 0.6877781797322005
1.350445970207074 0.08889269354964699 1.7738455845432042 0.19278517699243095 0.6429347928399445
1.380120916892376 0.10527721218388036 1.9209941625112128 0.06613408694988114 0.8564825377203684
1.3498664459093843 0.07817865072402527 1.8540791743822576 0.290184812041952 0.7435134657381758
1.3481835719524369 0.06029121607631038 1.6483313171701668 0.3090353348717096 0.6325409031184814
1.3444567998609058 0.08845702914303116 1.5431592929150835 0.26566506763376146 0.6794331276963791
1.3615123500181285 0.0796856789131323 1.5796469513758997 0.2614622250057765 0.7643616356768819
1.340434958640523 0.10716719553978671 1.8216408808515414 0.22265919250787966 0.7947990321889704
1.3459538155492519 0.06671985274923493 1.8226461253038237 0.25672857511147484 0.7226380736966346
1.329915998433226 0.08186009319560539 1.5424791471384172 0.27934891439555876 0.6493324979465984
1.365956076485011 0.07666410920614988 1.8148924960185462 0.20701443346335174 0.7248301040144317
1.3204532929682369 0.07931800575158565 1.7714113838916048 0.19560147912248826 0.8408423553987927
1.3258001857413302 0.09703692143108478 1.6793290435864052 0.18689326972525397 0.7584868895008001
1.3641629314143424 0.08998333677064677 1.6613495131442975 0.31151657978512814 0.7993957235299312
1.3425131937317862 0.06390576140169324 1.8230531249430315 0.24000628863927825 0.7630186035437987
1.3489822599478944 0.056846504394063496 1.5961284999157765 0.283511060432349 0.6568854974637708
1.326399358158631 0.0980724469705591 1.6897369008196932 0.256954199590436 0.7593400712971596
1.3483005028274704 0.10145270624503318 1.7872125849636233 0.29104621387357776 0.7913156062935154
1.3173879076472126 0.06170590819930622 1.5867843361141496 0.2832597939044419 0.6695500833165826
1.3445776217501573 0.10606103653916621 1.7525000347607982 0.24986430140210272 0.825239048041569
1.3712128543283904 0.08303959280316422 1.7584976673208683 0.19811670749366148 0.8663241079346348
1.3315147674570607 0.06140815515538072 1.5487509042727123 0.21869353197990268 0.6777753680816666
1.3589129391435466 0.07568025719267953 1.6672773652783155 0.3109237092665107 0.7966679021325274
1.321169976246817 0.09609962073144845 1.692331392008951 0.20614118494407105 0.6954502368773166
1.324469798998667 0.07839063478057541 1.7377682169563597 0.26383407142519644 0.8221946591201224
1.3600424670536397 0.082627303102732 1.5804656162137607 0.24248443956576746 0.7585741635483557
1.3320472999753115 0.09325680097641921 1.7227959146808896 0.1611873083582865 0.6861835045061009
1.3202237227302362 0.07069840857556553 1.6692156232302722 0.31358853325790886 0.6710056035149008
1.3521476250120466 0.08444973276083814 1.8030172377424556 0.32699341740471655 0.7983872884084634
1.3530843546410134 0.10636089923456526 1.9270431524050156 0.12602923785575154 0.8634664939090254
1.335358115340795 0.08733148594603399 1.8746525526366713 0.23895183148589408 0.7711741082343545
1.3344506949021688 0.06840203106215252 1.5572788302512333 0.27361831135873116 0.7457135306741353
1.3446866172619603 0.07509242864625892 1.6024120638388881 0.1833742394805708 0.7120951063519423
1.3811515462907764 0.09925085061119186 1.8260276714701642 0.15916040008927335 0.8906995001030074
1.3446413227038094 0.08090921508192508 1.8828822939155274 0.22960060578805927 0.8561017776037353
1.3148841471837103 0.06299142540576465 1.6584886586191847 0.2101896561646679 0.5507844614190992
1.3553488446514956 0.0852075733609323 1.7079842853162854 0.3297310276233753 0.6887762945780583
1.3534457678948861 0.06769237154748182 1.5994029003742634 0.32086776928329813 0.6943018424320259
1.3243289560048281 0.08041826937029899 1.7910243858780124 0.282514789645991 0.7438987549230013
1.3289231932992585 0.08707304573875081 1.6448147695407564 0.30769010714466527 0.7440498561868665
1.3644781013961453 0.11057046072597469 1.7557884392526857 0.23083828366391065 0.8187855989936725
1.3436915615565694 0.07281507539490083 1.742494080002733 0.33854756119518287 0.7017282528408861
1.3517375511921834 0.08443226771928414 1.6651819065163973 0.19217018714960843 0.614159254597441
1.3433143679619572 0.053568242888384944 1.5895058863096159 0.27521629228183336 0.5935332772549498
1.3529397603294637 0.08222234120729206 1.569324585010345 0.2586339267831872 0.5753583246462928
1.326400304341079 0.09637189282564955 1.6502529883703163 0.25649787167689975 0.7057140918878735
1.3626747982547287 0.08118051065955859 1.7176270328122207 0.32233938493445863 0.7323386798139754
1.3079785676391134 0.06858579305398167 1.6144885739204597 0.24958133760511264 0.6036516337549493
1.3613260505802953 0.08915769278510957 1.5819482992958482 0.24059725018024447 0.693978113395523
1.3414774975303936 0.05438447648405761 1.6407181582028434 0.22365053346573915 0.6337739823565047
1.329499781859806 0.06603577288155733 1.5175338237191989 0.255061369717326 0.5840352283998385
1.3216070617638596 0.05766547915274507 1.6666476971350686 0.28406411710236124 0.6445816150202387
1.3519957946309513 0.08525238922111426 1.6935707009996621 0.24231903413225692 0.5989103194432582
1.364110811282156 0.08642312673475917 1.6527423808104529 0.25729552932273536 0.6326093255772179
1.3494907622237282 0.06433641988887397 1.621547350163643 0.2785158349619537 0.5612619878168871
1.3693612882117399 0.09470632599573932 1.667433614265807 0.25195903574689044 0.6953275516196663
1.3350200633533074 0.08210105929039054 1.7203546903705769 0.3008913395378883 0.8187053787158949
1.3164467906353647 0.08188335836923522 1.7593038421627476 0.17412392407299987 0.8040724761995168
1.3876612110829467 0.10068440154759302 1.887465942865859 0.1223345371454325 0.8636571797185573
1.338028367822026 0.0555670866674509 1.5326178901156702 0.2540499646968096 0.5489157994431472
1.3199962195856947 0.08116103993497252 1.5778960733541765 0.21907374804535337 0.6050784273888232
1.321086587607696 0.08100582253140767 1.6177993618039372 0.18970085272193674 0.6301393173247918
1.3393086555411269 0.06878936583653711 1.5232768779564787 0.27927882459134 0.592305905133144
1.3402451748591622 0.057003226924855085 1.5711571358733831 0.22251730915565462 0.6597384896433395
1.3371251651627567 0.07606128068908083 1.6064917187188748 0.23992011799125104 0.5164445024973884
1.3397099677805042 0.10051570577083459 1.6381368747801774 0.2572691329372658 0.7092397807138555
1.3609585455637285 0.0927827562260625 1.8390834561744152 0.23246564779347711 0.7302410492244522
1.3623042253544555 0.11193667963872529 1.7939374986234777 0.14126150258507345 0.8088726532058232
1.3254638690849934 0.06590607984197146 1.7730916113225919 0.21947663948234813 0.6495055944853868
1.3197560067152627 0.061245725667590165 1.7039288191839037 0.18558012967621065 0.764280737797111
1.3466150662984067 0.08899431769106224 1.7703422643158961 0.21217727783436552 0.648701276107374
1.358651522553444 0.07046564852355934 1.7417864964263234 0.2140477795139773 0.8358292060200389
1.34401346498388 0.07452262549058292 1.669439311594254 0.31081361409100106 0.8068805092726999
1.3215075438214456 0.08509839074250501 1.752723205798509 0.2658833861614337 0.7088629667447899
1.3368940134777125 0.09075009011907957 1.8356267315585861 0.26807927231688994 0.7819997721941058
1.332998004559472 0.06046212295786148 1.5238937245421598 0.24664810908328988 0.549850520185515
1.3348514407654464 0.07904536162345495 1.6290641485592547 0.3336636470617092 0.6954027870687924
1.3580648432006215 0.06981649680511229 1.8063180546660491 0.2118737037701543 0.824424755399744
1.3405665642306883 0.08456230517886852 1.6592924699989389 0.33547787159416464 0.7102651538719684
1.373932989946085 0.10727443989582595 1.7852054705650335 0.1435535527738634 0.8239451901604008
1.3640398197019492 0.09606052425912712 1.6977423126807762 0.24787268975817725 0.6817464108196661
1.3659437377344241 0.08266656010851525 1.692184113470299 0.2883518866106459 0.6887134127093627
1.3658130594513356 0.09496665510087199 1.6772107787889885 0.1881046259810231 0.7750022226301824
1.3721582474839784 0.09335047286167791 1.9103524078148468 0.18151477870269037 0.8293831284587926
1.3501428826353514 0.06147327895731688 1.5826748323192628 0.2860758161586499 0.6062861576981929
1.3392262566478497 0.06934506935301384 1.6121988045630828 0.1942984212682167 0.5710501594037841
1.3392262566478497 0.06934506935301384 1.6121988045630828 0.1942984212682167 0.5710501594037841
1.3632620366195052 0.109311338355253 1.7807672560895913 0.20417597490437664 0.8522915308485085
1.323442367197935 0.06666543473524673 1.678145019510473 0.2520611422535416 0.5552760283267401
1.3550700373456737 0.07845124771010753 1.5966292488695952 0.3062597068541963 0.7533492980697909
1.3637720388063372 0.08036709104662768 1.627150107266253 0.29819791860754963 0.7417786527768863
1.3482561667133222 0.10107911079855442 1.8181616791701005 0.10878268688192444 0.7982588279994124
1.3751332378423808 0.0924900986465897 1.7568673899894227 0.24008602812857505 0.7669389181577779
1.3291773231817645 0.061830774487193575 1.5402410315786201 0.23300293970814082 0.5215728152689767
1.329523865846821 0.09932052029308401 1.7049680758139258 0.23105257440851068 0.7711774639902684
1.3376394540412864 0.0876578305428111 1.761908515061485 0.2704674128129568 0.6670278372371281
1.368710128207775 0.08654788315885026 1.6318824489108614 0.2555412731191554 0.6999776461011051
1.3581629443943297 0.08993628781892075 1.7190755538713813 0.22561823038989948 0.648694821568063
1.3519765685622525 0.07886693949370088 1.549402238776606 0.24313913491776162 0.6453482179271792
1.3186993199802175 0.08938282665590618 1.7650703142022048 0.17669627517083764 0.769915665190839
1.3439765999663456 0.07389648099993065 1.54580836108657 0.2648728986983263 0.5649461506357348
1.3547659713929967 0.06542483111278034 1.7287096301845333 0.24986790734808187 0.7711104838723082
1.3451239920202607 0.07149250605625207 1.5777088618147626 0.20213491806430686 0.6419939671531268
1.3330199561058336 0.07437473070642087 1.5743739072708056 0.2691603325084702 0.5393278595510133
1.3511129206460357 0.10491304996232531 1.6940547837143747 0.21267465289416115 0.7359491987284855
1.378915894023769 0.11500125557932502 1.9169206575973234 0.09828338115991202 0.8699268318349709
1.336658895775912 0.08193338062522812 1.7831236463777729 0.21072248479435574 0.6462613076406257
1.3586622303909421 0.0835457025888695 1.6375639166962794 0.29574393056223974 0.6487466203214635
1.3268063728253534 0.058817111182816434 1.6574642676849973 0.1800811931914647 0.7053444661109173
1.3634849566564395 0.08214348604909359 1.8780882461703028 0.18507423149823232 0.867225520180422
1.3454796557696025 0.10739723606676417 1.7485007750055526 0.21602455060638523 0.7985565141128116
1.3592245482173777 0.08549226384163389 1.7512067249909875 0.3105242123164953 0.7995665053286207
1.3433219743797138 0.09317705099059607 1.8192668570407542 0.24011019465419112 0.8565618882171464
1.3175264004246525 0.07799736840363906 1.7006256998273779 0.17016145745119537 0.7683182382314052
1.347319355811416 0.087472845896508 1.7838468164788233 0.2656322974557691 0.6829264235839638
1.3612669469065288 0.09142069094703212 1.8228255513025262 0.16702225993991668 0.9013970263870431
1.3271728605960562 0.06653603680222911 1.6839843871080176 0.1557670379288745 0.7291105084179073
1.3527125564884954 0.0891846789927622 1.6686841967789239 0.28547443552229823 0.6465457702878278
1.3204681165007428 0.08075672178659096 1.5875459805056793 0.21858661921274905 0.6529941077832677
1.3210667930852977 0.06618926335963049 1.6201475539325323 0.21885666599296558 0.7533929671112711
1.3583062033815094 0.08621739002224542 1.6758723874786567 0.17755089187566434 0.8094957081442135
1.319619058812699 0.0733437718744535 1.6499609624508733 0.17897226769672725 0.7411131937332921
1.3130697819276709 0.05857504036557422 1.6525410615353249 0.22692313204230047 0.6434503036160022
1.3556868263825086 0.06590089493145207 1.659416192853124 0.27961908647474387 0.6712507787643789
1.3557031031893851 0.08112919298409145 1.7528548696121429 0.31295186113583073 0.7328965831510375
1.3622777391148468 0.0963383168342867 1.8086118542059162 0.15471530671551145 0.8978867790938555
1.327347873338484 0.07514215048230867 1.5922960646968494 0.2881247381292449 0.5967786724303713
1.3420247369981 0.09378956343138252 1.659334877107424 0.2948096398150999 0.7202831685363335
1.3308857694050196 0.07807210064476403 1.840717607355042 0.14063543028863623 0.7953023862240246
1.355393479108078 0.07969014877757996 1.8942937534161808 0.1665409806779051 0.8026594507855855
1.379943279100962 0.10073073820579513 1.8584034112005108 0.16842877517539728 0.8269313555634363
1.3127325088706063 0.07244519188268318 1.7215548013470965 0.22378531017199416 0.7258258658091796
1.3512993413380445 0.06310011920370996 1.687892580428843 0.2716982012020593 0.7030243830915825
1.3352093179120395 0.08318938602928241 1.8475914444694355 0.16937400206416878 0.8629893740689696
1.3436019332644717 0.08324946420060969 1.8574752042466276 0.25197623109986084 0.7567458791174095
1.3175290372943893 0.06040224007416652 1.7024174545831257 0.19592275048904637 0.6759569635433881
1.31814299600429 0.05947089332193018 1.585535853009195 0.22000389949829421 0.6491045434078211
1.3342156633490367 0.07075432851376647 1.566028281621552 0.2946534691338108 0.6034966523600738
1.3539409209127569 0.08479307447806862 1.633850134609343 0.26348304646035137 0.6123705559555769
1.355978398565906 0.10584340701692069 1.8240988292057714 0.11905732208099927 0.7995561321186608
1.3343300463490555 0.09190061877953003 1.6137103791975913 0.256652214025863 0.7237549755238498
1.3626909583811295 0.09964402428557433 1.8710942683998968 0.10479677414029329 0.8974871067455439
1.3392739240072038 0.06867724778923104 1.6139094682314823 0.19408845599973812 0.7480534989058187
1.3276283464368575 0.06183955268840099 1.7090226292341817 0.2278404289205506 0.6038686068530902
1.3410603324761827 0.10226700149135845 1.8131644117680108 0.14767576058169596 0.7700178139161675
1.35157190374949 0.09688298087052218 1.7180443654327373 0.17907133136321735 0.7045040615192049
1.3639336141166316 0.08627331169576313 1.7721952518903459 0.2302123723353198 0.7033841059299482
1.3610066947041444 0.08346804478491433 1.7427487819683978 0.20802542147320843 0.8657441358673025
1.3561577198671362 0.09332799863789965 1.6516919811249515 0.27033016341615673 0.6768902856404836
1.3247897706371012 0.08168400172349533 1.7488584970586794 0.27261576791448605 0.7067826852791539
1.3255065002188486 0.08656859170617254 1.7597070930072647 0.16965816124276023 0.8318385418356323
1.3772724027204455 0.09447622399717855 1.867664765996246 0.1542304228059374 0.8108187015885111
1.370591855766589 0.08514528573414056 1.7033962015042166 0.2493474468892544 0.766254337067649
1.3350219328155783 0.0803087135893883 1.699220115665061 0.2684757121970751 0.6091816185495169
1.3666863738094128 0.08065682489237856 1.7496095739264779 0.16880494986175867 0.8425687007878436
1.3471094402505723 0.07142728849247644 1.575013672376814 0.30210869517843614 0.6547890439939389
1.3710180336517188 0.0868528410931324 1.8297011360635702 0.19995393644541956 0.8567068232715734
1.3333586870522658 0.09282261257341293 1.7490005848088779 0.25793207969412507 0.8012567516399971
1.3471740696200591 0.10280583371163377 1.804377160179302 0.161268308807 0.7529763909698254
1.360032036746448 0.09388567368221125 1.7713366989170065 0.2691974212886381 0.831656744793725
1.3183067474581676 0.08643828069460115 1.681918812510133 0.22752536862002298 0.7349331125991556
1.3466977501772668 0.0795198456885825 1.6552434986776525 0.2636463891746451 0.8212038737494527
1.3346054706628443 0.05578793413421394 1.5720128296167406 0.25865704220583385 0.5735964703363333
1.3415741974336015 0.09229730178563388 1.8447499435098376 0.18221346050810228 0.8723648671418317
1.3258836364556956 0.055367483923249305 1.6371895947703672 0.21135002676391992 0.6503589158213786
1.333661048935529 0.08081122071934908 1.7160877800426289 0.2573763456815079 0.8280198285311184
1.3684283576989826 0.07760961659605768 1.8060412464272384 0.16163719853508424 0.8193592023628307
1.3360671626195864 0.0674532333106477 1.6921628252453362 0.3046705794938429 0.651373814154234
1.347809311149419 0.0747897389119945 1.6770354412957607 0.32317389975314065 0.7403627365331032
1.333996745506671 0.05981908319240517 1.6497167913049255 0.2721961429944474 0.5902061368812687
1.3452557786009511 0.07618627054390976 1.6396320974515408 0.28399282160782763 0.596810076522149
1.3398444530133449 0.07437372763616959 1.809207950811944 0.2485543948427937 0.6981211782560376
1.3366297903761575 0.08034683930916112 1.79659930340463 0.26110865961558866 0.6986871091798187
1.377006056020783 0.10564270725123953 1.854644182321033 0.12338697838649108 0.8330454706762309
1.367464327144191 0.09129086872208315 1.737714271500815 0.19819262323662332 0.7269039656097823
1.352522251207479 0.08378584394676818 1.5938429025178764 0.2824916068592878 0.6750211336254437
1.3408844402277407 0.08897691650794685 1.8270767310246954 0.22359680359931625 0.8509131966013747
1.356832752392458 0.07095573581840284 1.821420237337903 0.17402444300869485 0.7799576132718796
1.3615566409579063 0.08610086246539177 1.8612108462931878 0.13601853029408675 0.7686538256780624
1.3482004491252755 0.0855391982623701 1.6739367960282987 0.2852041737148188 0.6498162427684576
1.3472688651888256 0.08640555481267619 1.6745835408357501 0.3119545113128857 0.7398616510597156
1.3516411567318074 0.08276855798568947 1.7949331826097192 0.15968658579069483 0.6935384902853571
1.3209129313159487 0.08835002436814585 1.6865566395120757 0.21887667152927756 0.7025932554651421
1.3655489892125956 0.08538486754621644 1.854357623386678 0.20557720435329085 0.8457816982525044
1.324336059526797 0.05912304650990548 1.6638002835230774 0.19162711372139507 0.6800651962921986
1.340797345428465 0.0971709702363933 1.7057180240052894 0.24558503589200165 0.7950078630472129
1.3548730011257106 0.09006706796667975 1.7760774991848938 0.203532007524188 0.6916559553295719
1.3229057418662489 0.06650139610648934 1.685705214805093 0.27863228956238684 0.7117915684598851
1.3148136249152043 0.06884651279130774 1.603076618757013 0.22256329831212857 0.6121511442166248
1.3523148124956876 0.06671263773988073 1.6247043709217732 0.2806435515177987 0.6636798595010626
1.3349777759094479 0.06319072029166654 1.6480220278761717 0.29993107155180865 0.6749906039805753
1.358047243046835 0.1039175980209982 1.8962974424329984 0.13104815786240526 0.8642465861224187
1.3408307701461615 0.07039687939370368 1.6050756524446268 0.30162581774328134 0.7215483397356962
1.3516613980993912 0.09942968987975066 1.8220426523727216 0.23382338199609937 0.8118596276121032
1.31741196172485 0.07326591384884545 1.7030737664739857 0.18284356950890165 0.6718819336668262
1.3580871928980596 0.1031158933982919 1.7588665227138294 0.22832907998715116 0.7999227797745435
1.333912002471953 0.0780847255842347 1.5917909550296612 0.24460094033341157 0.7465018436872582
1.3330332871588246 0.06980655776737542 1.6485424574096992 0.3030442230781653 0.7329117960799297
1.344081372829785 0.08660985302244605 1.725635727001153 0.17985001727033806 0.662772979872643
1.3384072837947616 0.0842118468855153 1.8274955845781706 0.22780292792738335 0.7273547231840717
1.3513009065557586 0.08711562187392449 1.6534917698225748 0.29370246094684305 0.6908114787942967
1.33348245671948 0.09409414310368894 1.743989322471596 0.24292355772061539 0.7850875471378536
1.330070193215882 0.07413280492198025 1.65516068344224 0.30377291701744363 0.6754044371640986
1.3476572399163103 0.0778401879827381 1.704283088200222 0.14982819968261962 0.7416522474652468
1.3387259032241186 0.07878739751856927 1.6800372929413492 0.19970382703482698 0.6083752105949037
1.3435886855874477 0.08818280140952728 1.598524758206021 0.2564480347728264 0.6763025615053537
1.324821708501137 0.05893053804540295 1.6703525960427883 0.24666952680553902 0.6258128855184175
1.3476785766567967 0.0733298150062713 1.6168304166466207 0.21163345597524255 0.6151478668601661
1.3359424791730536 0.07783276742727976 1.7040854781833685 0.30927360932321635 0.7230118980783709
1.3316408086723985 0.0681708085887091 1.7293861957509113 0.24417955530809463 0.628301354648421
1.3589101244035193 0.0810849881675435 1.7643162661435174 0.25138028848845195 0.7102119716882639
1.3541457970804789 0.094123458845937 1.7182737983015464 0.1881081204752458 0.707309909659992
1.3542659271324426 0.07620396991167587 1.8154187498100702 0.25124918890021375 0.7743890499552113
1.3595577892542883 0.0835592368359242 1.8449897164551596 0.13078908035640743 0.7696846574529933
1.3394387275586304 0.07503085749160998 1.5680613811182944 0.25373515442460465 0.7035061232407801
1.337136375211146 0.06911903014763489 1.7693708146599718 0.2451055295094131 0.8076448102380455
1.3531078369135148 0.0759219009267083 1.8329592111166928 0.17606156217036378 0.856596230890215
1.3305846210378172 0.09056146419394992 1.7499986459232924 0.18015150599282423 0.7108650889711183
1.3227610369720701 0.08426177976761094 1.7521350933030255 0.17995230350887034 0.7200670950964321
1.360724715523899 0.08661997804866671 1.8740285165579498 0.14370084173927944 0.7887464266947656
1.3431957327394835 0.08718597748882345 1.6966702026608942 0.27779192002305947 0.8014326121234492
1.3303364583731647 0.0656539335235682 1.728110903093743 0.20385085068796177 0.6378856349781689
1.363671420614381 0.09623901282146918 1.7242134212942477 0.23058881689124924 0.7515494195185933
1.3289492311321833 0.08463980350632484 1.6146456241706961 0.24853341214765978 0.649448850733489
1.3392774799161404 0.08334650753390249 1.674744425049775 0.3031465980241819 0.7145498033341187
1.3700069719110635 0.08563259174277467 1.8061476745319296 0.14865824675789133 0.7834951538468975
1.3584859864677639 0.10067539744047942 1.7815095590130374 0.21426127006005127 0.8372101315299835
1.3232715768491814 0.0733794452033235 1.5868722380171252 0.23525846380798318 0.6730691687400603
1.34265356048724 0.0990048446439418 1.7710723514773656 0.19642276482282928 0.7468267242028019
1.3169290883978944 0.07590016099965036 1.6463015538893173 0.20826374748877544 0.6631759585085195
1.3347282079831313 0.06975133298559494 1.6734985198829735 0.19463163847322015 0.8020682030765492
1.32434987784245 0.08727273537279888 1.7473471626667043 0.18105524796690164 0.7387691349353089
1.342100272985677 0.08006870213900015 1.855946577759076 0.17737233954858633 0.7601917439046596
1.3248758355152004 0.06085289302114267 1.6067641075280474 0.24616311772222602 0.6744289267740387
1.3172773815713794 0.06877719432444572 1.6182627034542287 0.24031474684091678 0.6612611749936299
1.3531886246744582 0.09154361602966132 1.7220070637717786 0.24543007222537142 0.6973762866883065
1.3418321442128824 0.09284843181693664 1.7799969483249645 0.22807558547694337 0.7275893713861756
1.329263454777263 0.07254138255817567 1.7775520928990098 0.24986119161830303 0.7633870945129894
1.3463939562832843 0.07230867937945348 1.598355429365928 0.23486844392667638 0.604733965066614
1.331680825044776 0.0625209366600416 1.625366022551502 0.2042079846553136 0.702989890679271
1.3569171206481174 0.07911876372325877 1.6971431956190166 0.1726242941560391 0.7648134986995734
1.3252675837142656 0.05976238785864832 1.635186874478483 0.21698610272959365 0.6132853956973209
1.3328562309706 0.08678940166595037 1.678921092573396 0.24948098090871104 0.6613189099084396
1.3526222277646236 0.07483681431063953 1.7542094096938188 0.14187807703132882 0.7669297611924295
1.3616054705820129 0.08960199110932239 1.7068658133719925 0.20622794582451007 0.8110178032000797
1.3424060809153464 0.0717453078622479 1.7456577872741348 0.2553577739232528 0.8064225754254014
1.3474630668846401 0.08438335487480364 1.799331728985866 0.16313651348997127 0.8726665776884677
1.3352809375124108 0.06962335973401418 1.7631072467310256 0.14768334101401062 0.7467285063379093
1.3496994052953912 0.0899814949876633 1.7166308482226076 0.1611682385302273 0.7941336302695439
1.3457228726893622 0.079831045059184 1.7499424068074858 0.28945563116041534 0.7600781144391844
1.3402263730263406 0.09435770133797824 1.7517313452901488 0.23683835978588558 0.7921019201961871
1.349659612469662 0.08028516732506615 1.7215538338387366 0.20341185889887803 0.6587705806049914
1.3339687677218015 0.07054979601685436 1.6811562390305888 0.1773531249153857 0.6566526199436089
1.336931223807752 0.07682293641467344 1.7811623011974205 0.25774048446445647 0.7151210927715816
1.3470694829482135 0.0780323700430094 1.6157597884900419 0.24266303156272753 0.7580341850006168
1.3512108159671632 0.07243896681924274 1.7551084253341604 0.20710289773901153 0.6919352554929075
1.3369090469338818 0.08091633645428 1.6212754624677572 0.27809496954403273 0.6727208887608609
1.320844099521999 0.070865065084303 1.6833070372383252 0.20116260470055272 0.7508313539200595
1.359529338232055 0.07852146428236886 1.8348457838907994 0.1840148467303481 0.8206898744704293
1.327963122148994 0.06790980964853166 1.687494264348997 0.2721187202567608 0.7163483473244633
1.3470564543656163 0.08672929957996597 1.8302887465767523 0.20084465954543776 0.8517410136736049
1.3472723247061773 0.07422066176760078 1.7087825376728965 0.1616691526030132 0.7878595342981854
1.3280675746023314 0.0661506650277557 1.6254900029459534 0.20063882792395726 0.6927418412167572
1.3567844180157298 0.09148082890144024 1.6800755287662064 0.2374223109928143 0.7596144338088089
1.3395299722871998 0.09058844223222093 1.7550768564446786 0.16172171506241492 0.7364444215396648
1.327091222277839 0.07095274278676 1.6725214155524752 0.2734012178541501 0.6665655802383841
1.3619934238643108 0.08125949032209405 1.7383300420783918 0.18656824244034956 0.8132947520636509
1.3538552589093291 0.09017339634926301 1.6764828930225781 0.24421505622192935 0.7728208588739165
1.3305478240864481 0.06537392197598413 1.7380191335051678 0.18941678234664766 0.7727063379630663
1.3343973975640069 0.06734639331950913 1.779598922130575 0.2120954665957245 0.731768659549847
1.3446798495484693 0.06859238492491995 1.6934482029831197 0.2720780513765105 0.7448774467099004
1.3275901009935611 0.07973845782216117 1.6839024123384436 0.20342603896720604 0.6493410792832353
1.3488336525487277 0.07550247513975225 1.612310463010199 0.24163930188402513 0.7285753479113277
1.34561262562897 0.08914004612815234 1.6961602321658895 0.1964465649645031 0.6950312806764736
1.3317846479521296 0.08970343258775383 1.721125291158311 0.18912093864717724 0.7318153190727562
1.3350065376282725 0.09205883415911972 1.732848551719959 0.21500569096691735 0.7324340011955509
1.3567844460698593 0.09268626262526142 1.809906210695658 0.19702065431684088 0.8531871120376846
1.3238281815065422 0.06330009313140576 1.6395363547767348 0.2089033460701183 0.6517045821421019
1.3256018325366152 0.06479468916560455 1.6149047303581838 0.2539774761622539 0.6328597217014243
1.3601009214516258 0.09297974253669217 1.7890353416054725 0.22424965623304122 0.8104500768237384
1.3636622346981109 0.08993867100808695 1.7383691024125958 0.19124691711642977 0.8031024626369505
1.3518954267738004 0.09866104637702977 1.8322195885946795 0.17422907000492482 0.8376303701545196
1.360989344219773 0.08963953290064211 1.7092351816740776 0.20776627387685312 0.7807691128463211
1.360415485353569 0.08891271315253955 1.7634940233135208 0.1583471979673376 0.7630966058842032
1.321395197700859 0.07614225975254726 1.7260487609043142 0.2079877982779976 0.7085248961127428
1.3351278199725574 0.07319036955921802 1.7657193398760613 0.24348699664934917 0.7012493395210315
1.3533222910710885 0.0953079373251074 1.7690993943957414 0.1834463920211724 0.8402485743703549
1.343597482607455 0.0866265106590014 1.842985283444477 0.19322610129948356 0.7814015335464843
1.3631625281448154 0.09702354028891821 1.7994237498692573 0.14863913025343017 0.8306825480505323
1.3234141541108035 0.06704824232004818 1.6875764022366984 0.20260803415931922 0.6584623633829368
1.3351674211700422 0.06673681073838013 1.6804764957570177 0.2736703065327191 0.7007719615690035
1.3462818468238331 0.0895152193670128 1.85159762101715 0.17745982395719617 0.7942703779172203
1.3577479804781925 0.08462097290235349 1.6854551366887458 0.24946388834160238 0.7479859574188541
1.3370509627510785 0.06644300535306809 1.621204640968538 0.25050068922377905 0.6109744147150087
1.3533393613006304 0.08031765903358867 1.8438277319126133 0.19108635092787887 0.8004398591621803
1.3540092526670517 0.08823107435272859 1.7485357988808103 0.2535628924855243 0.7709328538481244
1.3443305172253026 0.08732043141848066 1.8343984874512866 0.16230829467442673 0.8480573521980048
1.3544969334082466 0.08478958084143555 1.727300255914904 0.1867978956997726 0.8274473455566873
1.3387734773812465 0.0695175970249669 1.6758080873908145 0.19082540889159344 0.6625139154790632
1.3489193245809348 0.08116105625206654 1.777018343750682 0.21249070458847016 0.8412502664960761
1.3340747271565525 0.0786686745147299 1.6757208141646343 0.18484392153391094 0.6811407159729777
1.3277959281272558 0.0655955152703262 1.6969912511884337 0.22048631256194354 0.6546310549619402
1.3488014885496424 0.09195228011508558 1.71058272630325 0.21752028614063215 0.7947453606637451
1.348567940331497 0.08287219664194982 1.6587861249600042 0.2574122305737828 0.6843886180238982
1.3358843187837037 0.08340749209389228 1.649605725016086 0.23123781759736345 0.6624759961886398
1.3621070378106408 0.08702216936975037 1.7659285232583728 0.18850164674046926 0.7613621803418407
1.342841741821386 0.0733186688753648 1.81937927424141 0.1879830238202064 0.7981674352808542
1.3501014028016285 0.07164881289722949 1.6808782290714173 0.25026419282321105 0.7516641182549801
1.351594538966349 0.08298011191835013 1.7006255683181686 0.1800826538767431 0.7358655894641339
1.3287609157967673 0.07799075407219151 1.6337213422607895 0.21513413262213946 0.6862175236789908
1.3402277950116144 0.07531045393106899 1.7906377029846219 0.14360270456544924 0.8011128726589588
1.3456091048636898 0.08376168540015269 1.8380329753970162 0.17908361549720106 0.7699799312571228
1.3358737976697574 0.07714446820428154 1.7730011512002601 0.2442722946865915 0.7361944586398026
1.3444563467297743 0.08277690752310002 1.738681947404766 0.26562613627913706 0.7651243515544852
1.3511505077446253 0.08212288739971167 1.7542006196634925 0.24932121075647143 0.7969936624145011
1.3465598458064103 0.0748688337400622 1.7787538986199587 0.2111056571634318 0.7163915517501498
1.3358765298810966 0.07690659652136843 1.6445986101364247 0.2682121156733949 0.7116893232192396
1.3458889528733113 0.09186133353660136 1.7127679345442837 0.19966255538356806 0.7562194660914423
1.3432479259934893 0.09362819306131519 1.8000895710659397 0.16957784110934493 0.7952339166970571
1.3265815076053367 0.06895871846402189 1.6795811335810027 0.20996819226330732 0.6520975816970327
1.3503110000000458 0.07112491861080858 1.6761053864835123 0.2289980915269229 0.7088447962191222
1.3365890012753212 0.08336393839547535 1.664897946473885 0.23669920714493983 0.754133464520184
1.3314840578966358 0.06821803166314915 1.6704688168563548 0.21977259306498922 0.6372311522631133
1.3272759123927882 0.07356809010458508 1.7026956073899884 0.2334401096514402 0.6741787050877068
1.3521817426344604 0.08962444533467953 1.7103588931127014 0.21016625832843483 0.7440668438723346
1.34924454633614 0.07267028932215412 1.7101847916015114 0.24700373445904986 0.7167970039226162
1.3409385532337452 0.0903753927991133 1.7268628837085265 0.22251558604507568 0.7538032690350611
1.3275307887410075 0.07113693587282781 1.6770414188356093 0.21171220591760329 0.6517568910055407
1.3516521379624518 0.08004796966035801 1.6726849340812162 0.23037774244513634 0.6986655969134971
1.3449560724963423 0.0912783149371164 1.7462336242730911 0.214055629671113 0.7544456983640068
1.3372987452834866 0.08817070711312518 1.7476699945471017 0.21782670435008547 0.7544193823234872
1.339335663088741 0.08326475269989654 1.7750087228691858 0.22096703648756433 0.737304006111277
1.341381857906944 0.0770074062420088 1.7941401047435612 0.14933286393672318 0.7798242360333492
1.3555001542743512 0.07935253272117647 1.7382632920955818 0.2042915754853305 0.798421988193194
1.345932210101328 0.0705694657885801 1.7106549211440174 0.20995681764088503 0.7741931167511331
1.3372327392119963 0.07141224382749421 1.7040910737696444 0.25769780092442923 0.7085025411703433
1.3520329828559883 0.07975863690891329 1.74097735662749 0.2073458145615607 0.8118641282283658
1.3506790532464819 0.0867892791665828 1.777622389781993 0.169355614354261 0.7508942776350973
1.3329158975299387 0.07238136717711494 1.7586094012488989 0.21216017627186143 0.7300520807853683
1.3473483512926938 0.08929326026615911 1.7983379086893563 0.1710780496387374 0.8305638154672128
1.3336035154280637 0.08076431374806897 1.7527080012765102 0.1717515762638972 0.7540789567965427
1.3513474337555589 0.08574884097109982 1.7209421035879204 0.21779134463822444 0.7375936723430393
1.3491846050707417 0.08900098758997164 1.7612612707254702 0.1969676230894157 0.7548249587636631
1.3404024469913434 0.07972890027126836 1.7468202712320817 0.16481378164652766 0.8012026639121742
1.3484107036133426 0.08500720023439197 1.7909816346432281 0.14832466703808095 0.7842208867084847
1.3535542270106324 0.08310659354256429 1.742710187026094 0.20323931835302594 0.7425906022427383
1.3323357549060597 0.08038800311072583 1.745767408717732 0.18550035326270578 0.7651156918187656
1.3297290660651073 0.07281431348284824 1.701831419658785 0.20620463913737752 0.703005631869132
1.335250900180594 0.07166188850851656 1.74650080733546 0.2035541175654151 0.7322982105905486
1.3370537392224202 0.07324755145894714 1.7508878801931833 0.18898117181892493 0.7582215873913497
1.3455254718611918 0.08246322984395757 1.7664460743265442 0.1955620357754496 0.7606688844362998
