mu1 sigma1 mu2 sigma2 alpha mup
1.3906910775225265 0.09001686773041916 2.344518706120758 0.7411150970273317 0.8416778173263608 2.3184029983270573
1.3472865469922612 0.11782500409120054 1.6111404688639182 0.9309768018302763 0.8188806176678428 2.5887790310278156
1.4037977943123874 0.11586924323148272 1.4882241950706616 0.256703801186675 0.31704691000060964 2.286489814426331
1.4064800419655432 0.09497244046158414 1.7664299749543808 0.5140737258890073 0.7227482898723374 2.0803114299747425
1.329792365470075 0.06708204912937292 1.4809570849018783 0.1620286385004403 0.5438062891317311 2.0001870910795247
1.394879029891765 0.06730414861540227 1.7919631255889605 0.23025360045964252 0.7150642171815054 2.88719632541258
1.2703389463254953 0.08203265530175886 1.485972689758336 0.27827728506578037 0.3390078700213862 2.82514669193543
1.370849785802812 0.10382341591744222 1.6936145373493205 0.2986920204416562 0.407982569858196 2.1666135666524946
1.3615031145245848 0.05355360215819844 1.7106414665203693 0.43471759655504655 0.8381324015174949 2.3280910533620007
1.394826268984934 0.14847230236648046 2.0465609001869036 0.21662813916017984 0.9660317894447296 2.7269244911332122
1.380153559958074 0.12262650151817592 2.168020878765021 0.6087811292492974 0.8826613713366074 2.4147215348794324
1.3838498574200464 0.11588763192389773 1.6015883226215888 0.37239887568527275 0.5076805729871712 2.087887281060487
1.3211162195803423 0.06603745017797058 1.720034012215778 0.2164524152606921 0.36565079492192354 2.357737509341976
1.4311940321264494 0.15215479791217573 1.7942633627635072 0.1261335128356169 0.8887373589339229 2.2496492505965158
1.4117042341913533 0.09474668750767885 2.005935171708787 0.2740634934941658 0.8200203934263642 2.8226654213866835
1.3619241847655223 0.05727191383178194 1.3966007346532916 0.2230580139983766 0.4013469592779956 2.389486294184051
1.3045598260922708 0.06013675254336857 1.712667229635921 0.3281424337552185 0.4051465954600996 2.3056003411813024
1.3751022723737205 0.03862686090908929 1.4714673455609482 0.2944674564276472 0.5239407607891046 2.3022780383179593
1.3527934981145415 0.12028151274206979 2.021961810481659 0.11919630125344481 0.742137507208423 2.852896171082429
1.3583974889696488 0.05481214657441843 1.8465638468093732 0.1354772700711893 0.7637074440712904 2.7897269850370794
1.3582663244649618 0.05765604092645258 1.7355225648808392 0.5106337916022986 0.7608382139698561 2.294940805144697
1.4030692973991399 0.11185131903019942 1.6821549971786065 0.5144970056453974 0.7754343121106507 2.1547451065079724
1.3978070803583356 0.14278128842219587 1.8390191964051477 0.421177420588009 0.8336611486442305 2.72469585309032
1.3370492889558314 0.10484037027539612 1.7432732511610711 0.45007097984870015 0.5922232398174516 2.4417646411946157
1.3731780346349112 0.13626705269325035 1.9956420053447248 0.35956992117750214 0.7949039872512418 2.1552936085699734
1.3674849534185818 0.10785994369792828 1.6335028363450896 0.2578535552872649 0.9435333571796269 2.705109125088506
1.3079823418513326 0.12187702358109807 1.6617335301145366 0.3628778714344716 0.7245522360811532 2.293465679317575
1.3059635196998531 0.07035231682591445 1.4127043321087616 0.30790564363728135 0.6607546121739287 2.6613342600119765
1.3744325695878286 0.12817066776353633 1.7670431296637479 0.5390363995960135 0.8158297375958545 2.223280388516743
1.3634645592967638 0.066084727357666 1.3644563832308982 0.3579719132741813 0.7058251526677116 2.2651553795149164
1.3575251162133513 0.10841592678547018 1.7253372853061344 0.3129936068998922 0.5049318457785226 2.2069202801470107
1.3844228897920412 0.1156937859515932 1.4372513637936675 0.35125134333661273 0.6785414625099966 2.8381745786898582
1.3944512804030005 0.0880377336324645 1.9183810271200072 0.36842347046052953 0.8903422039057121 2.605765085407096
1.3687881119778034 0.06549554789565978 1.8325898434115095 0.4478180293878397 0.6981984809746989 2.212010115530524
1.3931111167856947 0.12082140956930287 1.5102092437565033 0.3240721432921676 0.6021161706079392 2.2489165421209014
1.3469946579531693 0.1385658408645606 1.833263511615502 0.23030380227494998 0.930961720090852 2.4708280957666213
1.3518290249230347 0.06435024177896366 1.5284751852933116 0.23087125370069575 0.25383582493322676 2.539639946696642
1.3004367403361226 0.09844158403835873 1.6103772315198581 0.22304944536807628 0.7945129991879202 2.0335716637537593
1.3734073257953932 0.092040799156955 2.121904150146273 0.23648208932892378 0.8838482610015822 2.4815585371990947
1.365064934429948 0.0868057606699921 1.9331729178283372 0.4322087353762918 0.6637288149441184 2.5683004626124557
1.364118287771522 0.10003211745149748 1.7096605968275433 0.12996154397628226 0.6059670055153886 2.7605881944467416
1.3322651493804087 0.12049110731064576 1.6825326005175394 0.15070515954046668 0.869101464726046 2.4769115393112204
1.3762191844351968 0.1363200017068021 2.058920384072804 0.1499597305034325 0.929655675308335 2.4302361552291196
1.331388087769403 0.05789490039435236 1.5340060489602303 0.45210066686128175 0.7558414683272375 2.44409354920277
1.3370355964733796 0.12865000676313498 2.010445014520349 0.21793027208946741 0.8361837198813716 2.713488119304421
1.3239625382847744 0.11943507372859512 1.7789415097064656 0.18882325155256802 0.6184730776457101 2.7435382802276047
1.3347598185026563 0.11214666187146491 1.8402084226144568 0.4249070357725883 0.7118860834917974 2.760332991957847
1.4039515720127498 0.09555871905464407 1.8472367605725388 0.11199326721426557 0.7334440412491073 2.0598808421237274
1.3596063067519288 0.0900643868213655 1.7086335071151586 0.2726887463258221 0.45960704292956744 2.896573720485201
1.3387151826480093 0.12842711764486667 1.8279213750456758 0.3657903461819652 0.8605403056322493 2.6191334880048274
1.34685811813296 0.11026950802504869 1.6861216073111676 0.4545882296540827 0.8801886969984667 2.5771896639339396
1.2884557791725753 0.08583430301396255 1.5694161965319897 0.20672607747058983 0.7102912668973836 2.1907481529282427
1.3242653306111807 0.09852802298526579 1.6577484180228548 0.4554143071994713 0.6825151230388206 2.2893661784652184
1.3693884948327424 0.0744837283706013 1.6799695698883816 0.36880959214665726 0.5107829599988363 2.4100721246142447
1.3435823527944022 0.08774575367081662 1.9222437995399706 0.5224980904038558 0.8162945549096722 2.485085792915034
1.40720303841867 0.119182516638185 1.8559392394505037 0.32726375104534905 0.8054739524687996 2.2362287080784964
1.3547624138014207 0.10428809033459144 1.5574339983538885 0.18615700561169107 0.7996952782694615 2.5528743457604426
1.3398628060560929 0.039865603001467936 1.4628697694699664 0.3430932517984162 0.4542736790094836 2.489255033423531
1.3247659775910288 0.09922216963528696 1.4999064571603755 0.22817417985725 0.7522753391253703 2.6361384131404093
1.349174002053717 0.13126794569298086 1.5601850085384246 0.24464535311287605 0.7588170710753035 2.764608193797427
1.3772803366609614 0.11150218365272933 2.097611928624477 0.2503601952312019 0.8487354433521558 2.168834240898271
1.3349238544571664 0.11886404566487808 1.6039914349963333 0.3575551396308132 0.8301082134251316 2.5126896854601064
1.3277786784219225 0.0829647744164284 1.5647259409034178 0.21831212092812058 0.3297209647826053 2.179991923254189
1.36448085054799 0.1234491084526742 1.6206244137614498 0.41621700089351416 0.7338138035748355 2.278829984429805
1.373501815358821 0.12312763444734748 1.9496784274846082 0.29368030547504465 0.8603053936673427 2.0468704664873063
1.329347212591133 0.09643022363401531 1.808240001092352 0.4562646405359135 0.7364037912278848 2.149828901969131
1.3478706536646103 0.10555538718494784 1.8439973772156635 0.2556763041051119 0.6021008222902815 2.279925917361346
1.3525120452767445 0.09265088433324042 1.5602652584615577 0.2983215909211543 0.40696662288527924 2.492923880087038
1.3608540845041912 0.12873679676753833 1.7755890070016425 0.25312088992079645 0.6550351131573833 2.5586610641262006
1.348446315953494 0.07247436947818689 1.5833805253748747 0.23432655842578315 0.8904704050447453 2.5768324885683733
1.3821086373579676 0.10789519786475787 1.9159487098841255 0.1673354496717141 0.6835077860689213 2.308950434438132
1.3089978340117676 0.049788734671026826 1.6334595487296606 0.23513574690235664 0.3647366113834671 2.773370638388589
1.3006046807706908 0.08919490568703535 1.7622895711216047 0.30148326725941366 0.6166905795193705 2.236629165561493
1.3492225616213616 0.08186590295488898 2.056043219268023 0.3435201506328668 0.8054534980622143 2.7915426685194973
1.3697073994959903 0.10285681089036691 1.6158772045850305 0.31781583671393204 0.9103907786588405 2.5957520161487944
1.3195460924886304 0.1032490774703421 1.9013031624491115 0.1055193727356519 0.9034445990283714 2.570515060112324
1.3941502585221843 0.10461429902786626 1.9421455694485887 0.36416956643740245 0.8408242499797053 2.8355025027683114
1.3811095599708765 0.12619081711730828 1.8006378508520187 0.29107187095980924 0.7116427558561033 2.391518788156531
1.3691923485318924 0.12789943729297032 1.9439838638322193 0.1665918099351424 0.755703297518011 2.1290195621199755
1.3497382897573456 0.11861693841073052 1.7719561455532737 0.3858474204274637 0.8696320884027435 2.6593179978300587
1.3242345877598507 0.09204889236934684 1.9164984463119255 0.27721219004015085 0.7546670298366226 2.053236415637504
1.308191261842079 0.10561589561628443 1.6705974133301664 0.17153445605877543 0.6267841876332821 2.4183957198076795
1.3208130367531594 0.07575721872653512 1.8235558309079725 0.12864550387897392 0.6333063176487873 2.767553926408293
1.3846635313255682 0.12924567617108992 1.6868783985975822 0.28563659605617436 0.7418395213779982 2.0838431503801997
1.3827273425920628 0.1228702199137324 1.9968890248000513 0.2642143365839695 0.8177360176589652 2.8467124749374815
1.3363941334765694 0.07843628722300307 1.6998785088023847 0.2945109783359535 0.45032367273214813 2.4408824585799502
1.3726054066880449 0.058901851288988574 1.6700841743994541 0.3286758103976615 0.6571221982170985 2.744261960826732
1.393230824270784 0.08332308104369278 1.6835736574708817 0.33138755978728585 0.6982626871218554 2.386760778923903
1.3805120510282256 0.14439906913939662 1.9794676368961706 0.09703497347041254 0.9282971431601099 2.18129673460036
1.353201334406351 0.10263904521408393 1.9984068465927698 0.38626261645903337 0.8067203593058724 2.4002860784018236
1.3395859928825677 0.1292509405445847 1.8866698149343488 0.06655186413638635 0.9320305635849542 2.4129706992164612
1.3761580042738781 0.05749682771254031 1.608310291469815 0.26126179203185235 0.6528023804684895 2.634016429954241
1.3633135811951305 0.13126659239852853 1.6669438448834035 0.18933692614412956 0.8070531046019407 2.5048894227416936
1.3267591580963223 0.089997156773248 1.880312395302992 0.2185577876593515 0.6329555037125525 2.2822455551866354
1.304940402187725 0.11106093353929473 1.7361747792741977 0.19272663570121817 0.6869700349912358 2.423775995711311
1.3895062735177792 0.10817729371123258 1.8535706816064157 0.3361525828756676 0.7429648275906848 2.670198718861909
1.3975434451727613 0.11329392862529783 1.6068254370319126 0.28520854021146036 0.6902874992338683 2.623350937758802
1.3871790803771606 0.09072403223851061 1.630444363403471 0.22617066630415553 0.575957692899564 2.5425226101551126
1.3631162396858028 0.09289355537446559 1.811698694607667 0.470524353585084 0.8577319074769437 2.5297518607147906
1.402788524774338 0.11792494870595706 1.7438778078427628 0.16928144520277022 0.8735446190134162 2.362499228346133
1.357756742115341 0.11604172921279231 1.6272062972831995 0.18255691602971255 0.6493734669514201 2.8883657614758755
1.342248120400368 0.07326298538975447 1.4762504837784065 0.3459221207756943 0.8062045221839768 2.418656658201447
1.357560339810825 0.10657704018642775 1.7822652221534316 0.432425044566977 0.7232865732775081 2.8909693669268393
1.318127214741447 0.11113817017604498 1.7374115003162922 0.12979699319147264 0.7908502723076122 2.661513390509823
1.33970159949106 0.07902398949310947 1.7407646916819592 0.305675928200242 0.4984276540939178 2.5855035511193223
1.36348205475645 0.10717316598137606 1.8846234339332606 0.4403953310545789 0.8174543431634557 2.6615512367591316
1.2899853685866174 0.09149299960487643 1.624654948308505 0.23568169707989742 0.6749271361170438 2.7445009448862954
1.315148702981312 0.07306613909706972 1.8700083522726407 0.3140090914845758 0.6881558989044719 2.620856493681238
1.3226490024527613 0.08138701978897178 1.7464947063291976 0.41977137644188306 0.7971352918444818 2.432285339929562
1.3129567979010544 0.07433295603486478 1.501132873565362 0.23461963532141608 0.3549798778858738 2.75036447321562
1.3725766648507491 0.09510762452223122 1.922463985704586 0.42749638392569506 0.8326889562728274 2.74658440298356
1.3576506712606977 0.1261225971100476 1.6238378908922244 0.2279772228280618 0.8239362305558817 2.3095825597024753
1.325244451994064 0.11556373661581962 1.6686978305347142 0.17206775555960996 0.6826808799724973 2.1716878496293566
1.3818537029841107 0.12538696835312813 1.6685150983242463 0.3380518372443687 0.7896855812957169 2.176436308749473
1.3766878326783278 0.08095119038750805 1.5627606216699212 0.30932060404587924 0.5053387045269829 2.379652068657081
1.4027921309686295 0.10472862794605169 1.7426309980455563 0.30028858941072306 0.7949870275084836 2.3038486642898133
1.36620445426206 0.11706404054883247 1.7101870149756886 0.40242367881754965 0.8391652023017891 2.544073274604216
1.3433224815043432 0.08440555550428744 1.5461600441264634 0.17384035094195352 0.668677639494292 2.8294558507584497
1.3056182980394202 0.08152350365577192 1.6125143224287766 0.18346928710961996 0.5078208675906145 2.0473524456205734
1.3763618619647038 0.14166382613658232 1.8350933649629158 0.1354736293249729 0.805742943701515 2.7656349969954754
1.3549034552375254 0.12805748710150175 1.7463135821375624 0.19145871544874904 0.699821347221027 2.5484280181517938
1.353854900085212 0.10305352235780235 1.7713308917556074 0.11309851914876806 0.9253641724457801 2.406296794841444
1.3410555888071485 0.11626142101465901 1.8802014132566596 0.05184996431779882 0.9139370426486833 2.612303910613118
1.416933504986143 0.12211588283913166 1.9156952751742682 0.11459389710679979 0.8405586834553956 2.6101316415850913
1.4102263000460775 0.11540204166893589 1.82434227430848 0.19397345970041377 0.8525502367836542 2.646006157109465
1.3311804472397284 0.12409195489163001 1.832457981559672 0.10310640682827682 0.8095530480715869 2.782663480632811
1.3753612412028384 0.09268527167881595 2.026143982981532 0.23325353082472328 0.8817082147642291 2.6977920300542637
1.3664553984322507 0.10607837304107826 1.9016972982065652 0.21631227559243826 0.9348313721957681 2.0820378539416944
1.3712552549706076 0.1155699064676378 1.6044337589146123 0.30669056568448416 0.8470666762356024 2.356561473043942
1.363238200683622 0.07898538980344337 1.7034169561884305 0.456916008159662 0.7390681763011782 2.756932390568316
1.3995046661043955 0.09307302000043302 1.8275318149536408 0.22013829189322964 0.8149608076954761 2.1682740703457632
1.3481466430668303 0.1056700423852485 1.959424763296857 0.2824823971310286 0.8926875623260302 2.3005017021445897
1.2995580807954 0.06663060111236942 1.5584230721251884 0.26578518238324145 0.422148565664862 2.748406369472489
1.32578019506648 0.0947748082009621 1.9071486713796264 0.2998675534223026 0.8218812423808435 2.158152041474334
1.3778474168886665 0.09912745138122551 1.8767779994269662 0.36112262733989836 0.8644432114991651 2.138304384087941
1.3199403180076161 0.11643141271535236 1.8112522075779736 0.20238649234415135 0.8498476743155658 2.51936263404611
1.3785370723970007 0.11691808316196566 1.6036111072104473 0.22078030618581307 0.744713818456275 2.6774880592563144
1.3736967056805667 0.12677494178278487 1.8061103758053623 0.13337816911340208 0.7613398481423185 2.0641644441563862
1.332012628384936 0.09770229148251376 1.6253582283723746 0.2259390290159797 0.6466173092293918 1.9988915708479227
1.382222272064015 0.12330972399276949 1.711433056222065 0.1953320608080331 0.7370408158430117 2.7308359245720135
1.363382936404335 0.1031740990559379 1.5251282532053834 0.2564011464654476 0.546226310508041 2.4951030300977814
1.3436580184568698 0.06548474615819096 1.707288671528297 0.3235723078579833 0.5055155428633541 2.3564094589916427
1.3785114485929482 0.09714281147857882 1.8397527344245577 0.3494653250016244 0.7258036301322277 2.6782475872220757
1.3515349300080306 0.07902807189181084 1.9912840691950144 0.3014412005828055 0.8051481851722015 2.4372979376701505
1.3719857976161152 0.07755730731790401 1.6193659415534283 0.23504943666401423 0.855519268942113 2.6986560915481648
1.3537453835476874 0.12316365745230416 1.8773330454609272 0.2684009777151346 0.7823523990657557 2.2811875504746153
1.3648481492949431 0.05467774393517429 1.654280598310173 0.28082290733334314 0.630487348756218 2.70349470419258
1.340643081495295 0.08940159937110212 1.541650356111162 0.334705905364862 0.5457820173375786 2.104871344044429
1.3589377656020418 0.09463483412502395 1.5502416592892785 0.37011925364561316 0.61549217767178 2.4067695739261157
1.3251826975217933 0.06338246350825953 1.5723704540998469 0.17771558495182407 0.7584911075731879 2.4470083657714055
1.3544939129321811 0.0717501788083077 1.6211364634415535 0.44568623690090997 0.7192682974805789 2.4741156578134262
1.3444441386940211 0.07675923734808554 1.6732758335721067 0.1439110960653394 0.5894127518772563 2.840481870471651
1.340337003954936 0.09553752794484248 1.7384190997608613 0.410568119185916 0.7348538156296238 2.1177878911184536
1.3646607551828436 0.10562638192724044 1.5513728367575794 0.22639785313275387 0.763627442450352 2.5880507161515114
1.3153060876255125 0.08095127595067629 1.8766171341248192 0.2440490357039978 0.7105908479731986 2.5936242828726943
1.3175831227679016 0.11409861904025512 1.7957057099521803 0.15500359895003843 0.8430947421797512 2.295267507744979
1.3497570710783338 0.0918772996411577 1.9407338775690421 0.11657169894285935 0.8937362553842496 2.0392281803906505
1.333141157485765 0.062051695259320916 1.5406182105179402 0.27853073681624974 0.8026859033345729 2.544461178972924
1.3187921934374798 0.09197267269377589 1.537744921730203 0.21573493429038534 0.48723372166068213 2.2960652896368594
1.3272804615417184 0.07855470562024938 1.4928316200866418 0.20951577664946636 0.6212652317459633 2.549400596249061
1.388597327514796 0.1204493482848836 1.8698640195580722 0.21404514076952677 0.7744178138570169 2.674693288114569
1.3443846964720774 0.08739012345769603 1.5575035715624332 0.4227556331650302 0.7450286374108332 2.262837878934143
1.3921114848928686 0.11739483353924564 1.7259779663033001 0.22544935502337038 0.7469470801527516 2.603860732613404
1.3808086663768475 0.11021402274232894 1.6767223346224411 0.33070400447525855 0.6970500981176966 2.6975350854350832
1.3442923573896488 0.10277880053657247 1.9641381425516626 0.28214260260578544 0.8009638868367068 2.2232667771293677
1.3238899351665938 0.08420976492379752 1.4911350578504063 0.29721183437390974 0.7126924027734983 2.5734852362607663
1.3847783408645038 0.1079901199992562 1.72356973759516 0.14337226888178 0.7878888153732162 2.4650014990443623
1.3857624133468271 0.10865750789754944 1.7124395038719338 0.32174794877325325 0.8600135204145036 2.4972162116920504
1.3760569930761197 0.11318840323646202 1.663648550127915 0.35476236945778533 0.7547658105659693 2.5530001475940876
1.3871546393332923 0.09060494448677388 1.669524782382306 0.33111479574094976 0.8112392091954779 2.8620199594841886
1.3372907746822404 0.05585293422539534 1.5808000710729444 0.24890877063150965 0.7970441515601244 2.8151838369921904
1.3183605851375633 0.06559017941822748 1.6342465210748582 0.19795874183844098 0.435819864897694 2.792305562437043
1.3779323878646836 0.12755897130523927 1.844530956204511 0.259770302911391 0.8332895196516632 2.801782522362628
1.3426299395263002 0.1024519583622454 1.9624808546493364 0.11306505013391135 0.8356101632644669 2.309984881821793
1.3834534579693882 0.10584256481272229 1.9470775399925424 0.28510291912635105 0.8473978932269941 2.7388554745748617
1.318576106670427 0.08645529449828897 1.7978954393814404 0.11763774332653358 0.8659228036636744 2.1182749993998136
1.3812119454470866 0.08486088388946066 1.8147987121510312 0.09018347372433237 0.8263174612377434 2.7272526183369656
1.3241751429685134 0.06895826149687825 1.8284721811364966 0.1195525310700612 0.8332194945640585 2.723814853664054
1.3600776925216027 0.07865226545752789 1.8684263661605158 0.36813464483959063 0.8408969484862194 2.794372285978341
1.3345735826738228 0.11542345287961561 1.9009201482958664 0.22526343707763483 0.8363615604993604 2.8115126856087786
1.3768079324224782 0.09019065917970667 1.5353364682199486 0.31865936005344536 0.7670250510104442 2.7418679316804835
1.3662269516603929 0.09543496809443784 1.535361897289889 0.2919166439229434 0.8099859028466672 2.7716909567049948
1.3215617943445963 0.0679600003919021 1.825377207582441 0.17352339347176785 0.8542573944140207 2.0755635955195646
1.3501546273833651 0.08673086204787396 1.5019778238404333 0.2989691864153624 0.5205369002823071 2.854761277093297
1.3111479505932522 0.07100062590316995 1.4898593227009842 0.23380659482863878 0.5865954707762306 2.6375049380231803
1.3226175602151442 0.11057553466751781 1.6218597934681327 0.26161100427389605 0.7449096856627524 2.698892056652216
1.3315459435422348 0.04261424841656557 1.5449602462791159 0.3028523081973568 0.5684209003601962 2.1268286901827667
1.3090506585998132 0.08375165844595742 1.6274417525942217 0.20576796676708606 0.4923287258482525 2.7573356937290283
1.3560212653310204 0.08881242127969456 1.577047511972825 0.40996139353643507 0.7756958216825252 2.74613587154162
1.3504938649924445 0.09393861672525261 1.646312747217495 0.15698997443395224 0.6551243871646214 2.166317688873325
1.3308440224801426 0.07718108718865174 1.5264618316499425 0.3501086762786342 0.5663418950978635 2.169168206385184
1.3665588729674363 0.05817232296870307 1.528025625324991 0.26042096070933385 0.528333744933353 2.894931121516999
1.3483633891856135 0.1303090753537753 1.872923616975732 0.11188083196078043 0.9075900377662988 2.236441457523984
1.3105196469391558 0.04359408478008343 1.5424618636335437 0.23217539062611095 0.5581368108438739 2.721062864436541
1.315651779990703 0.04042562277877956 1.5600989304940525 0.2635836634843206 0.48492540794607225 2.3424654722852836
1.3264965381620888 0.06356664252495273 1.8250138582655886 0.30460901711774024 0.6592408177376253 2.6422347211828425
1.3430647647031788 0.07412232312893267 1.802702544592134 0.41354198465089165 0.732677746758105 2.4121256105575286
1.3335685351269357 0.04443202431841071 1.4914099736401476 0.21554333418573296 0.4792504281416546 2.8378718597674526
1.336806939059259 0.0521891288279322 1.626006399539575 0.20389018727317101 0.7602572287000366 2.719086696125296
1.3940605212966084 0.10571517766312004 1.9468145045719165 0.17364592515478328 0.9137102070418408 2.501726424302933
1.3664977964245724 0.09633098028512739 1.9001206300728768 0.05403070909031412 0.8102879650917929 2.138236711651712
1.3195544542778697 0.06535235675347625 1.76227143475151 0.26895363345489 0.7113724315029721 2.02774049460085
1.3784491112527237 0.10171750920864292 1.8427045549791115 0.3067611974215966 0.8875136222646978 2.835000904993525
1.3321143491770346 0.05857155101181656 1.5588754033341408 0.30151015676989 0.43045618868456487 2.144553904844428
1.3669613533308995 0.10931267767408641 1.6603788418299192 0.34013078061250585 0.7821002556151775 2.1009993714918567
1.3462034435437287 0.09807597196614246 1.6996775258821704 0.3608437227894822 0.7490765782124177 2.0622139581027352
1.3653852817858174 0.08338812717408926 1.8773412367519544 0.3448673449180996 0.849007731355107 2.239300301990168
1.3487738526893476 0.1085498829530019 1.9862963709960302 0.15413385466157403 0.8623849223418153 2.8528541964608096
1.3852907726369506 0.0815786743927727 1.7269010091160157 0.2756159827274787 0.7890709557085316 2.4635900480750226
1.390436682709256 0.11577546602176389 1.9268358561456917 0.18931283781738115 0.8109823463563453 2.449995288424062
1.3689991851687917 0.08467468841922826 1.9172476176409798 0.32204640630288756 0.8241358607127258 2.8338927762283657
1.3494809475247742 0.07083365883633165 1.8235240981965462 0.30576327119079943 0.6341780544745563 2.4045963571773212
1.3359019513493697 0.10189449868798581 1.6785533641868944 0.15107243675573 0.7678652427236505 2.0583573896057925
1.320168412942182 0.08104616222435868 1.5766815369015064 0.35246829112609257 0.7226799431734645 2.385192348917828
1.32481001659008 0.0841536845946011 1.6390386800401826 0.28821151366828074 0.8443448547630371 2.76381628744572
1.3574977513554245 0.08816356902617822 1.534283635428476 0.267081312772328 0.4972539294521488 2.305099112474079
1.3231517427318118 0.09560335261309023 1.5642657153682178 0.2033896783004117 0.5843246608458257 2.6131724541010266
1.3535372283353828 0.12315974937830408 1.7504404056538263 0.2697994656643948 0.7726977454029677 2.176972112377678
1.3556078690534845 0.06913450250342718 1.5339316599271309 0.3002510035421011 0.7880881085627716 2.705004902990501
1.3881125069194562 0.11797603410298137 1.8162537958350864 0.24687218719170895 0.8442353695556072 2.141487442401175
1.33649697206312 0.07803931811103615 1.7805809693649164 0.3796587612417642 0.7785935408290967 2.095207762768034
1.3116528474607287 0.07774440382591556 1.5643944155237923 0.23423701316078116 0.7536984057844783 2.714334473727374
1.303668591767192 0.05834053944978529 1.5782611765814898 0.19406539838868508 0.6387924718470769 2.0980155289425473
1.3048661275236242 0.07201142499308225 1.5229547342331466 0.2228829060255569 0.5937187955234284 2.633666845190157
1.3096106741192004 0.10104065709387719 1.7709550714937428 0.1991378507220871 0.7435474774689763 2.257468941750303
1.3556706695279603 0.0883983229452566 1.601306357893224 0.21072677904472778 0.5167195751175301 2.188683721276996
1.3685306284801693 0.07980108407521905 1.871226425946599 0.20084937841823952 0.6981112137476345 2.46389623898033
1.3576129585213463 0.05300803297769063 1.5513872787613572 0.22838143744273426 0.533078294620449 2.3059499693935646
1.3644453307079936 0.1061595872581411 1.567251452962601 0.316245545000661 0.7470582526766243 2.405947923363639
1.3800980985453384 0.1023385448374748 1.904434531280788 0.28989035208996533 0.8608360782797508 2.8179354369203446
1.3468164201417185 0.06987307510758005 1.843663399111851 0.11856058281503616 0.882486801535795 2.4969743248115934
1.3678010702724683 0.10601131855450029 1.6997737276792662 0.20249460211291748 0.64554616172015 2.7397809102586823
1.310668807541206 0.06778507786074746 1.7386650017216003 0.2773820265077181 0.7787026057152718 2.6769181584547206
1.3711754713554982 0.0948757529557528 1.6322624213640866 0.2693936387864256 0.5796870014619704 2.1926219992202407
1.3465710407394558 0.09198347238291754 1.5072009937405184 0.32104896979807324 0.7172867700494606 2.799766097558285
1.3633726463741966 0.07496575674312701 1.6980554152035814 0.3853995347556815 0.7776524225423058 2.620650082737599
1.312668636178411 0.0933791349108497 1.7760659733288908 0.1583300751722125 0.8412907175894292 2.8738278837016287
1.316301638915258 0.08871300018437413 1.7264541325506024 0.320406459412909 0.6761706947087954 2.8717336757167384
1.3434056510851011 0.0739074050811729 1.6865969086054489 0.12677748827542637 0.7832925641778548 2.1087680767800823
1.3311772163212705 0.11674287078458141 1.7767835754182741 0.22568731632577987 0.8103416622117526 2.165130725430827
1.3775485094743052 0.10817237204610758 1.7421419667376852 0.3251689047631104 0.8411987299897866 2.4776645255456984
1.3919576213149465 0.1281791394038768 1.8825615452502271 0.1551349625907865 0.8951023785707442 2.2224879743283394
1.3919576213149465 0.1281791394038768 1.8825615452502271 0.1551349625907865 0.8951023785707442 2.2224879743283394
1.3421779578794832 0.07061370867974111 1.715663160375105 0.14217496556995998 0.8744890184949975 2.6738662893712295
1.33475065138965 0.08389382487102905 1.9074772396120179 0.31432386581849325 0.7767503995066471 2.8658044700361858
1.3520649489435401 0.062236875862747496 1.660539690940951 0.3159488108717028 0.8024923947052194 2.6129763441824725
1.3374310903311692 0.0629347739721224 1.6293503280099897 0.3524849126400615 0.7814882576176433 2.523046566100132
1.32651164387854 0.05591715305263002 1.567236943094459 0.17898309485306793 0.5959289311545942 2.3752056151070846
1.3720038195314022 0.09161074963735213 1.8644610603077783 0.322055516960407 0.8599154904873634 2.82792892107342
1.3388334592030913 0.058521159159898715 1.7777386165760787 0.31840953486019113 0.6902887773000209 2.6279535661508193
1.3378741987191227 0.09369170453731904 1.9567242900046664 0.18143203852174658 0.8303135235756549 2.4402619638918446
1.3506659676153403 0.09452859439947625 1.6089940150129232 0.36805551304624645 0.6690296640092833 2.1720812171436608
1.3412700939803157 0.09738858226597828 1.6312550544431104 0.29660229271896366 0.5646430439119073 2.881376418539971
1.3290899582468758 0.0723260436849972 1.8981424887650047 0.2183763551748333 0.8346297385606525 2.6911956731801516
1.3662486242391718 0.10234752780312434 1.559235622116379 0.3036903075157619 0.7571080822193981 2.4028088274279837
1.336199588051137 0.095542711321429 1.5530907872026662 0.23877440017406013 0.5417963209458824 2.115501876370668
1.3883899978293168 0.09021349880035368 1.8131963530265138 0.1724208576396798 0.7546263076843327 2.206841406473893
1.3208384995387077 0.08939798729612476 1.7745384835109017 0.32239668478168093 0.7758451874677829 2.7365323399578947
1.319622291828805 0.07825757715344672 1.712241847692869 0.2492684742794738 0.531056066759239 2.7502604195962577
1.3031752733457858 0.08330328138051393 1.6278226556538393 0.19229145246597773 0.7000485954955933 2.261871575522947
1.3874212142066302 0.10496387857604556 1.7204772802263997 0.28357292478678997 0.7772206224917128 2.847364616585088
1.3277783933300125 0.0610191620144464 1.5100353341818966 0.3084714019160647 0.6889066346184995 2.379798367373737
1.3502978830684058 0.11258328459542492 1.6700612241373602 0.27774630667464967 0.8309887700461819 2.5731633586995253
1.3366327608676276 0.06116940972319267 1.7518035105508543 0.32717491310272767 0.623339845309744 2.3670668181174968
1.3564892043698538 0.061074239999733285 1.6275096767963801 0.3442814494932216 0.6347108514816362 2.895670835433468
1.3530494055711453 0.11530736026865425 1.8839117691332083 0.14134501307458328 0.9267435986955302 2.6903506093310705
1.3336613812473121 0.04786492656391845 1.6010262764546577 0.22401377259154562 0.6790665023530075 2.124411256730527
1.3659673531951197 0.10869370719426569 1.7756330515156864 0.33001680406655504 0.8380945242718547 2.7419100344287797
1.3965137164721122 0.11973812436191564 1.9394436515886242 0.11933789887876514 0.8413611464974668 2.3366914239585324
1.3576811556558819 0.09355980033323556 1.6171135258971976 0.37625805448050736 0.7049962368524437 2.6046512805688042
1.3701472294694246 0.10943851119577332 1.9095665830616864 0.24996799275955936 0.7931535845529712 2.4660772072724395
1.358496647299969 0.08628016764136635 1.7922813701106326 0.35554499609389834 0.8526848450188097 2.6297416193907113
1.3286845843031703 0.09458277423199536 1.6311375624456423 0.18950234547200806 0.806101910205755 2.7688038453602224
1.362290542161432 0.10640418420376835 1.9796210153732066 0.2081375294652276 0.8664112312146262 2.434988678473549
1.3315615090606094 0.0749472448514982 1.8060926518806322 0.18533418305143387 0.7365013031130719 2.0057426267078333
1.3337064813675716 0.06266830170266743 1.6706496868090674 0.22108127636647473 0.48644029891651325 2.363659382715766
1.3549842533416703 0.10851878761130374 1.8898317812020458 0.19352671182370343 0.7378342318651028 2.526792425875585
1.3704281302717058 0.09669428717425672 1.7909382067249622 0.2535641530996754 0.6711203714534055 2.3492462395603537
1.3225902205367652 0.07931760538062291 1.5958557895366965 0.33418511342450835 0.584259402502303 2.7760574052946856
1.3321459979470545 0.05879545230545422 1.665654020347986 0.2866389641106803 0.800204371312644 2.347661453044953
1.337901524425689 0.10324476116764965 1.8186598280670014 0.30606189445315757 0.7518019801725138 2.508855192921936
1.3604936058554853 0.12275963676790025 1.8508499669886933 0.2138884615279125 0.8044850583226189 2.7112295013508265
1.3528594940613996 0.09103146760225574 1.6422358541700004 0.35985804216862655 0.646400427519256 2.1875114764614803
1.3207581787123188 0.08996445904059408 1.6350679246837228 0.3023165127195657 0.7816152604224342 2.5866508129456154
1.3497790581445783 0.10251657432995501 1.9048999508407825 0.22954658453860835 0.7457376137306018 2.8294394299140624
1.3271656690553315 0.05653155202683087 1.7770423041817558 0.18142980357059935 0.6934478457965905 2.6358990212935436
1.3449474127828744 0.08282135192372685 1.5247232184664954 0.2998914828893699 0.5383644369270197 2.5438571872151994
1.3294200067803246 0.08054379876769095 1.4979983747292533 0.2545925764038504 0.6602215497950839 2.438265726305673
1.367886109665732 0.07106301378515674 1.733453451930711 0.1877815290337546 0.6792380420559125 2.295456294050482
1.3503647660520632 0.07161219365950738 1.48485450010083 0.29335330151991884 0.6288868885648722 2.138335821518747
1.3469560876814575 0.07932838055673123 1.558111802852478 0.3771175626754544 0.6881444354477688 2.7498349749858297
1.3879044247627457 0.1149944748596055 1.8024276412159703 0.16707184263015398 0.8899882207501023 2.4086509675578873
1.3281083035045942 0.07147776081452216 1.8032241460867262 0.15883405349923124 0.7257190440552679 2.015540117965827
1.3410307299770063 0.08331810855597016 1.7931530176529011 0.36415859372150305 0.821573531256396 2.518228415623825
1.3659456752184203 0.06717187796931796 1.6794600637852914 0.21742806390029007 0.7967224283565331 2.3205102163139157
1.3475675646713026 0.10673090721805538 1.6336354299029878 0.19546385952078113 0.7759224660903514 2.4722212576693683
1.319349652630849 0.08949462447880004 1.6331039264983054 0.2204291142639029 0.7843193969284392 2.064355440490656
1.383623702991815 0.1036442920777242 1.8515279885135456 0.23182063984096302 0.8918132236095409 2.376144929189527
1.3035252883275885 0.07228304561336685 1.589368701359959 0.27447882795974554 0.5851348900860988 2.194497787030521
1.37617053227221 0.09319420205998266 1.6339289882933516 0.30178445948034954 0.6836174800974986 2.132300420062383
1.3666917666518246 0.11734990502627367 1.7726998636085776 0.2043710394673519 0.8849556691118349 2.6042705267061663
1.3559484745350225 0.12639973227847015 1.8600013987805415 0.12589320828161643 0.8166646391024266 2.402037509255272
1.3124685101531017 0.04875607570853665 1.5435972871143626 0.21836714355897036 0.5114171770222555 2.516841767180459
1.3148681379104121 0.06618640407397842 1.5369131865644117 0.3029885917528093 0.6024285806518822 2.435809305392094
1.3323525039744442 0.057302380454260234 1.7302110608644425 0.24096294762752873 0.805490740395051 2.4784434306135363
1.3251985532501798 0.0921900214872885 1.6281522598615328 0.17784601069985578 0.6366227632559334 2.2192903333540803
1.380305369552172 0.09988680387043121 1.8880463336456068 0.12521065030167097 0.9341840268056912 2.3816651688017374
1.3746481707594553 0.1074600311038217 1.868953298191212 0.14608336346812303 0.9338626776228339 2.2828557930853193
1.3351812645757157 0.0848731914871474 1.7838157893899549 0.11641961217966648 0.8395688883868316 2.0127842581931294
1.3549063885566728 0.10059933035619383 1.8985876086653968 0.2736583304047785 0.873353734263342 2.3743962975157014
1.3507200596884101 0.06431894930397271 1.8188798499375656 0.19149440346494642 0.6911861088248394 2.170258878135548
1.3359821524030857 0.0684045946716527 1.8908489644420858 0.24283021898955653 0.7751730505233889 2.826525554772706
1.3524798332798778 0.0997986476022986 1.5539989570005073 0.2418373036650499 0.6753761089216823 2.146866531174013
1.3423939238514568 0.09089228968363616 1.8249231777303228 0.1677542418839874 0.8484380322651591 2.0068799641388955
1.365886982039981 0.08545345408426627 1.9016149185825348 0.10048297643658789 0.8973087011838371 2.360878987904697
1.363920215489352 0.08937123065574869 1.873317474414442 0.30797302739816435 0.7545567605082457 2.245109497491182
1.3667381181883638 0.09303402796619177 1.654895631717099 0.31772608634498545 0.686165809128652 2.087735705272532
1.3681343161830377 0.11122678319742915 1.7428898549691845 0.17420155054902559 0.7263483674040606 2.7983624073768416
1.3772223869753253 0.10526773339409747 1.948967753109771 0.06625111367147232 0.8661302035880069 2.6170348683159377
1.3469446100449665 0.09223448731126219 1.6625261977200108 0.21569595958393126 0.5573660007758774 2.4701381517204757
1.3610406646340576 0.11547295537104464 1.7459073362752369 0.24293445081837614 0.7298470992566034 2.825625555802943
1.3227495213976455 0.046855026045757295 1.5278243238474682 0.2495879385840287 0.48205515863850734 2.11521179867957
1.3650527077092909 0.10303674574757098 1.750234782427972 0.33028396428662055 0.8335790182504698 2.453034479964154
1.3446594134739658 0.0647556849508781 1.6636415746922508 0.1605108381657593 0.6389889492768798 2.4799162622745117
1.3407552856271312 0.0744218144866038 1.7709007481492336 0.2487700506744942 0.5820826077594536 2.415292415812413
1.3465158725278996 0.0828214483267102 1.6902063088243056 0.3807118954530735 0.6793200710071385 2.5028887891533214
1.366580862536439 0.10425417640592746 1.9659717813211093 0.18507611626496395 0.8924648470842313 2.7006319936033063
1.3598874836068955 0.11686797346735701 1.7782027267080447 0.25955506738522277 0.7791461328828653 2.8898002522565056
1.3903708402669035 0.11290109617912861 1.8650504845459444 0.19361675613319052 0.8398004137221085 2.5700163491797543
1.3267049541576945 0.07718776444548872 1.6086530437732574 0.32281923982708166 0.7835883428437425 2.370855438976621
1.3788395076265634 0.09654557088449435 1.891913123441463 0.10447371019442456 0.92948000786976 2.8686396482610954
1.3724344659450418 0.0793990623055167 1.7993202618511153 0.11143771352830473 0.7873067423593393 2.4216274373235662
1.324193545748624 0.09955281298447445 1.7753827998702145 0.2651838915701543 0.7205522514922011 2.4002763333779993
1.3417708073675318 0.0766891160607509 1.67495770081476 0.38401501739150884 0.6762089727096288 2.7935526601478675
1.3444263698113756 0.06897918130915337 1.782598859952817 0.35381054691611724 0.7171910183375141 2.399810735733035
1.3408007731019491 0.09075745104675904 1.7888525507719755 0.3538112458216227 0.798178266686041 2.660248355788278
1.3268802268353523 0.08860919974788511 1.7207812216214524 0.33771248425056716 0.757269297429267 2.2098290150700004
1.3592157192523655 0.07125385242907492 1.6218237348123226 0.23824053953971 0.8191459798260827 2.186062480996345
1.3711102364831667 0.07566162127824969 1.667167251064873 0.28204365033114764 0.6387501162588877 2.5456326433555065
1.3122421296256404 0.07053927793791608 1.5299858024553075 0.21989957419148337 0.5764982752329773 2.179731411940339
1.331120359987932 0.10412836151430989 1.6496778577212345 0.2858697323596721 0.7115539287982056 2.864497461775735
1.3209316634577104 0.0886363738099201 1.6504993031909434 0.23518827869288914 0.560475592995545 2.103380548681725
1.3737297291109176 0.1012858852459197 1.6082790734442727 0.2715234468377606 0.7143120607302775 2.5152818186681847
1.3868282200596669 0.09618237424862056 1.738971973606104 0.2041960101934695 0.7820749069770638 2.4832341354098473
1.3680769665122572 0.11234458583241541 1.858045829188487 0.25377825662140163 0.8086761851908715 2.4698443263626837
1.357457174566982 0.08812368689514523 1.6760181386417137 0.29219363391533437 0.5881660120452873 2.730151535474783
1.3539346671966035 0.09700077041220306 1.6009975607108915 0.33486631189091115 0.7023607971610492 2.4640195851756994
1.3249880275859907 0.0961602599217291 1.5721750985507297 0.24880489831280225 0.6557969803658397 2.761382328100763
1.3347219097986942 0.09286221195470218 1.881251141571007 0.10735075004199249 0.8445212045682267 2.388897486664105
1.3589229499191464 0.09019127276362923 1.7978072846994406 0.12138855111373499 0.692805521518012 2.545362784161669
1.3653511059328975 0.0666815110201748 1.6836340510542753 0.21323817332854694 0.6995205142093978 2.7724504665598366
1.3648615241274735 0.07915543206165633 1.81375351998223 0.3233572503461504 0.7764634100941581 2.422375868688034
1.33797368845589 0.09808105570864235 1.765166672145086 0.14302957596522517 0.8863108246881687 2.8191954105917896
1.385905286392068 0.08866795653665563 1.8178159698653267 0.12407856972161597 0.8176083046180064 2.2979961117501393
1.316806691789123 0.07653032957371597 1.5460360779657263 0.2915663635694326 0.6352912135343854 2.6988543601265578
1.3286552271613439 0.09386622375084408 1.585255301310665 0.20423584429392336 0.6720367335826254 2.55020935772994
1.3499474955079156 0.09567742826535922 1.6744225095726384 0.2624587898317059 0.864927851501579 2.898956312820462
1.3263751091841427 0.09635633941543033 1.68540098715536 0.2821648758250881 0.6397320485122089 2.7219807950306745
1.3598381288287478 0.08935520818818433 1.9512888085791027 0.22936049339478373 0.8298924113394457 2.452824653997752
1.328702908534299 0.054932736668907176 1.520833354001506 0.27862404716556477 0.6311194476205734 2.1583346649171253
1.3375749774522643 0.07533439093475977 1.6734864648605925 0.13883051705036167 0.7580712529340027 2.522106475002796
1.3348493531844279 0.09802478365522195 1.7880399042680213 0.2831377587758693 0.8379408697972869 2.2755063816484444
1.373844775299398 0.10228792507234312 1.8550372447117123 0.1970725796690314 0.739223848921996 2.854750650346367
1.332918573217817 0.0728237638028508 1.5388628268253477 0.2923086371400955 0.7013856463566098 2.0673455122973037
1.3727307218815532 0.07759505973280144 1.6090625046739715 0.23673414212439112 0.7305252167845236 2.319755815852013
1.3727307218815532 0.07759505973280144 1.6090625046739715 0.23673414212439112 0.7305252167845236 2.319755815852013
1.3553213249658598 0.10189533166428386 1.6352448719815622 0.2674742794857656 0.827263704705403 2.7954529268208628
1.3850051316228722 0.1071398401283719 1.7761158607935221 0.16154829727115558 0.8670821428261513 2.2566483121609355
1.355026859047696 0.0871777520152667 1.7644990372800162 0.33128474051236956 0.8463270938773101 2.1825960711621666
1.3357776001312947 0.10456369176968122 1.7199346761457037 0.2278169467684133 0.8471011705601557 2.8286871706792582
1.351798480505987 0.08906969932083023 1.931263377725093 0.20597023468977146 0.7661978581980177 2.8821933686010786
1.3562759933456474 0.07054965940906821 1.7180577280156624 0.3339649280635487 0.6612475315663622 2.677198219444918
1.341880172698421 0.07240027660819609 1.5540275387164537 0.1957311904704215 0.582032911285964 2.8697267126340145
1.344112521697345 0.06562995232006627 1.83816755884378 0.1832984609115535 0.7014205238436294 2.265143293953104
1.3177323386490565 0.07934170225941008 1.70516269415252 0.3028067730991918 0.767635110236956 2.57797802114513
1.3232067650910944 0.06186318103494777 1.7216945582777097 0.18119497246257404 0.5952938459480027 2.4873157721054655
1.3546764459270626 0.08516913603448716 1.8597155249810062 0.25141404807198675 0.6957716850614216 2.2949608197705036
1.338718576354955 0.06622247389293111 1.5221118050774696 0.31462027839000273 0.6895680087372783 2.7776323036326382
1.332476628244643 0.09323545544848318 1.634306241951307 0.18479965151684166 0.7810319447842162 2.39757704020505
1.3899339093016327 0.10936030181571713 1.880653458310011 0.10156444461608885 0.9193979123625075 2.407521815869811
1.3304918529623557 0.09097415604606016 1.5876514527470742 0.3030992929474288 0.7394381065185256 2.7425497516079904
1.3623190991275878 0.06786914856802763 1.5831592009386322 0.221039402537788 0.6546555006891175 2.4376810559578943
1.314868564298872 0.06991037817341664 1.536365620739769 0.2758029313421193 0.6172272311174903 2.50027719373627
1.3898263390880097 0.10347989413141909 1.8949221272050165 0.12031500196507822 0.8124977476724725 2.5449089387006874
1.3325347805054213 0.09552524381416516 1.584239445132658 0.26300738603153245 0.6223855692351739 2.12407028628664
1.3291808424495943 0.10148591993577254 1.6224600315783635 0.24482403011451706 0.6999335459503215 2.131481896920273
1.3726643181638027 0.09028617910498409 1.7836212919278858 0.2713669467332609 0.713426953870478 2.7989207275492056
1.3378559133701184 0.09033785240523878 1.7649285856189552 0.22340779475485548 0.8605417825264545 2.0513252325488986
1.3291987071187117 0.09566979931281952 1.6586723576098552 0.30015666626592 0.6751902579791521 2.167076823594847
1.3080473457707043 0.06897435034289005 1.6752879889350214 0.27030119685709614 0.7021780603144308 2.5472484582455674
1.3848366753573658 0.09296882107236011 1.7648836400709604 0.19673499877068515 0.8417853616420209 2.578622175835569
1.315117723042388 0.07411296210144357 1.6030140675247124 0.259417790519758 0.5080969789300851 2.700913318952651
1.30713195953637 0.07922937261155731 1.5925786037016723 0.22563080071557273 0.5797282351102401 2.880973907011144
1.3384103723947578 0.07760510696302855 1.569325716150688 0.2749014921111529 0.7953671919546197 2.856319179868538
1.3257734269014816 0.07148550387215404 1.6938516908582473 0.15126922070026003 0.6318454278511008 2.3108466064770554
1.3127444910473551 0.08006110441748829 1.64512865538781 0.28728589058689835 0.7133752891847234 2.214317268266666
1.3543627542378893 0.113136472537799 1.8448819677036914 0.22356975823186093 0.7916018341609361 2.262526542452234
1.3472520408043458 0.08060039943455553 1.7290605242259667 0.2847007716333684 0.5931726336036235 2.2362058862892193
1.352518773763415 0.08525276031664175 1.5440873766919838 0.2850949864802265 0.7519843181909007 2.7615942133087485
1.3388629546180344 0.07933416323746642 1.8171896828209444 0.21385303516079476 0.7206089325568523 2.0287289284224053
1.3473266035819413 0.05605314417868867 1.5622709825236623 0.29747587284216265 0.5806556426937413 2.3291479373226087
1.3481264009451273 0.07375206115936167 1.529956909688124 0.23450858433707716 0.7045040269694819 2.3959523269451566
1.3641266431769985 0.0986932519000077 1.7871978221742615 0.30505227647640315 0.8425222924877248 2.2375701677616977
1.3490807968562544 0.08444127927532918 1.8908159642499456 0.1494828920819377 0.9004135209145985 2.377013995264967
1.3444834424713354 0.0932769979356564 1.6950173493204468 0.3027743123391638 0.6327029111692639 2.526880495771688
1.359416500249814 0.06949342864193994 1.5725046569753656 0.24466615776847672 0.5483878505789388 2.4836462845169587
1.3535775325310162 0.09714710883116703 1.7868584345443947 0.30347898671878865 0.8499675294696615 2.472619632168539
1.3141748648442997 0.08856194457657769 1.642458257513474 0.24805996954331136 0.6098015787764851 2.534398307615511
1.3457352636952673 0.07752648451141393 1.806448681782283 0.276190782097921 0.8466654253412972 2.097445625432246
1.3666028932461032 0.10120768758503146 1.9560443369465617 0.17294001017486008 0.8696363200711081 2.6727943495294944
1.3443686140974334 0.05510099949307773 1.5392193911888563 0.23727812365399686 0.6224805144462418 2.783330751238252
1.368160677144555 0.08415959513265087 1.6034756624274402 0.3122007206824064 0.6981907622890444 2.6850326457715523
1.362790965698883 0.08371544631110095 1.7264343113619183 0.2508954379367481 0.6265564495389373 2.762079529659421
1.3677955110287512 0.07512510120542053 1.661575735311155 0.19664700473292418 0.757207343266995 2.791646533441605
1.3365215974029234 0.07011616213225387 1.5820999294852602 0.25425559592872077 0.47102998660806605 2.253056972073378
1.3585046926545838 0.07223568912831231 1.8388329540491712 0.118227797775788 0.8084112798638121 2.864984977121906
1.318351645728119 0.061405891994611925 1.6700544224883318 0.16290614945539275 0.6899375049480069 2.190820998521186
1.3430040763211208 0.05161601237494234 1.577042264387635 0.27369977817655883 0.548207836309687 2.323200453292785
1.330131217646843 0.07821978900062432 1.7908851627262656 0.1332903855565225 0.8669117720428555 2.5159028326686945
1.3548051345971246 0.07688332720492372 1.7469366651692726 0.33658315542415856 0.6883819962614696 2.625859864930077
1.3122927484758715 0.05763430716957386 1.5800145358750224 0.2004840973702145 0.5955867413081326 2.457408248879805
1.3440141697578571 0.05626057079737289 1.6619029446825548 0.2237915409309025 0.7390556955080383 2.37149522482234
1.3742288069504882 0.10609168921981355 1.8934483152500112 0.14796008149978787 0.7776262873430956 2.201077568020149
1.3655110572769036 0.08257768646961539 1.640265194239344 0.24003233463722723 0.6153732666632589 2.1117377925308194
1.332448948135455 0.09971007070551699 1.6266654498060074 0.2645016286824868 0.7508486219617159 2.8274894674768065
1.3503630055778075 0.0891784364373314 1.8399851715843627 0.32218878520101385 0.7793960340614172 2.282857732104833
1.322197451175745 0.08173940650432712 1.817547654701576 0.14041927296685144 0.7421959476559463 2.218845319531428
1.3567557134156978 0.07507795234416245 1.6800847027770716 0.31886944035244147 0.8105218867995121 2.8824467254900545
1.3354704624349325 0.06682992361964149 1.6389075041791847 0.3503235703001611 0.6623658190768643 2.263197723919949
1.33454658628032 0.05025857208517303 1.5845752371703878 0.2823839020187171 0.5751408916681858 2.5428508024954253
1.32274482371727 0.05774803166166637 1.5831720174779247 0.24863807338023544 0.4650735327024949 2.627891392673784
1.3640862358634842 0.08625428880303009 1.9260516522182831 0.17783325036230566 0.7987960066215021 2.6850886647539265
1.3483815949527482 0.10093177640355015 1.80960812200402 0.12868163252091888 0.7241000609085777 2.81892178112923
1.3740243843327726 0.10179109580200117 1.7963123817161488 0.2333034579680953 0.7453594691128338 2.2538418173095
1.3317706694789857 0.08515824121656589 1.6788647568733863 0.283351790064076 0.8279276486042036 2.6418188497044133
1.342846116619562 0.06445798410077616 1.7826785393096056 0.2994620678843261 0.7386928786433733 2.6945630050716374
1.3538485852039603 0.0750760424853539 1.6106807994111247 0.34506719524801754 0.7395316529388796 2.36897481581042
1.331600670120545 0.09465752591875523 1.6146697557327023 0.24300053930510784 0.7752847194969784 2.5272398412383366
1.329984438036345 0.08289890026727142 1.7906718567373225 0.11583107574572807 0.83167249603742 2.7438670562365095
1.3370597933213646 0.09768276908445662 1.7612845776658212 0.2918553577815434 0.8096043760060434 2.5680959862707087
1.3431142002565708 0.08908690960315692 1.677786782685591 0.15001156188429765 0.7709859402530379 2.5740993619569226
1.3515656307214297 0.07869169316205023 1.673874265776536 0.1494966723495329 0.7372397559331695 2.498659649648435
1.3557247350105122 0.09267772422508173 1.6279586454031816 0.333435988349196 0.7444387692861836 2.310741033751631
1.3556424552787045 0.09627236987150456 1.6923383998402848 0.2954972548735951 0.8359972111491736 2.1905539380094705
1.3613758997062941 0.09651430458322803 1.7428854245800767 0.13007739524548778 0.7674852729424654 2.590117752575881
1.3313765611488604 0.08396451337545317 1.8278198136458317 0.25825599126744553 0.7943250656858856 2.086811630259151
1.346114388429109 0.09104236537381954 1.6056926991883027 0.3289440397838969 0.7367973310059434 2.62470162736617
1.3283601525915263 0.07544832959710193 1.5231865166835115 0.2345958706976961 0.6157179898904327 2.225330067810858
1.331679309157125 0.08318851442208978 1.655561891411541 0.23132433176969158 0.8390244377526294 2.244712590822507
1.3618740572244685 0.06529698521982263 1.593707931873234 0.26698209482066104 0.6384495389832248 2.6062733730068897
1.3494672468375695 0.0905503315995854 1.6552934475726369 0.3460389076039267 0.7213075606466934 2.5899497196515266
1.3253713025918221 0.0963981624346897 1.7423263984736834 0.22907845571670654 0.8241456951281073 2.879802189391314
1.363522092072471 0.08805708417766665 1.9197282205655397 0.1970922408975721 0.7877287097509589 2.394965405791838
1.3542581802483693 0.10594445770669352 1.8900030993172339 0.22701746958760358 0.8371780625861869 2.2300705119651245
1.3456353631668736 0.09832013651241525 1.912969144745266 0.20236478782431283 0.8059596211167777 2.3599704944378943
1.347157672665286 0.0980562400693887 1.7685846743369589 0.28089350747909436 0.8487982374941313 2.774085284395591
1.3443419261090592 0.07499188614978976 1.6851497955190287 0.3041951115144077 0.5851359094285934 2.2702650599753826
1.3542671847469738 0.09369688157436881 1.7698600175568884 0.30667883198648566 0.7191613139922447 2.1555066879630957
1.3623625394798236 0.08403318511072587 1.87717680171194 0.23482511862577615 0.8407742911672734 2.1117879175775034
1.3158336619444357 0.07886355883565098 1.7764631964272948 0.17772013363009412 0.6937328918564167 2.468717106841218
1.3722930360318706 0.11186044981170061 1.7704173008699353 0.17247392177002693 0.7972884840726042 2.834721983896315
1.3433547013974487 0.07904986704035571 1.7722670992971765 0.3228720937716589 0.6801506895243468 2.409893981230989
1.3412346425934407 0.07054444746949388 1.5625894870953332 0.2937492062800274 0.6463007548256997 2.061877407544355
1.3629115450352927 0.09490019301917822 1.5887684156270565 0.25558452797148984 0.7048235847430094 2.647516619174774
1.3549215718022247 0.06588621889728166 1.7701777227165496 0.21421506938736412 0.703851025180431 2.1434681664811057
1.3517121061412203 0.10315165964043775 1.7935080364177969 0.23309399576748657 0.8721167107538091 2.3539957596407004
1.3781542685381172 0.11348755570830234 1.8938732243703034 0.14385692330746347 0.820045836591511 2.895656775074105
1.3898033471960045 0.1069626049847631 1.8868901248961207 0.09149651870467587 0.8614113417448193 2.1360706981605926
1.3600716591124806 0.0822270134751722 1.808898318943864 0.2601322559011235 0.6947634406314948 2.4737628875320916
1.3306218648935793 0.09418982107142765 1.6436912176520841 0.22886810779201688 0.605984514369425 2.6544254624189945
1.3413704088194822 0.10019630619448235 1.7041086670993733 0.1942210658305756 0.8418880483464108 2.176127960589932
1.3746036648760143 0.08372118461707419 1.8854940076007942 0.1519742338522908 0.8294031359418673 2.346304765132995
1.344967918110704 0.08762678883901537 1.8109776884116007 0.10837590789281502 0.7462428577878815 2.4514541899636004
1.3149262481061836 0.06315393017164589 1.7088607677660876 0.2620099056690143 0.7053050179740703 2.3460444656736863
1.3594800890412544 0.10948825591401598 1.8754183901966508 0.16348726492625545 0.8421077656636906 2.064991697374034
1.3082255780734564 0.07392093634501881 1.6327835069535035 0.20559127526444929 0.6951860561372064 2.1665263364520917
1.3230618909322462 0.06981466565425484 1.7913256279411707 0.16775194324075454 0.6917400306745357 2.1955564354326276
1.3353262797957322 0.09851706793029068 1.776887443980688 0.2641385200450179 0.8147795368172495 2.665345576897076
1.3391262500893162 0.07751897735973096 1.7425389179257147 0.3219573059004926 0.6594562629013241 2.467242081934165
1.3405955259255846 0.09249814136242133 1.7279332867673538 0.2995995324241663 0.8208005977807379 2.593450031486201
1.3517839814436683 0.09291324084865576 1.6145335174447266 0.30486582434280374 0.7693302920469957 2.592956325518919
1.339592686219378 0.10099826547848022 1.6944920482891987 0.2151805700876031 0.8283582455226649 2.4663256459710374
1.3783379453830564 0.09158283508867501 1.8140518568661776 0.22516668050915645 0.838122610183626 2.802252712903648
1.321690758292593 0.09478595169351568 1.7515029477576394 0.1608126514351397 0.7634691441912067 2.8921868167866513
1.3384665832189437 0.0703482173217698 1.8161412819368181 0.1233849895464872 0.8127580420734947 2.5704838917144457
1.3804339844196742 0.11419483488975175 1.9245588381938288 0.12836129967311807 0.8861970998943883 2.8903626982678734
1.3725303715304302 0.08820932881386098 1.8579003932216804 0.232884480224564 0.8023208380070233 2.3270611894556175
1.358565903595532 0.09229705826683657 1.7412378326059879 0.12738803716133776 0.8176059015959717 2.2635238005076688
1.3442687371847313 0.108015534077911 1.780085138825057 0.22751786873644314 0.7967237396503748 2.1431997337204733
1.3645388914419498 0.0942268209204913 1.6793122881506881 0.30417731476344084 0.7918278261230774 2.723271626725251
1.3328372687301866 0.08819608566132249 1.5866804456909658 0.2905185446408201 0.647248055961863 2.4939482272273725
1.3440244795656993 0.07145751693835786 1.5913773302702539 0.32322096861075017 0.6093455321882365 2.6951195318741092
1.3351441547033533 0.08083864861567308 1.625738292678002 0.3301591361392374 0.6585985382907434 2.3593832068912146
1.37890334891804 0.1190463977186859 1.9082220455845698 0.0979480014932982 0.8550030432059499 2.3632300750409754
1.3284264183165098 0.087247321027588 1.8387029371825965 0.2436127261258129 0.7682968213380305 2.5541724392173215
1.3480366264525268 0.06840558441484795 1.818148924675321 0.1690533941761662 0.7693710678771086 2.0530681544948983
1.3367410501017256 0.08121633097040686 1.546374877950818 0.28111380858845064 0.702700709624831 2.2948140203456924
1.3553345276541848 0.08008546198390601 1.6072404982023527 0.30813099205027145 0.7762419121415992 2.559302251951772
1.3450759975823443 0.09827221703912985 1.6740442976669072 0.2654937331443088 0.8174729434844459 2.305148887874548
1.3752687598994229 0.09332480835962868 1.7699245280259182 0.24623446734523385 0.7573435477225532 2.601796412264857
1.3720935670132943 0.10764276424231667 1.7783538337508384 0.21581107948447228 0.8462702355352723 2.5966035716343536
1.3428859426041062 0.06669105900591461 1.5910115297260705 0.1930783550853716 0.6716908573131544 2.535281754783498
1.3174781935278164 0.08586208943786176 1.740817437644362 0.22984829700154663 0.6735440460508036 2.526086169020812
1.3792923666050905 0.10779983986839577 1.865806633185605 0.17602164752597324 0.8199386806567377 2.479295954194224
1.384747621377207 0.10846216219991377 1.8767772901439832 0.1126393382124982 0.8303567378972447 2.8418087465131445
1.3254987824615414 0.08966425238702902 1.8152985720498067 0.13357714328543424 0.8004323166859137 2.758039252378997
1.3294186933133307 0.05918553756521359 1.6350747884768868 0.30469375834814066 0.6713972707791965 2.3409776752642295
1.3554528359408393 0.11326696064408935 1.797130843372698 0.1979986493264394 0.8199645080843835 2.444947261310431
1.3293768749407555 0.06942441859166747 1.6626794416302408 0.3120404521894258 0.6155216117968327 2.154879671751916
1.3231085957293587 0.061365700216093104 1.6742335344469939 0.27838124960425353 0.5878334545947281 2.371391375913242
1.3394424421046627 0.08249881373737677 1.5980094223204164 0.26120781303246726 0.5479610405694201 2.213055220329264
1.3666973294685199 0.09256982939659018 1.8000191902738352 0.12286291775974437 0.888708813943135 2.27780072492572
1.3325209650054848 0.07532301412065265 1.868112787821934 0.1811594051615208 0.768944025290906 2.489843283371558
1.36771737318912 0.09322911009129173 1.8596899235577595 0.16652340267710006 0.7434453448369966 2.315388006248928
1.3214669698133852 0.07214228667843993 1.7720428248697098 0.17159719611456536 0.6755148269695666 2.4850803303117437
1.349743851945 0.09074671886360931 1.719349361642854 0.16455216731203878 0.8637364268104603 2.5991136524810505
1.323254348474305 0.06606747872102378 1.6291208389718177 0.23871434536476493 0.7747906888010937 2.362152538023123
1.3499052751412595 0.1051424383729502 1.7428246457157481 0.2632108245669031 0.8007929471632771 2.6688193757472116
1.3236688828898984 0.08109382962877779 1.6128625566686274 0.23951093582788816 0.548768356509048 2.3177964769644315
1.3335439310133932 0.09321024686960691 1.7582658961216517 0.25050240554277386 0.8349823845925182 2.434178109660236
1.3313823564034875 0.06421831619915797 1.7931604506945913 0.17233177018277698 0.810609924973346 2.811882718783433
1.344613481201375 0.08116500772625046 1.739724532374157 0.3394015343101799 0.7352344781888771 2.866396667866619
1.3516398844212443 0.09052038873176452 1.7111591029223139 0.31829946387582764 0.8041162656656015 2.765350647365712
1.3515744800508322 0.07822195479803654 1.7848299522156161 0.20301800914117726 0.8831747069706142 2.238297716826984
1.3275040481561353 0.06820414566725908 1.7483314461954191 0.14054468198771264 0.7876834938938002 2.6997511089501063
1.3588854756004167 0.103615505605041 1.7062311042000982 0.18081617361221944 0.7600079970635397 2.8864157029636726
1.345674690374258 0.1092113643967247 1.7531594584550856 0.18529786936016318 0.7843326817364084 2.799342751672497
1.3359521699320742 0.056843911109373334 1.604360446098061 0.2949192637754776 0.6268808517149693 2.471011275693084
1.3433658217271902 0.09689629667521417 1.6876341284201757 0.24872355586691344 0.6466840173176992 2.6360456176314333
1.3481292713374455 0.08627810339660967 1.5605265994688722 0.27783811566022476 0.6520178688651193 2.6336662900262358
1.3352005506179523 0.09596268157608084 1.6465136043383755 0.2039731111023218 0.7266644449394116 2.105565663284927
1.3559577121597217 0.0906592420120452 1.6889377291669685 0.19823609112762366 0.6478453008690368 2.4069112696498345
1.3646037997394609 0.09880039649952635 1.843229812611433 0.12141182244945435 0.7572903224964905 2.3782873924125347
1.3431491625366787 0.10729623186577109 1.756862519055379 0.18031803194320437 0.8257763185470469 2.331373794615958
1.3534849929067763 0.08158731288607556 1.6888042972985071 0.271335177150787 0.6101107644908847 2.565287386028479
1.3699636941603623 0.09448762456376485 1.7865125540794824 0.11814127037833635 0.842688136314037 2.312797670068814
1.362498395610606 0.09539196191173223 1.8523684546856851 0.21887507790288768 0.7503777128095354 2.563609325309554
1.346776593758729 0.06060716497151836 1.6970742489523776 0.26156636550052254 0.7388414651301286 2.4298410517118105
1.339076583302166 0.06413963306488012 1.7102647104821855 0.1521198225548393 0.7636357429264415 2.6548117191028915
1.3570667065986683 0.0867264574313543 1.5909979740224125 0.29192199767682336 0.7364853685611854 2.638951692119905
1.3363613896327196 0.08018714027422652 1.751943090249926 0.21171794426585339 0.6580638255617621 2.051170924172566
1.3578552155660815 0.1041207180675032 1.8264687692087267 0.10138782393655632 0.8384210519666457 2.4385475982307963
1.3391834280874795 0.05651542126975589 1.646469015076092 0.26947540534336784 0.6013493674828275 2.2078649812671394
1.3165931270669438 0.06284238951882294 1.5688154199858282 0.22822304636363874 0.5622239821406981 2.1129697240090497
1.324769732485039 0.07526941904370302 1.7503695879622958 0.15745197973652963 0.6693526331538784 2.5928456026467224
1.327086878696445 0.08728599939105271 1.678869313561448 0.2571547611577015 0.615216005744429 2.385917752160168
1.3284444897669392 0.07713883947181378 1.823628502056873 0.21613236508869058 0.700600682161553 2.533692982793581
1.3689036426704453 0.08090703556954262 1.7118863188370352 0.21748830036967642 0.7009127115650111 2.682229729513772
1.3687904735025658 0.09212186155423893 1.6748071619418716 0.20678907994587303 0.7253546341285484 2.8583644775361297
1.3361690183539408 0.09761640757308422 1.7796387087096428 0.22532189848702258 0.749559842230319 2.09100803719926
1.3448030718881496 0.10699487815667606 1.8060795959831273 0.13762124776583204 0.8527886630327184 2.2938757966821006
1.3418996624285149 0.07585174864147716 1.594576950791523 0.21155846569700337 0.7606129205876806 2.1323103628703572
1.3263635304795829 0.05579154636957027 1.6445054096090952 0.27167898501818877 0.6562236912395456 2.788017012011088
1.338248027045848 0.0789322027766016 1.6295946632272578 0.24709639300858213 0.5424527906982646 2.8357059646522105
1.334268152335729 0.08843676814591347 1.7462612455089306 0.2971463598237619 0.7847230740132491 2.4478413988434893
1.3622022412789614 0.10347324122083171 1.7075376560549063 0.23672844004677793 0.734409348420738 2.842436432567017
1.3228326766495415 0.06839248578584406 1.6873358722057588 0.17354474641846573 0.7870776604431203 2.1744535590220773
1.3628581410717029 0.07637056539194725 1.8492268526145732 0.16996702350413934 0.766635594936335 2.3287573103072083
1.329829495137672 0.0792389725965197 1.6341756660935736 0.3119485802550058 0.6558807149104594 2.2851936707757803
1.3546494641704656 0.07012923618347554 1.6053094514259116 0.211285029435223 0.6910514799603434 2.296963830289082
1.3738145918186908 0.09049789017664067 1.7470751397866637 0.2385313218492923 0.8126898748125736 2.345138243069761
1.3677756505518062 0.09298979106278811 1.7892396748564563 0.2659505971144125 0.8208441623885747 2.2575565850051684
1.3589650775845226 0.0871026247197768 1.752412011166577 0.2962322213389828 0.8183981928655953 2.362409135880933
1.359501952830742 0.0719650945174016 1.6480241672147309 0.20338704516236367 0.7249388410169817 2.7119770592790555
1.364956851503155 0.07924238645571495 1.6899454229071957 0.25142601941524534 0.8082245122737151 2.3452379603782942
1.3710454490561017 0.1054988690398972 1.783575222102184 0.21414875921883697 0.8080033832085701 2.4301930983644255
1.35185711702599 0.08936991127945215 1.6962309681104917 0.2848704968222487 0.6565128779230979 2.8890086885243305
1.3569885526239707 0.07596141681054094 1.7808671873135387 0.16313092194151596 0.6923358786744379 2.300913035236546
1.3215016732648637 0.07832834483492059 1.7356905203558397 0.24328261335072834 0.6417186320240864 2.504413891882047
1.3398809990768472 0.07928451042143002 1.8082918210479948 0.29578184410480507 0.7478373308217934 2.776610465737093
1.3402344570686346 0.0863231810366396 1.6646309363692793 0.20670353851683834 0.6036067868490341 2.755436808865324
1.3467286616254084 0.07498458364550244 1.6046221712737725 0.2184060618548074 0.7752457777059707 2.8622456965041634
1.3210678927588653 0.07024503941924413 1.671621931900109 0.20902765475566362 0.5704545855394225 2.888261727957352
1.3553957122252973 0.0948787996988124 1.7978558279053987 0.14098969342096 0.890024323959478 2.1419496141394396
1.3439051786667702 0.06496026216164379 1.6629667217337143 0.25863078044231574 0.5769017205149451 2.808196374537635
1.3391742570526486 0.0795972262260163 1.622184083133712 0.2667454621202647 0.5635297779967906 2.3272068127432193
1.3421624992614374 0.096322642689487 1.8086907956920752 0.1686308806399122 0.7171090366736621 2.320599534113643
1.3204916868932655 0.07174242654954693 1.7777141623324768 0.23839729094026493 0.7262829027393629 2.3100453152290954
1.3357485762784378 0.08477318219920542 1.6336436610098544 0.2553573595121143 0.5816398790304456 2.477581285786342
1.3679477154866988 0.0950186195558418 1.9086730709443693 0.16319762735226956 0.821865929707955 2.390515755655266
1.3618199137256555 0.08138214736942785 1.657332006832256 0.19202310124437696 0.7555162142778419 2.4130740504001693
1.3707668132336188 0.08380269972801956 1.7288050403621986 0.22669217508527498 0.7407998317560874 2.1683680404966874
1.3574372434216806 0.08103705069331789 1.8915378911926752 0.15871365760164488 0.7998628494648372 2.8116707004667214
1.3246091831072793 0.06573515735294296 1.6089849806979504 0.19481428875654663 0.7091766512628365 2.3964510067545053
1.3451686643042993 0.10540544086405498 1.8022351914440633 0.16397623733020586 0.7666675642531655 2.807508342357795
1.349494397964216 0.0673806819086764 1.6493793523549536 0.26090905836432804 0.5886285490572422 2.188457034343729
1.345780378031677 0.061756991534986566 1.699619674665634 0.2458740120811312 0.6481902051906019 2.249673912482094
1.3658284288917681 0.09441267613807858 1.8967063514991023 0.18206586854271592 0.8039989032428786 2.8828570213263403
1.359399055060246 0.09022527719972025 1.8259261442791805 0.11762253897331561 0.7955609061323358 2.0425386836640973
1.343443325279186 0.08437428073145381 1.8814992385727003 0.16352106532558958 0.8607029739768265 2.6907807766110166
1.344484894121761 0.06492735001038255 1.5623631275038892 0.22833896562914208 0.5876016420438471 2.514547879604791
1.3760273781993606 0.10294744493113997 1.9019738025639588 0.13760722641737155 0.8803262309753168 2.268789565918546
1.3297061128545165 0.07361470185034097 1.7052230462005387 0.1805656484774267 0.8311076863921238 2.706640880785771
1.354077352158456 0.09401621828057549 1.7831933841965188 0.2459167461445071 0.7078206190506324 2.287883489194491
1.3546640034483837 0.09902401732681608 1.7078302912677394 0.1747177984044282 0.7466605218620253 2.6626981502618676
1.3638460880228183 0.09295538520172791 1.777981784137832 0.2459509941639338 0.7266170647017439 2.329131270583777
1.362892950485528 0.09446438544610176 1.7421957576804878 0.20810006740528042 0.7000735508217416 2.5784494600958263
1.3640389161188624 0.1097460283827505 1.888270565492504 0.09836509269580038 0.8771157004870717 2.6134993703604823
1.3603665907355698 0.10528835118252619 1.7416642347061977 0.18474901004660604 0.7758358274115429 2.2433233518367155
1.3587668813540033 0.10270465495654517 1.892409689092021 0.17474058267489134 0.823378088750775 2.157782564213123
1.3250257563824615 0.07726974888313173 1.8008208032534276 0.14651119759365436 0.8003890287475184 2.7074102576580876
1.364658918870144 0.09952757053411192 1.6911329543497189 0.24733725295316625 0.7704584129595304 2.272418387271987
1.3501248366991716 0.0954894125237989 1.7326687685977822 0.2893621894414608 0.7393604560675147 2.8064372937637008
1.3201734363849562 0.06622605553343847 1.661124378868207 0.2542225893763874 0.7469351304663991 2.841728929717982
1.3238712258730758 0.08107709609709796 1.6031675562730776 0.24603462426274494 0.652304079001587 2.0940902627478364
1.3381111343411498 0.07130693391544979 1.7815815997161293 0.2903860732732198 0.7639901773496974 2.8615770379187726
1.3374950786417261 0.08300968752652536 1.6806546861761609 0.29413143854424 0.7958210176920206 2.6402999845922217
1.3319255204349956 0.06530083802549326 1.7373069693593899 0.174556660764755 0.8143346179362948 2.226843062602778
1.3299519930601618 0.08516596070044018 1.6386666819893136 0.25351480608241467 0.5992542197042396 2.2507548970625924
1.35468232238995 0.08548101330745789 1.8872019487529428 0.18317190330005215 0.7716719356586604 2.314937297634786
1.3272871594210662 0.06074400611471363 1.7406187933831945 0.19598165667992926 0.6933625220539664 2.6566788621372037
1.3347315323186335 0.07800584923537295 1.7840548719273488 0.2830855138263511 0.7940645995392104 2.401886069532067
1.352024557043284 0.10912700628429055 1.8166567072110689 0.1782817523366985 0.810556236658057 2.530934292581525
1.3572931771911914 0.09220352622686798 1.889697700609842 0.17434877746438768 0.8778611125079044 2.6498952522152583
1.3752308400246107 0.08965263796186887 1.8112022263846894 0.1787827777166717 0.7909733770927362 2.1543060720270013
1.3377124716196944 0.08269132080763933 1.7190608806072265 0.286289969411066 0.8113883373301224 2.7085472534573096
1.34066694277507 0.09773234472561183 1.7502037278686118 0.250991726280268 0.7242672618004169 2.5311155352843864
1.3387013283189269 0.09235327179853366 1.6234351896005883 0.2722174865742235 0.7000290956069156 2.563710033432189
1.3242138082139934 0.08455957100023494 1.716738948123409 0.23077056261265338 0.8030068170480901 2.2178479917961114
1.3689661311117614 0.0895787742185119 1.8796850602403157 0.14810781789175168 0.7968572144442538 2.603853176565393
1.3292179154773542 0.05945069067522249 1.6507932929495355 0.27338769090161974 0.6063133429283254 2.328378654241086
1.341192566713367 0.10013042732660399 1.6957973054214768 0.23133969326230205 0.769395608908575 2.1520848562000037
1.3480430351186734 0.08980865389205056 1.6515425781314579 0.2232908591031253 0.810063445094499 2.1963905584408283
1.3301239846560744 0.0650147808326408 1.7460503024303207 0.1550347770677918 0.7370880038197798 2.7651707922355815
1.3352165649020546 0.07293099532189118 1.6570064917072735 0.3189859128249364 0.6849530774714593 2.712082814947362
1.3207307772500863 0.06621648639197335 1.6438862334501367 0.2378105119540033 0.7478853380302528 2.7151187855237975
1.337827486482945 0.09500027286819417 1.7206208867840118 0.20427215223816786 0.678506009767704 2.7466017243081016
1.344833224684736 0.07909518356211757 1.5910348268993237 0.2828802093307443 0.7473480556224064 2.8423842114210203
1.3305904288600294 0.0720938851494032 1.6765819437825158 0.3058896486815243 0.659767564391548 2.2522499391517328
1.3542875014827542 0.10054560890687421 1.7425205261578836 0.23786471744445972 0.7332118205384711 2.372611395503097
1.3173333820921926 0.08010192713781435 1.7565615766557254 0.20098309854901295 0.7473144159498434 2.2602935258056074
1.3404230122826375 0.08536710320694299 1.6265405650574167 0.19386649962078986 0.7349009605985642 2.4613592973171303
1.3448074983798435 0.0788727408516265 1.6375726852559773 0.2905530289562772 0.6154163735622262 2.2788394498789497
1.346500901890901 0.09092906301993563 1.845877298254107 0.2473657149922664 0.7914478406468584 2.661969922812635
1.3444083513357212 0.08582570520875833 1.7834015380576425 0.12976118935069755 0.8617568235481056 2.598556119443667
1.35738568073092 0.0937547340305131 1.8840278125979664 0.13223129550145318 0.8838006872157366 2.6288249210887606
1.354733855128534 0.10139460687422991 1.8700339256867422 0.17443470768018518 0.8207362431720555 2.1142960462836076
1.341839263572234 0.08452430248788614 1.746687496427975 0.16940009053181734 0.6822056621324726 2.074213272789213
1.344520649655153 0.08888940650749165 1.693703557483856 0.29888691277000606 0.7050447472631898 2.257044830184302
1.3370101450017662 0.05893408277624872 1.6628074540960212 0.25597477460371526 0.6211044627755907 2.622686897418477
1.3215879315169565 0.0648764725049431 1.7457725360668677 0.18735416030851262 0.726575553831266 2.2524243003756093
1.3570191261354485 0.07894772520878507 1.8427466777076327 0.22792446010002274 0.8255537629833507 2.8573127288344478
1.3192376601413112 0.06314866179801776 1.6057867732610118 0.2139368631891916 0.6727549533355719 2.4594764579795463
1.3278925278847344 0.08217522863344176 1.818626020138592 0.21776127817038168 0.7546297992991507 2.232870624425646
1.349507480320343 0.07950869411360915 1.7533813869617267 0.18043985072108443 0.6602849908061198 2.7480666198609205
1.3217811540867501 0.07110993401754279 1.6191615815733122 0.19174772481872582 0.674895806174675 2.2557439221625066
1.3702161469767735 0.08870766166216677 1.874447535102489 0.15427459776567717 0.8572281949247654 2.2748853489900727
1.3479951871115972 0.07930361465797243 1.7729045115944853 0.2796147787331344 0.6997559568713867 2.8450465049691758
1.3455542977940762 0.08349668776585246 1.8580098991787193 0.1929831202121427 0.7412530506463225 2.5442942499146026
1.329841299534046 0.09009827460447863 1.8254349453869225 0.1898720358062292 0.7992166549064397 2.857742267902501
1.3366877826340504 0.06422062217597933 1.6665153774019816 0.2239937230758252 0.78365783593245 2.309395865802965
1.3549267051802407 0.09706510131762024 1.879706159099729 0.1880765656167961 0.8544502689150207 2.3944951909776364
1.3674082007942343 0.0962833766880175 1.8876268996517944 0.1123279899770508 0.8572081941486578 2.2034141420678117
1.3248863431760287 0.07005343883749193 1.6484580550991743 0.19250244064942554 0.7566150358177067 2.1674715357554986
1.3391969629678482 0.0942364060805691 1.7420054562650547 0.24865967338875938 0.7091692431974354 2.3666626442706296
1.3207492865248476 0.07532141408420524 1.756122066881348 0.23566297321417237 0.7417022162301925 2.1719674497746393
1.3484232615576297 0.06692850255845043 1.596191221501012 0.2785219633418322 0.6837185693660432 2.7666136721402195
1.3455114392194216 0.08582189509986306 1.7225086805792595 0.18032288503702057 0.6609447610335435 2.8996203263286247
1.3473836805569386 0.06253162145038232 1.6694359726736225 0.24044375659687228 0.6573060221666671 2.6303779720908294
1.3237858547965993 0.0740484526182246 1.604741618904007 0.2648755925455862 0.7042355299451001 2.819180940883795
1.3718319247153785 0.10592923692607221 1.8563397779789965 0.11766588047801689 0.846637151071621 2.480541670263505
1.3592486727992297 0.07884219299107391 1.6154258425327837 0.23893148141075082 0.7111019402245773 2.4527186704054147
1.3399266764491427 0.07886993879311979 1.8658615192198218 0.17641511200129065 0.8116183940250058 2.173681792869133
1.347148012245008 0.10289702592732805 1.7668258513567585 0.17985841215162052 0.7656577909107086 2.766415373373982
1.3571966169394822 0.0801100474816378 1.610437679433748 0.27014629704040505 0.6756055959362298 2.3112701696737203
1.3446487755606753 0.0654814801150901 1.686376567239947 0.1780009359044991 0.718437360660194 2.464413850682443
1.3362924334366058 0.08761649515424322 1.819437610899299 0.21544708423290435 0.7331930438635846 2.195543375618478
1.3555315596549549 0.08752073968696693 1.855314828563297 0.22120343629136147 0.8432010489140835 2.4344319962120085
1.3298232793421905 0.07347558594063483 1.8051189587612742 0.20813801016627653 0.7130018281399042 2.44670931259275
1.3322534367454926 0.07426610201843209 1.6711699768083035 0.24672368178383075 0.5831801269918181 2.602514259999964
1.3391737387204228 0.09496577162930035 1.6755339627376085 0.19806701729769272 0.7402453772757247 2.3717565392847053
1.3471980303063527 0.06703770066420613 1.6628259588993113 0.2036560640324081 0.6450043713617417 2.6963813934106753
1.3291788269870166 0.0695584056391207 1.6335422087989997 0.28618429859812305 0.6593632971074664 2.1276290218671443
1.3597134033259188 0.10259848087081859 1.7685114150583736 0.1619893256912382 0.79164913582231 2.6319526050937654
1.3290716571465313 0.07900025484411564 1.8086632432949785 0.14941015867389645 0.7623219201813609 2.48096363969446
1.341384082163949 0.06852313200545801 1.6014197165325328 0.22086264227162794 0.5823293023726963 2.325997031877413
1.3261886333448278 0.0732729532230758 1.6828244549070837 0.24309236505725476 0.5980733805625408 2.256579452746583
1.3328067718190253 0.0757201901519993 1.662390254648206 0.2994229170683955 0.6639271532553512 2.3643284016875414
1.3542335290418912 0.0813366432311268 1.6686076716529747 0.2257549170386958 0.8148089357653714 2.642842985877708
1.3419843216677414 0.071639412815626 1.6212989074845527 0.28165417334876675 0.6019213400916712 2.3436433127185134
1.3339534701526226 0.0864477420781976 1.7133532643853853 0.19185204008759238 0.828258673461587 2.3829248538883827
1.331025645211179 0.0784060722973717 1.6223741248129007 0.22318012273228838 0.7627178495797545 2.1952324934233243
1.3451208341779461 0.06465277368885264 1.7383965237867223 0.22245911544430677 0.7752611960470245 2.5725146983174243
1.3594724613309297 0.07597483606214707 1.7351035375426322 0.2382422200304497 0.7064818032763424 2.8968038989557794
1.3235105586640352 0.08042197353187454 1.6547180160697548 0.23199005461890998 0.7578352913194443 2.322775903319345
1.3194805762543775 0.06279421038344199 1.6317586894109493 0.20831810100216291 0.6706141820720911 2.5803895172237867
1.3472077286493298 0.08258837457582428 1.874646501713198 0.15345375356606844 0.8010155107068652 2.523470177474576
1.35051325077014 0.08195639482044409 1.7986255855783404 0.2681128168190537 0.8058526223349431 2.5220019595438212
1.3511331693054616 0.10265334972829311 1.8342999847977968 0.12684274936306802 0.8340383539478504 2.179982919306413
1.366200468280967 0.1025082688701343 1.8597617006991172 0.16037152133042556 0.8156339687468803 2.2711945677149457
1.331973322331113 0.09126607216059919 1.6827522174661964 0.20001480125430973 0.6989600210314839 2.8068508395172933
1.3482393738899754 0.08265509500110506 1.7646310207637164 0.22941482938423624 0.672979619157589 2.860342775301545
1.3593964009216215 0.09403724325981204 1.7870290574358783 0.15790612824733485 0.8708050134500752 2.887955392251448
1.3547955964813492 0.08549567396454953 1.8139813711349095 0.12300590917149476 0.854568680202084 2.0950286438764056
1.3310628398103963 0.07108610323432482 1.7372214514682067 0.23707585987973326 0.6407832392034902 2.595442526180215
1.3338536272105723 0.08228865500027542 1.7552654672244614 0.13927097049465312 0.7655851874945119 2.114819636298165
1.3480236103425338 0.08095192026118643 1.7434436910898303 0.16790087444872462 0.6788649304674229 2.85510903611977
1.3173637272245675 0.07599739738461854 1.6789994626314813 0.1973048640558261 0.6833581570555441 2.168324316874673
1.3432136810898192 0.08135046753106248 1.6052977228315475 0.272727652543289 0.6384927876322166 2.7569311691128533
1.3393346483980528 0.07874837848817604 1.6956779613830164 0.2843344046920442 0.6516457132559911 2.8199842976895546
1.3431007393517744 0.08473422036481368 1.8700861344179245 0.1659337532811076 0.7929909905615566 2.55249003693064
1.3400270623612645 0.07780303231599672 1.8116884396952964 0.1313887888515175 0.7648186744251989 2.6046860627167625
1.344282696018278 0.0821180942264769 1.6622132596886114 0.17792430069189397 0.7179258380231028 2.1398230847548843
1.342907905627489 0.07678269075909996 1.7303142745502342 0.2599157500284959 0.8199587629733921 2.651533620433087
1.3263555793593649 0.08455139354575106 1.689060396175842 0.2192059821204372 0.7497167622046013 2.091493887561737
1.3337159463058628 0.07325828104857036 1.7248751214473308 0.2737752693423566 0.6595596782187818 2.7115493410655427
1.349262895558198 0.09300366339800947 1.8710627049940123 0.1907910739214199 0.8265967697153 2.6441742574660463
1.3450973489828844 0.06542887442291487 1.6533983026319987 0.2444401651679197 0.616323111511598 2.690618125560212
1.3357269698971026 0.07755163252852999 1.6735547246135631 0.2993247159491359 0.6870902671246627 2.857880701420896
1.3656666524712566 0.08839273555230187 1.728082748613333 0.21374981071320104 0.7392971824878729 2.698484681709163
1.3332414182123797 0.09423755144558595 1.7616205400451763 0.21367246194839756 0.7515157364172194 2.32860457188891
1.3288550708893987 0.08708776782870199 1.7164992115154099 0.2149178921443706 0.6735824095207988 2.313957080166472
1.3435479925814438 0.07006518610811512 1.776735378182928 0.2500657699380066 0.7152221214785813 2.7337983580414917
1.3301980521931345 0.0755830911358686 1.6359726221421196 0.28865011075343405 0.6764153283988537 2.5971405780144337
1.3295883826967154 0.08645288329920471 1.7700465233610836 0.23563526343450203 0.7369375411709489 2.225510141492699
1.3449893638515944 0.07364689204907886 1.644067258647778 0.25970221799359106 0.6061937963401867 2.169818625927072
1.3261567124378946 0.07541171184772354 1.774853360156068 0.2311281702795312 0.7148062238729422 2.579646129730787
1.338273531170687 0.07818829013902008 1.7827649331479345 0.23904860565799738 0.6881164634040716 2.5378298116093583
1.3565405415328755 0.09848387572271021 1.7147108640321989 0.21273379982854293 0.7691607510933864 2.642082333156692
1.3596648127224136 0.10419323413005062 1.8298651136049737 0.1551072885989243 0.8081422454498893 2.8522831507830486
1.3341759212431534 0.06515730814842605 1.7321450465295023 0.2440400794242704 0.7415539038518271 2.1342307920053742
1.3316015791618305 0.06742252599072847 1.7496990556111154 0.19291313832572354 0.804317224407041 2.468273508201006
1.3541217501467409 0.08663352078233742 1.7499597641826146 0.27580557981545895 0.7911620747666244 2.7249536919849926
1.3433901279612788 0.08684574248630977 1.6444583681970575 0.21562767520911466 0.6519275094200954 2.647682696855557
1.3184813241000697 0.07590634227410903 1.6978034520502896 0.19754652330059175 0.6809956276891986 2.2694096492669598
1.3578104859188276 0.07530939281138906 1.7572061055114938 0.15417377152525857 0.8038221131519759 2.6418039156413173
1.3485948932569527 0.09150350253029146 1.860380828396281 0.1749321802989205 0.8528574078985722 2.1803517675996607
1.3337941694563875 0.08470381823875085 1.7192664760623964 0.2530906827331828 0.6716556155387349 2.7190997045600698
1.359568240182448 0.08264986351803515 1.6899074444210433 0.22848756124652111 0.8020707717188096 2.7841264425424983
1.3575645831306613 0.08639036423493685 1.7296502285268254 0.16802253315065963 0.7296314417279144 2.179927048423055
1.3413687217852908 0.09014419843552661 1.6333181550229914 0.23291348348730695 0.712488901865008 2.4313175438188472
1.3615248209404143 0.08596284620030886 1.6697864164098317 0.23629811331901532 0.7270124642914904 2.7372106375697824
1.3530905340982344 0.07779406119044413 1.8242253025944284 0.22935497338885927 0.8044319048445621 2.3758098118709583
1.338424106819374 0.09063920237691572 1.6794620407315253 0.19509115352149048 0.7025057806707768 2.760499505744884
1.3655639134769217 0.08782411085822708 1.8278306659506556 0.13307546162105105 0.7916927757726923 2.1660322827458787
1.351720129062986 0.07688084648256513 1.7819262210886784 0.13356527710939467 0.7653832270580739 2.257142726254753
1.3612478262619736 0.08938533711124295 1.8480084843440001 0.20669290367371512 0.8277428620027522 2.880170985790871
1.3305494924993606 0.08073574263843732 1.6516814135613358 0.2657286946869823 0.737598562178958 2.1600138072775645
1.3474101857802816 0.09809754908711901 1.786305528542751 0.17953045882346672 0.7534701196277203 2.5867662248043404
1.362947374376869 0.09718740974721989 1.8283369797672404 0.16118646031794345 0.8687313717894133 2.232039647216498
1.3522412364669243 0.10239687778445303 1.807897064273769 0.16524623522578105 0.7990789121064361 2.5161947096194783
1.3409037759238451 0.09658590223534749 1.7227289569884738 0.1947473626040718 0.7706596288779659 2.8619303378030505
1.3593848402100848 0.08372750551683962 1.7716166812511105 0.2521409642694928 0.7867824217764597 2.36249044075233
1.3263073812057495 0.07914995684053507 1.7535244165475847 0.16134295194796464 0.7844612800682331 2.2432872669963384
1.3308949419607092 0.07005709885962107 1.608323167029278 0.2504966632192671 0.612213161755435 2.1164129078937775
1.3333211521479935 0.08888308829950904 1.6645805201211679 0.24030751505233677 0.742474212509368 2.766618948035603
1.35653535100413 0.09127221176116383 1.8249977561754673 0.13048653436635596 0.7842985496100283 2.102645550787304
1.3482594461560549 0.08759960005711624 1.750831434810557 0.14244866276211554 0.7637480594860061 2.809091520463822
1.319887256924232 0.06820407651024789 1.637305334682757 0.23173787131737764 0.6329566953572381 2.18202982468609
1.34407713720394 0.07320041973790624 1.6313606934499862 0.2313971362766032 0.6079407654063904 2.4431858107198283
1.3409572169888937 0.09155941160382326 1.7276334603312493 0.24958364320281468 0.7270812145100186 2.7094959573609043
1.344853580477275 0.095414768981154 1.7994980499848159 0.17849382144551876 0.7534828606013529 2.380314409111178
1.3272704346823985 0.060970526193810916 1.6230541614936254 0.23409881349684275 0.6421265120319912 2.689234601403242
1.3341868382922868 0.07028480954003695 1.7179775739098126 0.23321228783424014 0.7955047646120046 2.1664421953211335
1.3391536357744414 0.08044293387760364 1.620374205043687 0.24438615661803273 0.7485727505347947 2.4573652799827603
1.323229951311994 0.0731201163225063 1.696319315895468 0.18444817152993792 0.6794949076227426 2.6353953787489512
1.3296453961553478 0.07943632872091835 1.708217848456709 0.2208659272421848 0.8002641164221947 2.2025369450997827
1.352194648300854 0.0722536878607743 1.6302017530624104 0.2507009985993718 0.6755622262190818 2.8599998972385734
1.3284792256169524 0.07145886078917628 1.6930394091851373 0.2547283815649618 0.6403922180156153 2.5823982331547377
1.3526581462716878 0.07852980771359891 1.8210097931715505 0.13155431170633386 0.8139139009915302 2.369467830097709
1.3301626634830814 0.08393156628732035 1.6807142583124863 0.18702139700781348 0.7499994342264455 2.345187106375996
1.3301626634830814 0.08393156628732035 1.6807142583124863 0.18702139700781348 0.7499994342264455 2.345187106375996
1.348293319513315 0.08762071897560816 1.655296270459222 0.20662140052246245 0.730253661764465 2.191772810429788
1.3419706263207964 0.07016835564955948 1.6482556632010832 0.21566754988760053 0.6197091695773161 2.709622409545535
1.353741145755826 0.0806817854659375 1.8169794740539462 0.2021821281877676 0.7420552542263608 2.714858116689565
1.322713804601769 0.07297240753582432 1.6917560330364059 0.24429305995051465 0.6640928662263965 2.670273369470368
1.3522450848277954 0.0822932592551617 1.7962176253684374 0.13455141616658836 0.759681315834435 2.1732084115126424
1.3270477622144414 0.07332308971604463 1.7170512414566583 0.2490136989136421 0.6688873292656716 2.607578862252632
1.3385024765280964 0.07049222115587421 1.6500458728615333 0.2866168968440657 0.6946136275871821 2.363695057571518
1.3411630223634523 0.07798257848895779 1.79810297960713 0.19972198624459794 0.7062828312801991 2.3067704161294778
1.3652786186218693 0.08992828620157037 1.7738611503218653 0.20235152418488347 0.8097233801481318 2.1848686528702386
1.3592885685542166 0.07687433034018293 1.7997951460223134 0.1931350175204791 0.7984062067580385 2.491759491673312
1.3469663229233406 0.0948570779336279 1.7892753358538291 0.17876327011722112 0.845230593873156 2.272469199873135
1.3313768305731848 0.06579260706462424 1.6668115201073168 0.2467682349096994 0.6232428120922157 2.1936561898165294
1.3494254632921032 0.07518120128799104 1.8196878033525352 0.16304965283040246 0.8317795873248788 2.271867994600663
1.337446016670752 0.08332344642917412 1.6819469079113414 0.22284807711670837 0.6469047587665085 2.189783356029999
1.3448484067254232 0.07891761233026018 1.6304880256809628 0.22822818638810796 0.6381102381518081 2.5944446883792995
1.3441824548376506 0.07398368559190929 1.6350197467459107 0.2774670901399629 0.7190969646941207 2.3265832898139447
1.3609205898725207 0.08725628065253953 1.8483259187711418 0.13584825458116884 0.8385029308827582 2.408175596768726
1.3510460498795411 0.0796815673669101 1.8392499940136515 0.1524865918822257 0.8367118034009893 2.668400609393569
1.347471007618889 0.0964993401712161 1.7682626804562005 0.17405702118686867 0.7680943997822083 2.8892318045349636
1.3579265752038874 0.07954203373923036 1.7953274452309174 0.16402836004172028 0.7519896859915182 2.8161224643446117
1.3413250921268398 0.0840039243800834 1.7052834823016094 0.18197677467427203 0.6894056189937886 2.5072315132166665
1.3458025837198972 0.06646713723679351 1.6913919352210016 0.24165339682477419 0.7005282727967141 2.657786457346046
1.3470629226929576 0.0771585501656173 1.6949553796525327 0.21223552344592125 0.8126785031540178 2.826533062987285
1.3509468691979933 0.0839198411612305 1.669790193661297 0.20291123542116238 0.7728077599798537 2.8452041305528377
1.347181271156334 0.07270756160908634 1.7524202163198037 0.24026658038855325 0.707103421030806 2.2194833799449616
1.3647204989097816 0.08709507988489244 1.826673641333978 0.16362909001359408 0.7958641677759212 2.7684897157857593
1.3460654787223918 0.07983896718796493 1.730655949901891 0.2373691070918086 0.672195394658389 2.8630296080686057
1.3301599341815589 0.08556242894150144 1.6891032241639943 0.19480654629081992 0.7194325513095525 2.7494953106048703
1.3486732406314192 0.07453055025404624 1.7737005595321675 0.20966325255172044 0.8240221907422006 2.499741760063399
1.346195590520698 0.07976865922190357 1.7618663510736714 0.1413593542656622 0.7645276782553779 2.127151051593087
1.3470206193747891 0.09033897787588914 1.7534945397692208 0.17013651441929356 0.7580002444120904 2.0903734241335585
1.3270743097987558 0.0646691330638634 1.6810245995488518 0.22430442113451562 0.7224713290034236 2.3742611688609516
1.3601903399001354 0.08999570407231 1.751054621200621 0.16854640841867496 0.8032025967130552 2.2585470217800645
1.3361077860425 0.0799478979914092 1.7058725295443309 0.2101357752816503 0.8100358261935788 2.6777842292660727
1.3492387162088921 0.07499348533610167 1.6729217066800095 0.22379447996686105 0.7815355392835064 2.529976857784958
1.342821753343813 0.07094292302323689 1.7429894686532013 0.16341892685606835 0.727862505358902 2.5589933713277153
1.3530493080223291 0.0744716039479367 1.7903436705703295 0.16005790714753956 0.7720985151662862 2.7164683387143307
1.3490077590630043 0.07439247113794811 1.724027400000867 0.2554475401615681 0.7688301935240756 2.24994930605199
1.3257852591865575 0.07845387705742901 1.6564084442574094 0.21729185993785366 0.708706653566039 2.6231737931499017
1.341454155575278 0.07032212124537926 1.7371779457648395 0.20289786032778953 0.6842998617865749 2.4461674074081188
1.3560978371213817 0.08587750792383485 1.766152758568238 0.18553967486686856 0.7330745732371801 2.597231475562476
1.3412615660678795 0.08120023069693921 1.6741276285695454 0.24553666807521587 0.6580345757457772 2.797586080917047
1.357332250788902 0.09021096079745726 1.7582060928096164 0.2210036950457866 0.8000568363696451 2.643157579092161
1.3620108234535935 0.08944833829878183 1.837893294460427 0.14662767631366397 0.818907829842314 2.6185671631442142
1.3412928880072132 0.07121333629234397 1.79466108792721 0.19641748753230256 0.77369760661143 2.7554297378566037
1.3298789511342295 0.07187341169823852 1.6853040157025627 0.18279772064263786 0.7302973599258898 2.234173554854028
1.3323902188903465 0.08386446035020795 1.7669585058000794 0.1989086288243208 0.7957274739710297 2.7703193621728346
1.348117236202744 0.07515506861593578 1.6404283155716255 0.24247864387599052 0.6818768035630628 2.50015588513346
1.3409747993118666 0.06684601002900692 1.70077769357313 0.2008315863125927 0.7216409038540306 2.6436807976797922
1.3311351442539858 0.0802640606442341 1.6696733192589792 0.20564778174788928 0.6843976979116978 2.5220674150382214
1.3556236993842705 0.08523709436840532 1.781455918081161 0.19691592644519654 0.7463943424345053 2.334923623628703
1.3343112218437403 0.08066064215482056 1.7955677274308326 0.17582871490042015 0.7602320067949385 2.7578156599953685
1.3447958727041598 0.08799573917276805 1.687102709138872 0.22578687594439947 0.7297088718162379 2.8727863013196155
1.3543387592869498 0.08113531179273717 1.7930118094573584 0.17924516394483977 0.7774993298402748 2.1098902382507565
1.3349491911385454 0.07295430784018878 1.7359687200201013 0.1910581849252329 0.7967427545462482 2.3303789457443647
1.3320104989921207 0.07980285038982574 1.779116813297008 0.18843528036304072 0.7667622991381389 2.39700257874743
1.3485769868524133 0.08309787342422952 1.7481071677854654 0.2167503789869924 0.7175063109493548 2.2193379415576038
1.3457958724096013 0.0866466743235634 1.8190312884721016 0.15988521028569172 0.8273202459887996 2.7943435739673164
1.3461266478598872 0.08829849555521195 1.8015347646671924 0.16558704679223987 0.8299566471074573 2.5899167431205994
1.3509235610545285 0.09115941470549403 1.7825868055652898 0.16575900553189096 0.7806340069569745 2.3769230444528455
1.3424136626949648 0.0811596545334391 1.817985026374806 0.1663906806020338 0.7977002821154927 2.4892538110642954
1.3342351095248608 0.07433263838138898 1.7608980333162434 0.20255883751896586 0.7203309572441339 2.3214529179027834
1.344710731493365 0.08303349292818242 1.7796174882693312 0.21614568117219551 0.8061742728346524 2.568149662295194
1.330191839449328 0.07166798247776247 1.7024037091125201 0.23416103789751258 0.7183234238175189 2.6035185672527583
1.346438638965244 0.08314139289497569 1.6780893678233362 0.22707418034968976 0.730828507275187 2.190251733153342
1.334449720415389 0.07874704401230308 1.699307778999079 0.22656157314184427 0.6839332879040395 2.6875244538060477
1.3319137124169285 0.07470041081432897 1.6828285992015592 0.21896617332960597 0.6693734824573967 2.783719962959038
1.344493836612026 0.077755044151184 1.767106899015492 0.16498204431684496 0.7419121726247025 2.4079043301692895
1.3377773699643716 0.07662505269647242 1.7589436091339778 0.16770475255596162 0.788702917605201 2.897085522804316
1.3384907051520905 0.07764301360075786 1.7491000703565698 0.21160872847058365 0.7923850332628549 2.212733753182387
1.334664244155006 0.08004515657409027 1.7263896604467663 0.21977365471563148 0.7650290381076499 2.824731327892164
1.3429659057179166 0.07943065358593188 1.726758339178148 0.17699154927667618 0.7638344149389903 2.169844079758331
1.3326176255766105 0.0768963103502519 1.705624288116409 0.20189963565356706 0.7431854718096181 2.8067887893718666
1.3382578072001123 0.07672918623894398 1.739967709591982 0.21410860295869563 0.7684678166360875 2.177538530027378
1.3450807408197143 0.0827320604777304 1.7514706965508542 0.211295875114653 0.7569908735682728 2.570227042047149
