mu1 sigma1 mu2 sigma2 alpha mup
1.3818451576527986 0.30597993464685924 1.3924026156742944 0.086287403028866 0.10818954565984183 2.25566400653068
1.4323177158146425 0.11664825085204182 1.9287602236891725 0.31693301109598854 0.8032839250116076 2.127695183776192
1.381162398193534 0.12320312564197394 2.2486808176811093 0.5299893154575932 0.826248743860904 2.306328735573154
1.3578601059068367 0.07591324490133479 1.4078530975246286 0.6769587454860936 0.7637835383090336 2.6911868149280465
1.3402830616258539 0.04159454519912007 1.5486924078422522 0.437210475316028 0.439414152049027 2.309110499915555
1.40921001257432 0.11560042247601675 1.589024552049512 0.4681110208364892 0.6896294743624223 2.738059661538909
1.3490080027075106 0.0466360685203983 1.586541856983047 0.3070283894790351 0.2642808986882722 2.354869173542772
1.388585804947739 0.070585721053864 1.4936405597592164 0.4567873175623833 0.7435278248831214 2.661951057166166
1.3472735503810809 0.0400749051551483 1.5816476661277448 0.368190707642718 0.34395413130175906 2.2415431405517756
1.2950990006059124 0.1090471926104678 1.6075507887179503 0.35930161661533183 0.623022270469682 2.534640041156242
1.3654419430300617 0.08239515729334008 1.7971917558965238 0.6085768283175039 0.6753400674737332 2.4992677465373188
1.3558032750602278 0.05765937068985236 1.6626856805982877 0.3468686513733111 0.8840995388530685 2.2363420390467503
1.4021997834535935 0.14541189875268506 1.5524185111437343 0.3021068695683733 0.7894294199542685 2.8602948814731164
1.2793730196729451 0.07224011238314003 1.5151279471097596 0.26307505911180806 0.3331153954492689 2.84758480460122
1.3352144103943446 0.058564014555761636 1.7723157648123773 0.5388495892887184 0.6827219548977125 2.584003308456952
1.3895537394396082 0.13152617272508219 2.0525814333167975 0.38552194879549206 0.9010985681769639 2.187357030222178
1.3554465282187593 0.05259514264426096 1.6977009532662815 0.3468738976371969 0.43944766225348425 2.8277948496381224
1.4064102259576725 0.09113823326845184 1.9609207062397864 0.06831188829428624 0.8896853008322644 2.0352221104824353
1.3191323321821642 0.1200938662635254 1.6454879031789817 0.402477578710362 0.6819249831634148 2.5266877066149886
1.3362748494690426 0.09425767358624225 1.9496015827201996 0.3559453257972099 0.6262916105996439 2.228589102301767
1.3769352424529435 0.08735487931574393 1.4704079200153224 0.220884332440561 0.7696305493014297 2.160714551738247
1.289951375233438 0.08485765115524715 1.8041420502116892 0.30001886530072536 0.6864671442978237 2.4814850487169657
1.413518200606635 0.12841430659425646 1.7729900876176816 0.132438366876578 0.9266465195462434 2.279997070859073
1.3419813817530757 0.07779618341577939 1.6590995516410452 0.6322741595948469 0.786798094980396 2.570681667192792
1.3455807367463661 0.08860007115679765 1.432109677007566 0.521886580699133 0.8168888071907656 2.4171229293769065
1.3900768893915725 0.09166513052402706 2.0078323035176098 0.29443463796915215 0.7419850611429792 2.857599884577918
1.3611614146115232 0.07229065263552595 2.045273604821054 0.35090297912049917 0.8717404823987605 2.736071503784351
1.384437519151413 0.10234854774812442 1.754307629861556 0.40399039901380285 0.6323046442160738 2.089732533775848
1.3126918494046405 0.06659060654775435 1.6158569803554963 0.46496005520712336 0.6732542244213744 2.7291494086158505
1.292649214036969 0.10521979092818887 1.6801755030607979 0.16339070953574356 0.7614680672259784 2.8389314040882145
1.32584516766928 0.13056950377462181 1.8251112839916277 0.21093804424590115 0.6888523093822523 2.8078012818916664
1.3842556496022547 0.09612215543905608 1.4348821398232916 0.2651633547470613 0.6891833271566591 2.647365712538274
1.3594093334695014 0.0511174993552672 1.59487606562725 0.1799804231149686 0.6558956010394608 2.2724588509027965
1.281789551931567 0.08400410957260213 1.6348685559962395 0.2879762394218255 0.6013997661015608 2.812124921236842
1.3427957439646419 0.06257527721931512 1.6333558826114893 0.28392131293214967 0.34132516274510494 2.8724294532093535
1.3472790844461133 0.08198292901024784 1.911035308171249 0.2172948432218421 0.9502078903149526 2.641967461058331
1.3486008306537816 0.12636239618044615 1.7883944225932373 0.1492152000659103 0.9459526959408565 2.7704703198597227
1.3525863123642317 0.1328917678850065 1.6930090136359017 0.3722184670907801 0.7035463655714036 2.5807562830210347
1.3609749359961025 0.11983508638537867 2.053451962523063 0.3840076304978314 0.871921088453561 2.342293871526257
1.3857301909456958 0.11010249636769742 1.5747005020271991 0.18960403339752244 0.7751823876054793 2.6577502858610695
1.3285369292119027 0.029322974787182952 1.4274590359473631 0.2829729061910151 0.42096645678213146 2.611485671855954
1.3172326990047973 0.10444644763473222 1.875070823549284 0.23586451417172902 0.6551589153373104 2.5974237423444264
1.3480855983095397 0.07428210777774052 1.8815433980956615 0.3228619744486831 0.5780738066560892 2.1467324169606954
1.3376453938488988 0.1464986839714015 1.7941984229263204 0.20208200741884166 0.8612815916826018 2.3901587126030814
1.4052206558517835 0.12045693730865031 1.6828487422603304 0.27488698496194 0.6628484841201601 2.266464758571505
1.2951464780271498 0.08052249110282687 1.6245733054572256 0.2014537032222237 0.4115292861558985 2.580559618627073
1.3667997357643678 0.06838100626956825 1.4953427118303242 0.24185951235804345 0.8016076039995481 2.3988636658813185
1.3594970904954349 0.09451793724487896 1.5869285178784027 0.27903376264197766 0.4164864338989008 2.071541000906065
1.3568070068383804 0.08815448826877612 1.7127867998820996 0.5407460674711108 0.6871313858509508 2.6009852947889462
1.3735081046965596 0.07088255105640191 1.8087691578881042 0.30290455141465933 0.8931566901031063 2.179614432485378
1.362612216316605 0.1280999434060327 1.6287514545008146 0.40982089863369 0.8250322570241965 2.460482486685786
1.2950774581752913 0.0906296270318939 1.7427602664133195 0.13917117726460865 0.7045092887855166 2.2001622436802135
1.3430551455208175 0.07847993862817465 1.540077921720441 0.19410217199778115 0.836779441742068 2.2700465243583996
1.32814777681388 0.038273779443879705 1.5306342729380285 0.20009611975055383 0.42877342543236713 1.9919360133800295
1.3752961803909185 0.09812386004091689 1.906891669908711 0.47013163831895133 0.7462727864701935 2.5593820504548366
1.3190178712963565 0.1132057691993574 1.8815848405066067 0.31429687561952546 0.7884711087053198 2.5556445497950517
1.3672835736001099 0.05345152874015453 1.6313776931298265 0.2905234055913653 0.45549056849328856 2.507055826634332
1.38490308761456 0.10179088954427513 1.843804643120641 0.33192203439075874 0.6615884914060169 2.7928971706482932
1.3368811426488683 0.05325505086074014 1.7463413424383076 0.4071598490532807 0.7543043906658398 2.8814850030070063
1.3879294930984571 0.1317907476779342 1.6314437492527454 0.3293602483148835 0.8514467303730155 2.5868493369156282
1.3894375666478704 0.07614361338722372 1.840656545397959 0.19539997899530978 0.7333001994429295 2.8196131730685856
1.3466763133018262 0.08490001292297669 1.4743723134837048 0.4657806913242824 0.7392896491692769 2.111893148528089
1.2958788506665244 0.10460484102223194 1.7583737783292879 0.24908056902714365 0.747853156051815 2.375994887140093
1.3619743151220758 0.09662673525398446 1.8196908661000175 0.5053444419607596 0.8760680814873406 2.704498968845889
1.376789797674629 0.11236783282782872 1.5921854076374733 0.4635047050428109 0.7863305046850029 2.384169667919037
1.3163134913649857 0.09507842833733125 1.689648316206433 0.12832119130621716 0.8280087270670207 2.8333895111733587
1.3551376538975064 0.06969750321316824 1.5548811364379245 0.459886737264309 0.59532409070445 2.822917032221468
1.3330067915823125 0.1196945619993587 1.9494146428516794 0.21677031719516984 0.9099889350307482 2.8082420250544713
1.3899107752467743 0.1114694948181502 2.0469688663632732 0.2944150687633668 0.836067252801219 2.866480817762771
1.3381408105070434 0.12589378459489167 1.7517980579924268 0.2445003735486593 0.6378913513734288 2.6238993727041886
1.3400116757160307 0.10222049893334535 1.7137169778449013 0.11020749774017631 0.8566758019552198 2.6868432577060988
1.367240137525941 0.0548939405497806 1.5588008069875712 0.20627589213866906 0.4511846949733798 2.605274409234645
1.4079227350737311 0.09852055096929085 1.644449536671467 0.28658685597378736 0.7376233460808663 2.257050462608406
1.3440753948822572 0.09618419944086656 1.508994137749137 0.4199818634324275 0.7064729772526143 2.0753674434787888
1.3384912457810207 0.12664797389406765 1.9356714651414593 0.2683994651456785 0.869014052807637 2.2112808536145616
1.3395501066706608 0.11432347987513544 1.5058802674196232 0.30073252127581457 0.5801232520612696 2.724583332896394
1.380749993764577 0.07262903037969987 1.6013098018175402 0.3633991060462057 0.8079193161662087 2.4793286810266277
1.322465865572548 0.12160152205535157 1.863735449438638 0.19704688317451793 0.8970139853455212 2.7788139462750197
1.3454723649785856 0.10861320328274442 1.8821606922174214 0.2035950210874617 0.6467559549127204 2.370571355750582
1.2964543894310996 0.07190329332626394 1.7328079769732363 0.29706652727462896 0.5777849132590901 2.2148887605963576
1.4215735651078496 0.13402849252557875 1.9503289398750807 0.12557186517994057 0.8805902542411798 2.1274328178425956
1.3776204885255723 0.13246291045720524 1.8555150983084603 0.338298956926226 0.8715713778022731 2.6112512310317078
1.3762417659867114 0.12014896532178924 1.5248104469100525 0.3135315167140393 0.6605731962073146 2.3489211620376333
1.3717094918025001 0.10793768009291381 1.5479316740684141 0.4145276174342632 0.8429120359879102 2.2561652456690164
1.378481206185117 0.0911982416750709 1.7780957375160658 0.42402689621829337 0.8871793535800483 2.280314037823783
1.3156610701512927 0.07098827230263255 1.6978987195126147 0.11567782317043203 0.7010768587829136 2.215480761177314
1.3530693770313607 0.13291041293313605 1.6447554902568227 0.19639203484842033 0.7497210621484777 2.8250841681212457
1.3597203299896083 0.10708541885185799 1.9454544483365592 0.12437632870091728 0.7056843616697053 2.879158585259971
1.3984413223166043 0.10569906902274577 1.983250053978482 0.24773524912856137 0.810213240306631 2.49603158813881
1.3734517438906064 0.11411704453448074 1.7064583183054056 0.38893305297099867 0.672174029579879 2.3586079864470415
1.387257633059514 0.11289840369383826 2.06432846895676 0.2171507565951994 0.8511518181010962 2.8986693267775303
1.3907486208169604 0.10021719089740311 1.9416790369838677 0.09749292890256885 0.7428631335006464 2.1922669291525887
1.375338303010792 0.10308138310247301 1.6135677211426498 0.38206233952637 0.6118806085358162 2.4519667812241943
1.3636059593895697 0.10393105393734406 1.628731051564674 0.15323652691984166 0.7814879056599011 2.484488745116953
1.3380919637498 0.06835302148486894 1.9233581740219425 0.26146295087538396 0.6528395434792024 2.811315231104005
1.3274360425743816 0.11021960770268861 1.914650567002092 0.30357959770204973 0.8469531438784608 2.577291384943843
1.3357633435141287 0.10560710918844607 1.6898036286478595 0.15702106378188613 0.6692117590928784 1.9994723366609004
1.3088686558989737 0.08862072137729188 1.7789692695005 0.27735962721273777 0.5863381604495194 2.5093996763466224
1.341285545152188 0.06680698046900163 1.4870993074823367 0.35506392100262324 0.8094843706641177 2.3538948993755633
1.3415295230524131 0.08176849713420212 1.4129479963975922 0.3192302963482274 0.6529459862688705 2.715099458389464
1.3403263793504658 0.12770407630430836 1.6973646011777466 0.28271139383114735 0.8542308431749791 2.4955634688930624
1.4037584100798663 0.11545636061750478 1.737571691928937 0.3025252866188011 0.7577813153695647 2.2495662574791804
1.3649303540623081 0.14989902693180943 1.9467217712415161 0.13232693007602178 0.8914101215799983 2.4652179713458717
1.382854536242851 0.1247373893674193 1.6358164155977912 0.34827612311519646 0.7360228534810797 2.268803100478496
1.3185180609548093 0.058669605269172226 1.4877498105181495 0.21207605257210513 0.6831855653531065 2.4065301325176263
1.393835320901033 0.1059533330748276 1.7803561619710013 0.19451436392649019 0.9346355808716987 2.63556399374336
1.3899511298707443 0.09463862782559966 1.5896880583957258 0.35789374209360925 0.6477766360009156 2.860133101654005
1.2908890107954307 0.08044952539208389 1.717578397523225 0.17997315151338128 0.7430890404217596 2.8194052756585397
1.3772083657810419 0.13674420178455854 1.8059755180516752 0.10421562404725929 0.8981230483346523 2.116905822495239
1.3327962160499336 0.027832205635846624 1.5514649888265604 0.242500714313298 0.32934708111164335 2.3134837950530724
1.3470230408886372 0.11099653621847413 1.659692310239195 0.1778325746932905 0.7822218089185025 1.997995683846217
1.367870582685176 0.13779826361531652 1.9070706628684544 0.15286337226242092 0.7786916137989837 2.8020634579570007
1.3579228026278851 0.05808803986238974 1.8352700235465718 0.23729909472944716 0.7601697945139483 2.369245062894836
1.3980062536432114 0.08605143175247855 1.680132281308101 0.2818750266805546 0.74596821384822 2.252426818069533
1.3241021004695503 0.04932059360056678 1.4328477157147121 0.25196428174457874 0.43883299693203337 2.3345516230633407
1.373992091666198 0.10267234706019072 2.050302910239892 0.15303946344845426 0.8491598637430895 2.584172135853368
1.3658258531289345 0.10536481875170416 1.4846322182063354 0.26721032728067007 0.7214717090827717 2.7566616855673027
1.351497246966562 0.06779878061800435 1.4304580223072048 0.28951001526337133 0.7051617146366834 2.786812902440592
1.3905646151768676 0.12952626345684 1.857813543386563 0.0716413727009978 0.7881988545018994 2.2034150996169934
1.389731027996861 0.09694625645055611 1.5912889997896023 0.3733031790555942 0.7972253397973939 2.60381225173882
1.357486156232886 0.06915142840694269 1.5849047439886417 0.34849740005776036 0.8496740127739981 2.6467297009928585
1.3055368473430202 0.06769483524783088 1.487475463635045 0.3027520329691674 0.614185123473962 2.1798786190890613
1.3686821340624797 0.0751443464651879 1.9179187481571978 0.3086591211555207 0.8458407841674037 2.111634421301317
1.3852399902332269 0.1193943331381098 1.8794694587537846 0.33365398776306193 0.8424314792677933 2.1342269444682813
1.3507476886862555 0.04842952180437772 1.4403771860094772 0.2697372721264995 0.5656557688592617 2.3920031679359477
1.3692137068548218 0.09303999858936716 1.8105086798756713 0.46828471436886193 0.766962211140862 2.8757512318064915
1.371519287850169 0.06284159153960236 1.7630066074636517 0.22354592414137198 0.7251487492041605 2.6839995701860877
1.3287124798290022 0.12411408195134407 1.839633903511353 0.17066143720054297 0.7480370389264925 2.2418461804346426
1.3472016849703028 0.10891435407882102 1.999345805658776 0.2740422463889376 0.8810398676536623 2.7952736176605733
1.3330428553660394 0.043627366232167286 1.4359149355263185 0.25343863473448697 0.4347461646617133 2.615551917167919
1.3766986212621737 0.12755902968449498 1.6696773771703604 0.22817209863578014 0.8569606215597698 2.576573685383296
1.3343900857796362 0.04116544673127559 1.5821892136962932 0.26272288344694117 0.6973367991130792 2.8871112353375823
1.351215741370729 0.0631394001824595 1.7931361284926242 0.20236900576318553 0.5886195020948847 2.624196898485955
1.3835777592066403 0.09759309204258453 1.573053903954532 0.2308935412088716 0.8142530508904812 2.5751376144914375
1.3705987575928726 0.07801352682091985 1.4792116598399137 0.3009167753658074 0.7609242025875222 2.7561784103538916
1.386345735457487 0.07457236994814898 1.6886581992458272 0.28854188320253016 0.7052592713625055 2.1499101335975563
1.3426377632261934 0.0503641890776565 1.4847480558504773 0.2137517012843832 0.3481542827502386 2.1477764478017467
1.3450693227291284 0.11775172631724098 1.9252124575042493 0.2730131670742789 0.7885511066059196 2.6398943148156757
1.3757424227358692 0.0710764035952619 1.5691906620717035 0.3111027006623054 0.5186571773291316 2.724704065102828
1.3101998475939793 0.11012987612923865 1.6507203642899482 0.2637716672249019 0.6504529578255431 2.561716091473525
1.375590669410205 0.13921727382791468 1.8743899116254694 0.08296159134053573 0.7996327372644225 2.6601565122227386
1.3645582918774848 0.07535268796578676 1.4444550792045787 0.29997076890279056 0.6730111454157932 2.5373548262112777
1.3332665568249626 0.036616676501774276 1.5428811463399081 0.22405983418866388 0.6087621830579767 2.4893694315481665
1.333797745305456 0.057679081287864274 1.4992194729962933 0.228531935023457 0.731818264160183 2.1660024648235536
1.3690188813089341 0.11179508655492106 1.5494447625262135 0.2447133277809357 0.7787370857084842 2.7612369895063766
1.323008271407281 0.08984758019766448 1.6753110265636586 0.16747052239359855 0.8567293006486416 2.043959025586037
1.323241698315635 0.08512170130198397 1.7137100720505485 0.3737870347106539 0.8273557007101235 2.3923521418224905
1.343178252442746 0.07061988725685218 1.4379532248756712 0.29533364864854483 0.5148602174678341 2.5065376413663345
1.3446748612961623 0.12104180106220772 1.7071470126586494 0.27229767377587655 0.865747751073125 2.582152374121995
1.2970780601950442 0.09036798202149239 1.613414403398894 0.2512010085486932 0.5676290196705239 2.1287878238248075
1.3931960327019606 0.10980380683544914 1.6030156552404455 0.2599947963585962 0.719219381567219 2.57400836754864
1.3872271971014307 0.08453020402564305 1.644376462902855 0.20496568781927538 0.8012748477811535 2.7264639072995984
1.3492228202035392 0.11318074479116655 1.637173905717596 0.24954069941131002 0.5637478532866277 2.76464572635203
1.3437460091192557 0.06737985243432766 1.4687569160439802 0.3652284132383266 0.7340988625539459 2.610963106355684
1.3290776479186053 0.10077135635130743 1.5505747641570173 0.2825105080698723 0.5180062464219276 2.6746157125820296
1.3673033545530713 0.12980130167886772 1.742792577119118 0.2972119172387495 0.7972854092956687 2.8691470321520796
1.3664110071546243 0.12539008724156253 1.6611741593199025 0.273358932402602 0.687792487062651 2.892487756374913
1.3355017351328518 0.11118753343080887 1.6894189423416908 0.34430553526028157 0.6859438067068893 2.8008429895619047
1.3615636307407928 0.0937460670348788 1.5583743012232376 0.25708984627033965 0.46760939435601784 2.4494196436532047
1.3445178962262667 0.0916618807847882 1.5866180705400659 0.2687566796106011 0.7626894028002119 1.9965109355675645
1.337580832946755 0.09670660194136278 1.812627106462795 0.125013007101958 0.6621150975998037 2.0488175976291365
1.3163173242318322 0.07870167765525282 1.7660051194664201 0.16269121424575334 0.8875377291641298 2.6694471362222605
1.3580158683249879 0.053009049112249206 1.5903426815057284 0.2932057159979331 0.7358519937024263 2.324838362841163
1.3341725295034235 0.07501964560101315 1.5324116436625426 0.3166650996881347 0.8222388961224485 2.5027617707315786
1.3542321746070558 0.07414861019965366 1.6808003763339165 0.19211917434409265 0.5291410730607015 2.068940301953443
1.3817342112370787 0.08890321717238449 1.9309361456427712 0.30279820162424764 0.8353735140797991 2.363046854387089
1.3394910515322878 0.052190994160217184 1.6962110154912942 0.174647287742527 0.6301672346353239 2.206741309793613
1.3580350338204712 0.07743788414520361 1.7092080323792325 0.4415346194662816 0.6894666650306343 2.799457920827617
1.3498814677929305 0.11141223342249057 1.8093395679001496 0.08055046541723201 0.8485253860617946 2.046122410754863
1.314260083092706 0.07314366422065924 1.5477636543504198 0.3512503039230758 0.5919736204722861 2.2371527821531485
1.3721878906545664 0.098205332419216 1.584268895820026 0.37568306399171797 0.6732519046526756 2.6197978065398564
1.3781261136433538 0.0837427766755057 1.584855414701157 0.3610935520256708 0.7928133472975036 2.2563436660527
1.35894308392429 0.1055198777779777 1.6333030343828225 0.3613207653131874 0.6484304448971199 2.4929727959045436
1.3249346952591416 0.09165111455829442 1.788824809565398 0.2978869682293402 0.7436902027640818 2.036031594866571
1.3673847339719198 0.08978358778621731 1.5882819382987619 0.42088849791201804 0.7612837630795758 2.6556991168921846
1.3816813172048892 0.09450653662362438 1.8485736868304818 0.26883720457443777 0.9104973777153001 2.8455714427555256
1.371084269019922 0.07961381120981752 1.5574153054236652 0.35087589321368035 0.800959840808444 2.886700177073425
1.323875569350554 0.07351922879467233 1.6524152639813994 0.3859504937770417 0.7128143154761224 2.0817946044528464
1.311538049280449 0.062121030582481127 1.5967688811488334 0.3471486754193385 0.66338332103799 2.4469656703230087
1.3208254970555928 0.09252856869481053 1.5179019363852406 0.23375642129669705 0.6759694008843687 2.2538506586623117
1.3349680633479288 0.03676981375134787 1.5742878079727336 0.21708039468067492 0.5102139451683574 2.2379948991199505
1.3287148258759593 0.07752180249218153 1.7923392581747637 0.09389697193033134 0.8046992995158313 2.5467773722771097
1.3258937607585137 0.06496943836865626 1.684654346193379 0.2059960171691079 0.46791457918595447 2.165267520302613
1.3277445849255949 0.035268784879551957 1.5764408642743575 0.2569049443332345 0.438501638459115 2.703899773043878
1.3539280854300628 0.10122889894336921 1.8707656807155504 0.14045487175803317 0.6741020097618577 2.8853315923532126
1.334723355099131 0.04363289800568136 1.5414944663287464 0.30789318257956194 0.6300356420333447 2.749657029114733
1.3568940991937655 0.07096531454120779 1.5077683934615644 0.38208771117484314 0.7149151168829166 2.2055949859070716
1.3516229112722176 0.059979623836158354 1.7545007592070527 0.30048077114252664 0.5971062255876441 2.3324164954237614
1.3064695726301587 0.07877395326308087 1.6260579845129126 0.25305537205214546 0.5040241723231096 2.066221719878312
1.3446712248198973 0.10854579135833338 1.8793497940481934 0.14908422106249516 0.7046855206710637 2.6345783817208996
1.332438220669594 0.10286162961913838 1.6647831947652478 0.345348768427914 0.6557650972230997 2.649688732279508
1.325460651087364 0.06830311233857779 1.6034971384089827 0.33235446475518776 0.47985768510255705 2.222715039220155
1.3131188013566766 0.05335058716610004 1.6503405374210534 0.256542983538928 0.7549416609426752 2.870927452249309
1.3668501600361707 0.06974799547866078 1.6906066200983831 0.21519285736587615 0.5808180251493069 2.704961711919004
1.3640341467219024 0.09429232100162169 1.7702641211253807 0.42976683345869027 0.7891223948539545 2.59583194401522
1.3393002486313912 0.06717360151448086 1.8647775176078802 0.35983430812270434 0.7709049844590621 2.4480768730130453
1.3464403303726398 0.09548692547328866 1.7893639824070626 0.15589334804171973 0.9281626445213147 2.0690320939315447
1.3508060387035883 0.10099226581758758 1.5208449750724649 0.23157921394039946 0.6079462716252322 2.748660520051179
1.3256890236267498 0.1162866083543133 1.7115092841877826 0.21734127476763312 0.6948699142823627 2.761244776897114
1.3939606831054558 0.10702634114597942 1.9767979863865044 0.16951248420019813 0.909872700720627 2.8773119430092744
1.322191094711651 0.08010868877259458 1.7054864344673835 0.37184461839703126 0.782892564993251 2.166397000897701
1.340578958019897 0.07125841762577394 1.718173787813748 0.32275702631034847 0.7564566051325031 2.0095420435764466
1.3834501231510175 0.08757782730352917 1.546465730862669 0.28116276481929914 0.7078181642666228 2.754977148844029
1.3523164029728085 0.10381196856969102 1.7388079499712659 0.19153157224302927 0.6106470831091305 2.6410580143001634
1.319999383668125 0.061171910368938064 1.4979177060570543 0.29724385760993405 0.46055256317688587 2.424911325000858
1.3806110552088608 0.08703817780028678 1.5967780528835755 0.23440682534349574 0.8031650196583228 2.369350789372533
1.3604857015772673 0.0737884676602842 1.771120171835878 0.3222504344377558 0.6139911078356418 2.7551143939860703
1.3467036481506494 0.06861895203770361 1.6283966393598028 0.4206367263498735 0.6638030776531111 2.3244777748115157
1.3587189982629042 0.11136908782310134 1.5801567247364359 0.24519462929343538 0.6445662135331046 2.1008293584017705
1.312326400116783 0.07217641866434688 1.749866143425813 0.13720100253295192 0.673177944077277 2.4384021501413304
1.3736852373235175 0.09368409154068952 1.9384283894391405 0.11631113445254211 0.7699527311163419 2.110185272963862
1.3408038469070003 0.07684995101332721 1.6032443805541607 0.41649256622080977 0.7742174021674757 2.5133804576123047
1.390261546877004 0.1155403120301901 1.9033768594057152 0.05061695217881942 0.8051244385302555 2.581540187531096
1.3221017609862018 0.08857792771908228 1.5183247393913795 0.2918146265231678 0.7065111864806977 2.46839507431253
1.3301843473971144 0.11988338171421008 1.8310036457289403 0.1682196598831219 0.8635160207936395 2.349908584549271
1.358015839062165 0.11388094197530198 1.5894238200660644 0.23139435819385698 0.6606692205017742 2.4306307257662016
1.3365826221879116 0.0921114452403608 1.9103777421132682 0.09712920030103693 0.8754303241476314 2.893438193723734
1.3283799164208014 0.08308415840148714 1.6555225159805134 0.3118986964641293 0.8212034370386171 2.058669161824459
1.3470369799589113 0.051198227932371526 1.607900172448614 0.3327392505298515 0.546922583511823 2.5128352921961006
1.3469594904909266 0.08074086075154309 1.4978100531593614 0.36283440839895326 0.6810015721783766 2.134944843612049
1.3070370302776555 0.08828182801844055 1.5605343146830104 0.27157496235691686 0.5939359269012978 2.2932526468258816
1.3444786348713298 0.09222806213575376 1.6721893857722692 0.358265914480444 0.6058858181227855 2.383559967564182
1.37904801030351 0.07642105019900357 1.8460131808707487 0.11048717259456965 0.8134953533905475 2.6745842126139365
1.3357121897667399 0.06453886788197932 1.7463593717244557 0.3109192255957019 0.6201297789249465 2.0491872931104345
1.324255989065722 0.08018172476861556 1.87256824181937 0.27093144988131623 0.6899498929321563 2.2807540298233895
1.3459647257098688 0.07079923538858461 1.6818328059474683 0.4258877982443455 0.6992353709314423 2.6698555239200004
1.389474818968284 0.10142773359856393 1.906236206079635 0.09813565145888269 0.7710678022671109 2.5240238661908747
1.3288445392146007 0.0964244911029757 1.9070625193533814 0.2601666823298729 0.7778374864108482 2.454342498710825
1.3210914986409206 0.08392525359809846 1.647667640699923 0.14697579513550896 0.7194508738631894 2.881598158614376
1.3187145177373616 0.07633681540986374 1.5622102163024834 0.32551976333167465 0.7148690405255512 2.0921093948193645
1.3380278373943666 0.10491141333690772 1.5832595654551396 0.31819596709408693 0.6639427983230514 2.219881874642806
1.3187372836551323 0.07316547558197424 1.5157555573500532 0.20419532622807887 0.6323245080281354 2.6387526535726598
1.3306171049375595 0.05081071817288355 1.651770756390707 0.22509280266155887 0.47562309835961075 2.8215529788971954
1.3234046402284854 0.07189840486263481 1.5055356962095607 0.29111228377783505 0.7187603758783948 2.121150975940477
1.3268490279079381 0.10703950128214032 1.6631613760565034 0.1746515743674179 0.7543556514399237 2.4377864819328137
1.3682218725167825 0.07735041496225396 1.5586258432961742 0.3676079364824768 0.7233744154265727 2.298235543890356
1.386188832365076 0.10409855993178466 1.936686059298022 0.25222180169514824 0.8635765913738656 2.3010953687640345
1.3870650161942826 0.09502221498430076 1.7330694081858218 0.2540908573708521 0.8722715556754547 2.569989264718497
1.3758597449801604 0.0785190557465472 1.8595461124136694 0.2428302893397536 0.7600294027491415 2.138620546286377
1.3622741846463833 0.05537351056304022 1.6028907690502048 0.3034863973514097 0.6326711479813762 2.4153652065981643
1.3453331802614346 0.09965840671762921 1.6562625254401246 0.2172196873402144 0.5503853070199571 2.574283435336128
1.336269965366634 0.06965330904783153 1.5839648934716122 0.16444319563633597 0.678974751319669 2.8288094882779027
1.3864525215918106 0.08978076208048864 1.6427318491991687 0.25307496579341493 0.672023550123127 2.47220743405851
1.348014996680708 0.09388744574324462 1.5664349710041496 0.3658887456518215 0.663358528891385 2.7715220071376407
1.3726697377475037 0.11072126815295821 1.7257921779745988 0.3428179549422954 0.7660222054574839 2.7251259759857445
1.3566813840199174 0.07842587147530752 1.624201741763335 0.22264437813538873 0.4976989080397396 2.1139068865283877
1.322818075410514 0.05653856192526317 1.4974902826847871 0.24226335158445655 0.6594726942394058 2.4375281445965222
1.322043247387732 0.05973955320772227 1.4726519930758721 0.240167554003301 0.5460267126221481 2.4793447688831938
1.3224874506549322 0.0945344880942222 1.760336300472646 0.1482704863467883 0.6589370979401418 2.486081612279143
1.3464370105412649 0.061053703449170015 1.5944750263435 0.38321570672230687 0.6483234897510334 2.2502647003190686
1.3253313033169734 0.06706713003475352 1.5234411784460744 0.19982900680200907 0.45046386259735166 2.574105695291229
1.3549616465063674 0.09494416107109814 1.6704080112043798 0.355567062856518 0.7276771570712609 2.0578223636584756
1.3362524822659303 0.08253893885521847 1.8229661297907 0.18800237880243942 0.9152263169684713 2.578210971782663
1.3685869198694258 0.08632462486478754 1.597362193490695 0.28454712644665264 0.5428157742218369 2.206926134451173
1.3144893448274053 0.08352575856291697 1.591678100148013 0.27423076229124005 0.5007360956237334 2.3052308892779165
1.3127677350460654 0.05867401453426163 1.6420042396106598 0.32402693175859193 0.654585214436367 2.558713138672544
1.3509886150404211 0.09542852406369384 1.8384897921618817 0.26398528536826943 0.8107477718282138 2.021701486424254
1.3797895546253633 0.10151260324004129 1.5903788321016854 0.3094134186382983 0.7468809297817558 2.2770875059046936
1.356192499815498 0.07777919794034359 1.5546848297990437 0.3925146104905147 0.7182511413989352 2.4004393979478005
1.3109664638680179 0.05896610202861648 1.6283637708960068 0.23931500795031932 0.7640586239789201 2.3112317875988624
1.3103401388624758 0.055364792904347974 1.5712988132908854 0.19212661555590044 0.4668668891731999 2.759119375788595
1.3531902408639889 0.05085178096707881 1.613221735555709 0.22633489031152446 0.5691558208974832 2.5138832926191244
1.3686937673748052 0.1009774736126959 1.8463693863118058 0.3602121423373477 0.818453191299869 2.8932167971542317
1.343323339460743 0.09784033051831927 1.8901310266861895 0.09382550081025673 0.9191301785706836 2.4352027226834463
1.3332597100002679 0.10244190641185112 1.9159093619287884 0.2201547708269429 0.8554980511829808 2.518150937766819
1.334338897423587 0.08537926048933 1.7687678126804078 0.3671970639123192 0.6714819698779492 2.2426936611679644
1.3590700584326607 0.11156411528665372 1.7726834609871418 0.33807960168087453 0.8257596125077572 2.310416517888809
1.3450165648579917 0.06907622032596585 1.5694170431047798 0.1800972876566721 0.7143213700805232 2.63187533875413
1.3522560977637303 0.0746170499657988 1.6885480907575892 0.15231857029986748 0.8225593071725182 2.005760147718311
1.329033721478029 0.055132825607211444 1.7230948731736544 0.32761355460153224 0.6767813062114103 2.615468495841407
1.3803406204176867 0.10677679553114831 1.9552828268112488 0.15577258574451622 0.7914802770945909 2.2890273287782192
1.3435288605172127 0.07138682689445962 1.7639435131983825 0.10150135613939557 0.8078430783858465 2.706030541892429
1.361556712089763 0.07711883376343606 1.6039891905113604 0.3229141471704229 0.544663974498571 2.4573793436443365
1.3665492846874692 0.07366568484829551 1.9006072179743336 0.1829848998359572 0.8674803369465246 2.16465592802411
1.3402597153781517 0.12039677040211094 1.8171696995207336 0.13526897321179374 0.7794324550524658 2.1569333079705304
1.3693661868635147 0.09046828680120583 1.689892085453737 0.1578631896151392 0.863251329760047 2.34244488570722
1.300957322033082 0.07176492892585469 1.6967415193525532 0.18834495255084477 0.7466762727999957 2.287814351292551
1.350187507204046 0.07505053293137777 1.8944819997787006 0.22508586797060845 0.8910966076477402 2.381202770489614
1.3771742218198497 0.08402029952617762 1.8449711845651635 0.09951718906192406 0.7725297867486378 2.070100711851729
1.3817121124903928 0.12234002730415919 1.8538366855533588 0.22927048432162603 0.8412701379790811 2.29836367673355
1.3912498281829628 0.11336715890192292 1.8860626857768836 0.21935570207432048 0.8343321886597811 2.6341551883176426
1.3082594992113659 0.07117704512999647 1.6602812347124345 0.3056938574643712 0.5862070118768191 2.8567528996845826
1.3573326725216361 0.06829396214079385 1.6640084315984496 0.2287457460878858 0.6338569852726709 2.0135264033685747
1.3662409984045691 0.11315665948394456 1.6066354669945524 0.2498821532102467 0.7114332879195852 2.741980713548314
1.3521464973227495 0.06201816812380468 1.7749211957057782 0.15999735672216953 0.8540803248730726 2.1935939774945554
1.3418070433099487 0.10337412585666354 1.5776559521574054 0.28196208864332833 0.6032240713322108 2.2562078920345483
1.3344407344364264 0.04782793133562927 1.6437631779138497 0.263284070518753 0.5007141044839976 2.7601889910591737
1.3266660840925575 0.10869766109834975 1.8757525572858267 0.15633982594771403 0.8483570754610731 2.1783873798949216
1.3382794761487518 0.1068187345075706 1.888414818639059 0.17339190307412541 0.7463257142650469 2.4211878505353233
1.3731889892407287 0.07718666437315283 1.6039823431417721 0.3357663922443186 0.7489095661983465 2.8082862850622012
1.2996737091523793 0.06614331936414693 1.6507859013213486 0.2623574413042477 0.6571741819855458 2.288397341767976
1.3161882886111782 0.09593245493141282 1.8276732455498839 0.1692135463707175 0.8443554550444421 2.2752477047432893
1.3359194162949282 0.10947230462042826 1.6736215543528208 0.23682265195653843 0.6337489242235307 2.5233214633761416
1.3264669221033518 0.07464734023488072 1.8143544593533782 0.19529477005756055 0.6185722936194888 2.337079832611772
1.3671516540766204 0.11233198652005076 1.619331220412228 0.28624262564113145 0.7804020429122366 2.779737563576719
1.3422506894660524 0.08834151004787864 1.5265005503596796 0.32491549280734944 0.757550013050214 2.3694391348876485
1.381608944130234 0.10546784987631044 1.9351794683055181 0.1801687211689091 0.7932669490572467 2.14167307162689
1.3932474090532931 0.09515432262018408 1.773795313989155 0.17055857538444644 0.8492229403017589 2.8032657999995156
1.3355841110693087 0.08721807409213862 1.5784440049100525 0.2075566436854076 0.7965926562049662 2.7732782047523115
1.3523287588286919 0.07862585697558454 1.7925120341821006 0.13563663478827692 0.6388255023886904 2.1454370493415675
1.354477723315875 0.07054574593804953 1.6235615742587648 0.36314517019974496 0.7954665572369293 2.542694587664488
1.3073480570548193 0.061200074271844554 1.7475895174853395 0.23011992102695086 0.6797890300783107 2.3456041024955248
1.3284539728576321 0.08568155668151997 1.8620181462249903 0.1924232483405287 0.6802392815940327 2.7164467449328966
1.328172075241568 0.04023297418512877 1.536937187912234 0.2654822811904313 0.529310725392322 2.7429360378337053
1.3255727881243335 0.11294458443638308 1.7367513177310894 0.19499137147409581 0.7564848060552429 2.887520039870855
1.307707924182159 0.09253910195877502 1.682519936788763 0.2588186117473694 0.7205253958949772 2.19019936770351
1.351325972865736 0.07889293499396575 1.76809283555396 0.10418212561323006 0.7202215800086273 2.770550923792155
1.3657974728963993 0.110921264310936 1.605536528891427 0.24271284367854554 0.699279819455753 2.8586359234286154
1.3625779257913546 0.11228737760022343 1.9118499639063495 0.17611676068459575 0.9244955581497832 2.8464460810466106
1.3908522041730078 0.12353805506614075 1.8281476341265388 0.13552325580168334 0.8332084290900554 2.6162819994168247
1.376916241565513 0.09399984873121829 1.8640244599356013 0.21999989234875958 0.911839828572474 2.4295368070406154
1.3326439998559527 0.07727766693003817 1.5753759387899104 0.23002260883154332 0.8164628124679965 2.544983287982835
1.331312946851618 0.07750833503699477 1.5996901280350209 0.16455181557996632 0.6387582539819867 2.7671245605535866
1.3488776946861745 0.10804301640646245 1.9447047510836342 0.21978457857178837 0.8382617495475256 2.761874278923748
1.331144021347706 0.06597670861784251 1.640754504183373 0.1841587287477641 0.5031324730264404 2.724142585915577
1.364448478219177 0.06523316542020431 1.5178952447424903 0.261702736627827 0.5698447255615373 2.23805739524822
1.334248556615235 0.09064214151675609 1.8584130234191416 0.2652116684424235 0.8707727911354723 2.813914611137713
1.311937273747108 0.05292402317085088 1.6493005970674985 0.2462835521874381 0.702767883902985 2.3601627409000754
1.3672930163687091 0.08395984372299331 1.7356859789590477 0.27147585770329297 0.760561500249536 2.0235149024235706
1.3772130095865474 0.09215798549111429 1.6915329089313584 0.1601235965372148 0.8005725624220905 2.2340034631601204
1.3453953638333382 0.07916063024860161 1.7157129608836685 0.37207089667021265 0.6368743459468452 2.6984555874329437
1.356147452008628 0.09484716104787128 1.8895349079650179 0.065668894822456 0.8981463411368106 2.202352108832977
1.3402934461376392 0.06881403976047872 1.887247264581963 0.28069556654944794 0.7744813994902996 2.1611350835229937
1.3464311995493918 0.08619712371182123 1.7544725416274778 0.38830332514328375 0.7106399250506273 2.47359894825048
1.338078755999738 0.0900577107422892 1.6237384907324106 0.23698367759800623 0.8500941903094512 2.152414059260167
1.341868013568759 0.09298039420123927 1.66677187290742 0.379932344256507 0.7397342066281763 2.536324105131863
1.3225937630954174 0.06087702780235157 1.5447662980799235 0.18915954812064215 0.518774463501076 2.890337489099554
1.3271747112445005 0.06133856571006083 1.773659732074625 0.13485637714780505 0.7785198567008169 2.380644151066632
1.368390332327482 0.1062502348415976 1.5930586492367136 0.24378942962676511 0.7495993115029196 2.705538886346974
1.3181925602476476 0.07591524181671815 1.752723054708066 0.29086665080423085 0.8092578568710993 2.2020158705356208
1.3523909916724293 0.10619691804742477 1.6576574597694966 0.33795088574774484 0.7463846078228418 2.379700704388267
1.3515760746306185 0.10519389819626304 1.924450671345955 0.20823860524768564 0.7715117816930968 2.758415703661368
1.3505487982520792 0.08171357469227787 1.826016673518189 0.225258233280808 0.629904277360574 2.3976921277540506
1.357604145623809 0.07314059319102881 1.5322094892481202 0.29168272549864116 0.768259320820673 2.892702316291776
1.3715441873040715 0.10695082691605914 1.6319733060180337 0.29754666955149744 0.7083171594213175 2.5577524736139403
1.3522920169680612 0.08838022061035512 1.60502401297043 0.22536134351579679 0.5181075894890829 2.2139579569121457
1.3245242375663817 0.05333932534595452 1.7009702984921424 0.2729291041486583 0.7293091104215894 2.6674486313103913
1.3506176772994607 0.06333019175823153 1.551550140705018 0.23552210306690022 0.44656877877303003 2.5254004110100143
1.3481749268812175 0.04831789549290377 1.5188696336829859 0.2403288298803089 0.4992559864409854 2.8433277566200577
1.3030152942760316 0.07602858032375553 1.6410374591206942 0.2741884581305959 0.6582789772994747 2.568710373969219
1.3796252594636997 0.10026036890360628 1.703131149349868 0.22190064841041685 0.8687371964923518 2.3287438349201586
1.3741375724289764 0.09788886548874592 1.9685080411334344 0.13445006599670087 0.8387555679172074 2.123788056702639
1.3427728147493228 0.06161880395235761 1.7314790836041452 0.3153921721067015 0.7980044284129765 2.362194618446792
1.3645401261278283 0.08264251843045078 1.9078637169677592 0.23523051890871274 0.7435718437336613 2.7165914785549012
1.3209571374773046 0.06235238886038938 1.5177433072865427 0.2518586610996215 0.6883313105102614 2.797291520056875
1.3019962147051425 0.0811340184076893 1.6518318320654697 0.21682074760165257 0.7188277287286456 2.4048972111667917
1.3576860079198343 0.08326203161760162 1.9354992845151213 0.2365099547059551 0.8759707548532341 2.6377521430190365
1.3610662460691267 0.09471442175201684 1.8210311406760686 0.20564807330414195 0.6614574518398759 2.3495650182666794
1.3187672579720908 0.09506050486608274 1.8105673386144616 0.18970736719986023 0.7110879826245953 2.4044340810649647
1.327548748047477 0.05715057025857031 1.7451022685244078 0.28952879336850984 0.7412964876766641 2.729208454520405
1.3098131763510912 0.05909212487441132 1.7328164252985498 0.23126416596073554 0.6548178251157732 2.248233182118398
1.3062321545255715 0.0508900197151662 1.5859682994725963 0.2279259637915202 0.5717079236113335 2.839162250235605
1.3462096490742739 0.06404989456703478 1.8631092294700817 0.22254777806197637 0.7443671883822885 2.5422106062494194
1.3282441361145827 0.09613372067238776 1.5750866084961328 0.283858529947656 0.7265848968918676 2.4888649558552585
1.3779773623297191 0.11624469448956769 1.9187334220751322 0.16372667184973794 0.8038994822960797 2.219840036062143
1.3672775071941257 0.11773716567834139 1.718660032648594 0.22282640931417527 0.7574446403823223 2.7554904886026623
1.3407965055613174 0.0979382706931355 1.778028135695597 0.34372803283067016 0.7715701401202798 2.750253796115426
1.3196708220513935 0.08785777089090722 1.7294937102873225 0.3053470319949975 0.6692028170872907 2.4645822656533016
1.336666083612585 0.07276413595840125 1.8448142768180893 0.3174985922384607 0.8103509649262022 2.8185994039301625
1.3247029838288404 0.09187242169931087 1.6326485513848814 0.32059295746116623 0.7367306605958072 2.5294827102290625
1.3251298916969756 0.07812200486963818 1.7993767338832338 0.1113025968299642 0.7938159046665192 2.455361788506553
1.3663198512663022 0.0756552892628382 1.640912259175273 0.31697880909653403 0.6233537404377427 2.1426306988326833
1.36978928309383 0.10362796029843242 1.7787853064744779 0.32769444666802133 0.7868468403888863 2.7247133751398107
1.378303273383962 0.09838951747852448 1.6874170916387992 0.18954783726290544 0.72781933244504 2.5896992839151567
1.3740890331880178 0.10272869762327645 1.6714068012719574 0.3179940811293737 0.7890998988607151 2.6602046681263016
1.3107819711228739 0.08781529567785899 1.7424558944141757 0.22135047074219927 0.7954897069840738 2.6051278960972826
1.369333161867838 0.08310123050871213 1.903908923211877 0.12814615293081635 0.7772321505005633 2.5871982799909112
1.3419419095920322 0.08869187407490364 1.5843348512625437 0.32617004985755843 0.606442626327747 2.2286575926879517
1.3560581793135629 0.11752150251139896 1.9280780954220669 0.07780582039370518 0.9151218213909109 2.60681673881526
1.3314714531337706 0.09195784070917486 1.8385544689911657 0.18188263333021987 0.6898763339085944 2.130866863433889
1.371518971521505 0.0921226186992188 1.7366651211527566 0.28389145350121564 0.734963491451092 2.063807369962994
1.3586716714056384 0.10288071853046335 1.7258510127432438 0.33916177408441817 0.7678192286018929 2.1770339390292586
1.3465057810701582 0.10209397710242865 1.7827281210503958 0.2820636123087171 0.6918588026433528 2.307415037542824
1.3577323829584491 0.11507355334514326 1.744910504338189 0.1542892182621146 0.7869838519282688 2.3988207059538227
1.3262039071348335 0.053129885455053136 1.533890656641602 0.2707446609818573 0.6581238683835273 2.459026349291139
1.345086983597135 0.10799442138979405 1.740930386455532 0.3021913635591027 0.7619005803549405 2.3951563093335313
1.3293301684333056 0.10186530857750682 1.7283615122597176 0.26451124305744567 0.8196258695729383 2.572847991224525
1.376991445551414 0.09549545888934487 1.6045323117778265 0.27237992143038287 0.7150998962987208 2.2331904219881302
1.356414083884724 0.08868752390072893 1.750213297335411 0.33099510939240223 0.8177397563990203 2.0798043168978015
1.358947712810433 0.08077938708648322 1.7634641662392747 0.3193544229183846 0.6606884575470063 2.1741408661316806
1.3692208379289668 0.10503501370244385 1.747607981233994 0.1315164862911315 0.7893725526605299 2.647172563722948
1.3271532297815647 0.05443293825797734 1.598296094717895 0.1861706319643139 0.6407186622025712 2.1111139790634916
1.3442859170534625 0.0666285102969712 1.6687476296089372 0.3115420332384318 0.817759658431557 2.6068442174589928
1.3471835706792357 0.053244210998710594 1.6657738263544868 0.2527744050293478 0.6892259613026646 2.2186802030884802
1.353703996922151 0.0602500945339713 1.63617144000238 0.2398016113680139 0.5447759255919089 2.467803196864981
1.3497259503704744 0.09406514631363115 1.81105059710589 0.13165633249845718 0.6816799597550803 2.709693530722314
1.3529975593442305 0.09574951964721037 1.914606791693208 0.16779401942219152 0.7467570672240341 2.643878304129809
1.3465752394842194 0.0973765614741428 1.8549955045595916 0.27401025584823785 0.7301796941970856 2.4401833601680605
1.3483039606013647 0.06348499145787212 1.5841172156776189 0.26603812659273485 0.475019862311667 2.6736451980774865
1.351976050073012 0.11293174089803548 1.7491384775532206 0.14925171232158638 0.8393973809571613 2.3086171389864636
1.3405270771434905 0.07091273686571295 1.522710153191377 0.325041030174591 0.7087258691783533 2.742633591212089
1.341704572388485 0.05199362856401067 1.602098289193207 0.28938056304638304 0.6815266068888663 2.3213964799789624
1.3713180014664959 0.10781246336957961 1.8018233059404196 0.24412191137454323 0.8816799354675868 2.8328417851725374
1.3155696250657156 0.0854072735748516 1.644420941881974 0.2043299594151564 0.5952545251224444 2.0748670641478015
1.3557960892207308 0.08605432657620014 1.9313165411627713 0.26000199772311783 0.8396600977747452 2.8294321258025112
1.3738796850799746 0.09518504555795675 1.7592654628006008 0.1661286246879223 0.7009555929174306 2.778960892059338
1.3378220428630194 0.05048277003087694 1.5987125279248795 0.21405058283907147 0.6542947460518787 2.247433038939356
1.3378465390133207 0.07352160809929621 1.8610135188144523 0.2809371212345914 0.8257019936690442 2.2059692182527963
1.334923779748431 0.08533578698860263 1.8440536377419052 0.1650348585621927 0.6790146110732417 2.7090753991009264
1.3042014962432915 0.06396824231180996 1.605082088304639 0.22381635988088372 0.6733784893831869 2.24065334371485
1.3242721142420502 0.05120724452195244 1.6889917099072087 0.24865100513835792 0.6327249248081797 2.451178169492917
1.3355669195397524 0.05448734207832347 1.539641261248364 0.26916844078132973 0.6859529895890276 2.7622071749468438
1.334213871750066 0.07951519806371644 1.5646647102751923 0.19038849929404042 0.6089641904190045 2.7910678856713456
1.3399580014530912 0.06813784991928175 1.5256714080511014 0.3006540360512748 0.52637872122665 2.238463428668446
1.3672976188328574 0.07768280758197481 1.6073104947469898 0.31573278792720705 0.7646467546787264 2.851627510082161
1.341461681846547 0.08760386976987002 1.9295036744449674 0.23043667865731346 0.8249692578019482 2.8232387541185227
1.328862663899033 0.07664761795107179 1.8646689909639766 0.27198254504341446 0.7802029933172214 2.662647724047834
1.379353681770434 0.11157464973817316 1.7755323864715997 0.22267263971173168 0.782762352164529 2.5440875266418685
1.3301646827656552 0.06180771175439251 1.7320225286421387 0.32429151800905714 0.6732346633546392 2.698847888186933
1.3352517014051088 0.07754107042500927 1.892094251572762 0.21525779767433773 0.8490848086250773 2.834085833936967
1.33128828310983 0.09269196288101383 1.6337280874220828 0.1774904536378159 0.6665584085097608 2.6143365394560094
1.3291459108715042 0.08927269832707915 1.5408257675656998 0.25857667950034374 0.6386793283810843 2.626135206414065
1.3276203680409284 0.08160067570814573 1.6546494041795432 0.3294231510774189 0.6214747977454153 2.2774856557175522
1.3652704762427728 0.07480664260359793 1.7909029750870702 0.29411936577696296 0.7324957881271632 2.7637909901275557
1.3581178494141108 0.07376092861777804 1.7073937845358527 0.32858410969439705 0.644670159463666 2.7707857006621426
1.3446425865656795 0.09508535048916039 1.6053750020423245 0.2508444030064414 0.8125284196323469 2.3346682909626733
1.352133941749815 0.07393196604958943 1.6278975129268694 0.36993189932262677 0.7245658132263353 2.3958864212311437
1.3473709713309439 0.09187992613800161 1.9043686341273474 0.21266197452047003 0.8617896791267798 2.085771151361156
1.379653741037764 0.10489635773375638 1.7246517926020304 0.2057719254552574 0.7547640131723108 2.336275601142444
1.3653882722188286 0.09923282427580003 1.832078233764247 0.24748355042668907 0.7550706656885561 2.0872996770464107
1.3563852518719683 0.06837079496990142 1.644384432965969 0.22344705700612394 0.5867564207688446 2.0723891385271207
1.367966698312402 0.11941567487235262 1.8407709621350947 0.13628811898865886 0.7917304084631144 2.3218706530206723
1.3767322348763686 0.08988291235911068 1.6831690359944158 0.23499440497838875 0.6803343770817937 2.4957993404810153
1.3499246557557842 0.10378390155486385 1.7781337819199434 0.2332150280780011 0.7053526405811621 2.096925532043264
1.3714889491523528 0.10824266067483714 1.808925084194981 0.2702237133951059 0.8401172266858986 2.561362496865343
1.3452610398702156 0.08123453107961368 1.78591177463747 0.11465951360360285 0.7009014391106124 2.65717758949968
1.3243593494297192 0.0649405202315232 1.6196499084277418 0.3199423902134105 0.7330054123874492 2.4522598202993366
1.322746944471299 0.09277662948496988 1.7210004396676435 0.2912196351811013 0.7595792625085287 2.356318429679163
1.36344040451945 0.07011639385502862 1.7670993646148 0.17801812200700032 0.8486739978845702 2.124505954163795
1.3342144585625495 0.08922819814725794 1.588725808615684 0.19474990540638604 0.6290343591593632 2.464661692481514
1.3581521814414792 0.07474942222241915 1.6284242316286845 0.23741573720449502 0.5424195351871439 2.535121217406937
1.3180284383783256 0.08156619710613225 1.6555290180080728 0.210476364517125 0.5486143521350325 2.374125713568565
1.3596830180601336 0.07522441381365465 1.9039010609129021 0.16814024779816114 0.7955124657315374 2.6327719016382627
1.3895301388482129 0.10307385425299977 1.8449606715107345 0.10134043666979493 0.8850289792653862 2.6349386353739725
1.3309955487558662 0.07745338159639685 1.7032501754924847 0.2915885306222953 0.5723666362790711 2.2038944316925377
1.3583077542114157 0.06456461796765589 1.5312582213441766 0.26962074364732297 0.6008062629615013 2.8988122824829476
1.3404026400317741 0.0801697119734094 1.7946524026153394 0.23125024360956337 0.8871832677499737 2.6218724909974367
1.3565438656638373 0.06809159377594165 1.7124602270137073 0.17085733029509617 0.6634254099355773 2.554649799200912
1.3507240882194722 0.09221867440611055 1.7900740221885738 0.25270393171857797 0.8892640374219587 2.8481160933904524
1.3283922434340218 0.09987725861763946 1.6892606758871624 0.1731587993618338 0.7187129893235784 2.551668429424017
1.329200574389997 0.06111279161218702 1.631371255101638 0.24605116038835634 0.47687458314461617 2.5311534648856076
1.331575906560681 0.08998789681741312 1.7895695233738265 0.2205639929298965 0.6481185767419658 2.6210175307526464
1.3904813092706525 0.10405454931141112 1.8876399458482944 0.16408699188869 0.8370547477037336 2.3874454773713216
1.3321703336880166 0.08316311264959832 1.6591583829304484 0.2506640603931816 0.8449543519491687 2.8181285085425944
1.3521080515112005 0.1135985300404087 1.806970274852679 0.14244073048637823 0.7674551720595104 2.1239677152326504
1.325908167902631 0.053779980840573664 1.5852160232180792 0.27667133131608895 0.49027460102600107 2.5581959086909514
1.3482441326547963 0.06178741916809933 1.5944972776783768 0.3096500879633287 0.5546766960956354 2.259569461227841
1.3480150172354965 0.09212005529313194 1.5761674596579587 0.22791699740072038 0.7628746098635648 2.4009372583936575
1.3468505448764505 0.09098681417169845 1.760428562197631 0.10821136599956921 0.8075097639674501 2.3191632661112367
1.3589243531052837 0.11345501370580648 1.7908756386981188 0.2465099818923599 0.7904726085962213 2.4460470394781977
1.3479675535780111 0.10870569172771112 1.6890088398520118 0.2334302141672206 0.815322865821959 2.1555275056772984
1.335772376100409 0.06637461814236371 1.7262377506693656 0.16216804586262323 0.6143200092534832 2.2328610630877175
1.326285430153951 0.07523161478810046 1.6288800055030168 0.21434056191169915 0.8170171312955253 2.569896907769156
1.3593040172606679 0.07146525729373666 1.5947675497051887 0.32745679748818235 0.6617003922484411 2.163755834930084
1.3468144668522593 0.09050731261254158 1.564820726736122 0.30507550217516366 0.7450507833091096 2.2828141750028137
1.3599946843929713 0.09045205594467863 1.6128081061030957 0.2419744822179982 0.7283221479093924 2.0457248884585746
1.3653695145330311 0.07259579405961614 1.8195937082730635 0.22956453567728735 0.7500695688193896 2.5729496643915857
1.345659017267116 0.056461950190743675 1.5998935586381615 0.2987445873137538 0.5587233429952192 2.6063685175460836
1.3209693534467435 0.07916536300590438 1.7281845412340489 0.17076657889329427 0.6216535114653468 2.401047048366205
1.3400058944912778 0.10397410066644176 1.804193791460548 0.2500169724719556 0.7390862752875248 2.7981657732145466
1.3276010892163144 0.05995406871060657 1.6407466668622153 0.21064590300504143 0.577122746611404 2.0337486280864168
1.3214470954219428 0.0751559208628575 1.6156062996248115 0.3158958939400187 0.7245596652265262 2.7567825543628133
1.3510606992125551 0.10486285377691823 1.882817598777661 0.12580219674483836 0.914555681799382 2.6254867612518487
1.3671124382546194 0.08232066999504344 1.7839416370095833 0.25150573627761963 0.6891934234332517 2.1597332932036513
1.3254990792557593 0.09599688963355782 1.8260869636170658 0.15989731381442535 0.7445227775552504 2.4708804548191
1.3362235883427318 0.07957405391658934 1.5482521252303347 0.2815433480200872 0.5402890255524541 2.463106961049438
1.3388408552313245 0.05928511428788162 1.7890870897501885 0.22297115389521652 0.7682123216673564 2.208094000824406
1.3622988732584491 0.0904395853882192 1.8834391376247854 0.10149191893794857 0.7768495511381924 2.2567970662142636
1.3176853852918962 0.0944490056882778 1.7120327691116954 0.2376334096646155 0.7713029921234689 2.3246173071556555
1.3286892166983513 0.07081198146197082 1.552833087106892 0.31431264349755644 0.6438954252307687 2.1248581117685905
1.3464594798623806 0.09321640848373648 1.656133749936994 0.18436594436979883 0.6342283012768511 2.53493198687651
1.3331334574575922 0.07919090260234239 1.5808321724716863 0.2368098282827549 0.7895049524815696 2.706277883624582
1.332535305283793 0.08361967001851882 1.81782897069077 0.21298945870798427 0.8768381954261937 2.857419114449282
1.3483139231844068 0.06973850022434677 1.8553040933039409 0.14725169680665687 0.8568629181879988 2.600122544178836
1.3599248595205284 0.0925552661057427 1.7617193291124125 0.18671091810354062 0.9021574941781285 2.6099656254045973
1.3519628046930454 0.07121996419238256 1.5705529431500636 0.2770715128196905 0.7779533129710412 2.308803477903265
1.3712412615909062 0.09875598438112254 1.7760322314626011 0.28449898239606936 0.760973543248722 2.151604034491863
1.3567995371766557 0.08213804504412221 1.865091051915981 0.301281284838404 0.7820821502947665 2.350746497317576
1.3429592803891093 0.0844787726554177 1.5311002180166247 0.2703896912940318 0.5938783111299991 2.299482345849065
1.334801832232074 0.10240366468929703 1.6874599498513796 0.1884338319850445 0.6926893446686327 2.40538812184245
1.3163441703269605 0.0726692443674419 1.6902893395663328 0.22517647638704924 0.8082397350655981 2.2337742362326325
1.3364200844350607 0.09977341828146985 1.869249137151355 0.15218409270217503 0.7620710117376802 2.755183280841767
1.3304580646673303 0.06520269991398729 1.725652073475156 0.30960617808907165 0.7750575143748886 2.439997908385662
1.3698444866450228 0.10562302863318918 1.9420813086859177 0.184722364656198 0.8611348479132241 2.844768077496038
1.3194891586861761 0.06356420775942027 1.5659872825135173 0.1937628670750469 0.5733667337774447 2.446631986313466
1.3663582787434463 0.08726710295657807 1.91586291010129 0.11185945933358293 0.8377068482352029 2.7050272260105452
1.3737833206279666 0.10905315513321667 1.7307479782613382 0.18745143879552145 0.7989984398482356 2.8433322735029303
1.3354937146441506 0.09089612489164721 1.7918630676137441 0.17540050037620744 0.8905172749048561 2.44431013571517
1.3381369524290176 0.07537004284094775 1.6226000368076963 0.32995798819079664 0.5919988673931939 2.819915134557704
1.3579911852745252 0.09954006276710597 1.8834398864459319 0.07469295651419545 0.8728032989466773 2.0932402321502
1.3457783984232434 0.07892035156598202 1.739185731829052 0.1533754638658726 0.8793038717168739 2.086746332397021
1.3225538959112602 0.07667015015556415 1.7862283668240353 0.22184445093543914 0.8120238860161997 2.0728559499328933
1.3790053689843162 0.10027077299210867 1.793131948002793 0.23703967603559156 0.8579900410372646 2.5422189772609936
1.3196550290373419 0.08414841504515988 1.8290801666660932 0.18435538473376004 0.790053582486949 2.1320015071247695
1.3683630035902525 0.11244936094882549 1.743136157976167 0.21020649145241416 0.7887135902953686 2.1651736014096876
1.365646342838107 0.087341829988322 1.6786006357254677 0.3117367955327807 0.7715619524477162 2.1008200827212407
1.3428884787783977 0.06135771466539648 1.6699849955017199 0.24448943864077038 0.5475757497210844 2.171336770502019
1.3507246875930015 0.06627770409199903 1.8520003315087916 0.18588690267029695 0.802462803009341 2.427258359078793
1.3398072143147604 0.09167830318417648 1.575581914755537 0.2876211681484856 0.6300311785206095 2.891704769113575
1.3751008950829233 0.0972256431537637 1.7603233486298953 0.1963662053078435 0.7200429777206933 2.6654426501853856
1.354190635353131 0.07998592129486609 1.5337492906840167 0.2900727308951486 0.6999983096081548 2.434059668106755
1.357866756955957 0.08606350427106803 1.7809596404369163 0.14382188995620349 0.9030178851060194 2.1749894073068874
1.3782377134277677 0.0955402794520505 1.8102819966032984 0.2474878648618774 0.8465413505800441 2.3303532535814186
1.3595386996417904 0.09679758965678549 1.9398210846000632 0.20429044859337245 0.8374074597742496 2.323909845993764
1.3337643018232401 0.07155993604567856 1.7876998904332644 0.3222100543665362 0.7514271915993904 2.6710518395384995
1.328122248987095 0.05726510590932752 1.6478228214563528 0.17488703074845355 0.6720617360547874 2.8885664343496327
1.3142348599134426 0.07723742928147705 1.594737187837823 0.20109088310704776 0.5827632198653805 2.533411247476887
1.3732064324472697 0.0996218630212911 1.7418678332302098 0.24878595366438125 0.8530003472863665 2.190262300487412
1.3690703695467925 0.08713752031417098 1.7354375156172883 0.20585623609661446 0.7798084395070118 2.0348293256671224
1.3526132978666248 0.09968576171261229 1.7647159046987728 0.3127027333667763 0.7619235095083545 2.7959031857677723
1.3324504358968705 0.08188542263116194 1.75326416693308 0.15932239925792474 0.6373128307435384 2.2020970447648964
1.33517935330152 0.07838687810545004 1.545816690654328 0.23327982345978754 0.5252663070997378 2.7702328118816673
1.3574509507929196 0.07354518463523808 1.7899172017646392 0.2300636524209047 0.6668105028413863 2.6422824656228845
1.3225458782981625 0.05936830942849132 1.751361268053729 0.22660254080402042 0.6595246903129355 2.3051791901614975
1.3296672971029388 0.08455885235888756 1.7286510962287878 0.13161528449380763 0.7389175515525302 2.524301276398324
1.3271049665191712 0.09256297192959585 1.8353963924775831 0.23317775951216235 0.7934930579673745 2.5850039075287388
1.3554324005883946 0.0703680389175675 1.5579094627863388 0.2729471145797232 0.5525701610626776 2.803435359268146
1.3424805754243092 0.08813589607669407 1.5918531889649696 0.22162971453743313 0.5667018315301516 2.6632070260091742
1.3453209324504785 0.08047923327103615 1.6782102742162501 0.2882980859920588 0.8448260258880365 2.307955087033365
1.3636596398238245 0.0822293987835945 1.7683397641456988 0.1195067022969122 0.7518997094634563 2.6998712574786268
1.3426502896289652 0.06890531535673806 1.8373688769686458 0.2640829893023684 0.720164343371755 2.699072862584938
1.3268267267660412 0.058047306151503074 1.6648654621183656 0.174367136524595 0.7285943190649985 2.6608238447668597
1.339457794002472 0.0894754158527792 1.553504535644517 0.2789597047225266 0.6803404716670319 2.2787073667388733
1.3380663935793793 0.07731641585123403 1.70200722250785 0.20162349446662922 0.612021481705281 2.03842092402283
1.3323536938134022 0.09734310637710022 1.8253776445167529 0.12910405332688385 0.7601180209201889 2.83922301561829
1.3742159387766053 0.0811943911867702 1.7196092480291763 0.24784144130485408 0.7561111899392117 2.1311726023862327
1.305075239030603 0.06863399725658212 1.6179186798208933 0.22961508292466382 0.6353961758532678 2.5942834265276793
1.35053023473176 0.06536442285290635 1.6605562609470153 0.32796914018210416 0.7287049446508133 2.550269573172583
1.3753257740415 0.10406139998652465 1.7125401776653368 0.24233070919403787 0.7926225958077048 2.254773758097107
1.3722256460172229 0.0856178129013225 1.747852666728889 0.290890619528371 0.7554264857406616 2.576865021362318
1.3156950105175254 0.07409619338191095 1.590921205178193 0.19338999875683016 0.6379269458050673 2.5072874180394504
1.3250580786468757 0.06726128981203261 1.8236772375421155 0.18658834962081342 0.7402986136653427 2.246986966968992
1.3186202674096301 0.059112877839168035 1.6104152005749424 0.22103905357508605 0.5011621334429729 2.155470846298711
1.3392134816349992 0.09541053386023009 1.7129356048646596 0.1586856255720935 0.8391023477172466 2.597019286120289
1.3560921911791757 0.07340104968990699 1.722809445565184 0.3248328934919905 0.685864714826392 2.3320621215929473
1.3383190633204511 0.09871615319312259 1.8407393120851268 0.14333315213043818 0.7405303944465763 2.659131857365991
1.3451178937954733 0.09863469806631067 1.626425025018433 0.28976073588345436 0.7505590894831261 2.3649501069362935
1.3724047013943255 0.1059037080656235 1.7356758402538945 0.23039834436232978 0.8338944180163476 2.305390139627188
1.323475834657609 0.05251782684650521 1.5448058956219253 0.24656442236198597 0.5843988580860022 2.7611402338136055
1.3178988263112912 0.0587045770018267 1.5597346282477274 0.21372217829888024 0.5232715073350719 2.405331685460404
1.3641149699170736 0.09158646192691687 1.7316651408493118 0.20723257545593127 0.8793056300164342 2.2164710716422347
1.315183577007273 0.08382353216944613 1.6022271017274998 0.24240326513886848 0.6868200408405346 2.45130937889797
1.3641688012768698 0.11220460886214952 1.746874854966625 0.20357248397166922 0.8139009308704327 2.5229683065906063
1.3660961153380589 0.07681473178306727 1.5846610319790058 0.24703360688633302 0.6665338825083987 2.372730980060773
1.3570419608114956 0.07201107658965898 1.8032493286957458 0.15406042735854 0.8724477215664526 2.785254413535467
1.3251940479556268 0.07075304572894288 1.5970084771835569 0.19893298495003006 0.722400785112274 2.070519401933417
1.3301815607629877 0.07286106651668521 1.6429353398762343 0.21894846854713781 0.5465480139169381 2.06362867996032
1.3443347233454106 0.11186125455705644 1.7785758753686838 0.17931103846728144 0.7955701252312019 2.677205610283272
1.3279864539148274 0.06603099885207667 1.649302051316615 0.29093086736981566 0.7735668923120207 2.4954928474742406
1.348251609888348 0.07924475995480554 1.6179086639541669 0.3349042321668195 0.6503851751663049 2.1988286627850604
1.3617636651398246 0.08924783065100707 1.6782384819170522 0.1757854337706301 0.8235270158486689 2.4370350855159906
1.3457515083197316 0.07531616411656418 1.5655732644745681 0.30659245866135937 0.5928155726220693 2.1974773117283886
1.3243733285103252 0.07291483872340541 1.726668387114361 0.20481643291483517 0.589336175140757 2.849197421766352
1.3327863825702084 0.09778496080651562 1.7171056570582905 0.23625499039076692 0.664373995968364 2.292705529002452
1.3295961813976631 0.09264551371221909 1.838519677617637 0.1281160290096731 0.8357729535005065 2.759125898394059
1.3377869663701951 0.06473362612552307 1.8166264241731778 0.24992168983745539 0.7430711946535418 2.6890069578631848
1.3609487310904025 0.06896216155896731 1.5828068480986177 0.26446191102605077 0.6201216470212854 2.387994126025629
1.3669787080648945 0.09588138507806311 1.8861244696938066 0.0855171702438922 0.8375321661222996 2.572366909192765
1.3453346824187338 0.05940212010119593 1.7184786873146805 0.2509413495368552 0.7484558581770864 2.538617626394717
1.3486470520883707 0.10612013119908469 1.7200861564013947 0.26043244410013333 0.7506490517420068 2.8197054194500932
1.3438307385832586 0.07606969102736051 1.569503408765365 0.321597506325622 0.7189915886626989 2.749169965485085
1.331477036589086 0.07599699289530484 1.6943506743121808 0.16962739363246573 0.608476453660499 2.2897487783073607
1.335492816978248 0.066828453940779 1.7794267231514143 0.19209467761830054 0.8500378725238946 2.6805775637923714
1.3237003903496598 0.08129438107323747 1.5958164613082206 0.19728847274758823 0.6844153490597487 2.44723585130843
1.369234255860586 0.08378106401090646 1.8837019286117185 0.17122949943341687 0.8025684441693666 2.115647015054023
1.328134094999651 0.06302364283315486 1.6735500913292323 0.28744362124716305 0.5788830428154749 2.6854340679957778
1.3268059687660916 0.07507178156762834 1.6024857929553162 0.23456877277041033 0.5118347052595866 2.864986067376645
1.348237972556192 0.08935956141312447 1.7309787651519044 0.25917869644802927 0.8625088638991728 2.607064264486215
1.3227830077959537 0.06337754250004529 1.6183153617916912 0.3043379898835311 0.6218556168564128 2.6135673209561965
1.3395037757475623 0.08847471784016399 1.7517928986897555 0.3186616518678301 0.7765388286870949 2.3691787087911496
1.3344696052734477 0.0609128117219909 1.7831360390327218 0.187324103050517 0.7174436801532894 2.4933153290339813
1.351645675049225 0.06633829830948006 1.6922386058240881 0.25859957792273247 0.6321069849203097 2.100401670303199
1.3395844961178551 0.1022111137196716 1.835708645340649 0.2219221657114735 0.8005284026034631 2.215841324871847
1.3416582927027538 0.05506340567162386 1.5973549636389148 0.2781801737480485 0.5812781680038759 2.59518605658329
1.3262968990130433 0.06823629851881474 1.6874375499116416 0.19150537503208462 0.8195723911578154 2.3640508683939
1.331519912638559 0.06986171132410107 1.5547647006879082 0.2994833710492321 0.684024279083999 2.362715877107904
1.344595514926413 0.07744434488808842 1.5505870887237136 0.27868977998410294 0.5784263411768309 2.573057962087287
1.3635402839853 0.11132100088953474 1.8075678477721284 0.20767511683341594 0.8419974837315192 2.5301675900470326
1.3601315723197414 0.08832990870918386 1.635343297374193 0.2915295929340404 0.7953408577552248 2.7246571620795295
1.3641573931620659 0.08815646351414204 1.9028555366460806 0.21973448816137695 0.820768527074172 2.8596777377491978
1.3233127815246561 0.0635180880303922 1.7027161000569029 0.16311376987399673 0.6674547868193579 2.6052389110643133
1.3304888612626375 0.07409893127714391 1.7606645585147511 0.12745402467944875 0.743676467712687 2.416729041136852
1.3553962739581003 0.092976357638027 1.8801086394871893 0.2353991345488461 0.8592818345277755 2.6797849563740908
1.3663597225928066 0.07679949501157675 1.686898270439893 0.2730220633471223 0.7834146721146185 2.5446850586806997
1.3778600742792246 0.1106534733352375 1.8381282145102742 0.17541765821328667 0.8444043859942134 2.663727769305884
1.3486812183162806 0.08832595451299384 1.6058979090969772 0.3068494969527576 0.7522816103018308 2.5875313505628355
1.3723130542117048 0.08398450914247177 1.7494879214482446 0.1682422331874004 0.7454256150438562 2.848018067345325
1.354331265213741 0.07014587978509708 1.7633865303327318 0.28060863037538425 0.7051240153782828 2.188313209928708
1.3441569293188385 0.06019555894958086 1.6805885863420293 0.2228049106684161 0.6145205179148302 2.1633776526471755
1.3418567903887166 0.08367525816693287 1.7783670433499148 0.21482052440821067 0.6408747860580358 2.639339436455608
1.3362158486961113 0.08132774516033826 1.5798533681305011 0.2032854947912273 0.6872776398686684 2.8021952081420722
1.3136237408921723 0.061863984800133 1.6519606340982493 0.2551863994205474 0.6003156718324625 2.2485661188021786
1.3416768871840832 0.09787547930258257 1.8145952714963545 0.2230805390404404 0.7269749384017881 2.710158414823921
1.3587878874831305 0.10967086472364601 1.7668417710047732 0.1945967003565291 0.840987101993028 2.262028898283317
1.3486323214897413 0.0991533627468445 1.8571181262538787 0.2394417324190395 0.7935998660580097 2.3693800600011103
1.336413630077001 0.07887782061537268 1.5637292631840847 0.24295701084195967 0.7364684777522736 2.3658632673243156
1.3548738661062592 0.07631624456825105 1.766825335011455 0.2547918114675191 0.6616987302278738 2.5691856961651722
1.3367743503837626 0.08840105081943984 1.8238467708981854 0.14560718843878137 0.7163126095395709 2.3769734346145093
1.3385438382035146 0.09593612184680303 1.6115395609734573 0.23627202197641517 0.6877765960018357 2.5045293669058193
1.3448924909549205 0.07862872629012355 1.6655774519857354 0.3264958141886358 0.7797746282449466 2.7933612216381585
1.3435308156606334 0.10838456783564392 1.7859801452123532 0.18683373159398073 0.8205183145176534 2.4801024969457464
1.333900604865903 0.09389430781959661 1.6974551213126832 0.1658467562365996 0.7269897522677023 2.1999542897252664
1.3250782353525419 0.057959672299456456 1.697007297646639 0.2411419901969284 0.6174265631474921 2.5769991689381206
1.366119960908547 0.11069272882734878 1.9201726578713973 0.08926299331114101 0.8770937169095274 2.1724829979509708
1.3486047947508961 0.06445543823719982 1.5560389685225604 0.23269640025860935 0.638881278045537 2.7159399529309916
1.3468842708469686 0.10217445506441189 1.6790486201893817 0.19742306566899023 0.7563232430736516 2.3485280123492207
1.3771904343448185 0.10800615450677656 1.9051281034590102 0.10085493634892186 0.8380593433396254 2.6659201384732873
1.350887769914788 0.07438452890543408 1.7458886942163943 0.2283625655016392 0.8552173137902105 2.12908605606639
1.3473007078501442 0.0690038878516876 1.7565375262029326 0.2249326096881624 0.6408155101609371 2.425563201113849
1.348197867469469 0.07558122095701592 1.6297863461402502 0.18357211350666972 0.7604680129824933 2.737138039322231
1.3613209502035999 0.07509027040454047 1.8494608646948218 0.13283278431391699 0.8241015807745771 2.5994757472979737
1.3417844314409597 0.07548394469745698 1.8300998106995663 0.28084081898580215 0.7488728732163425 2.8421829927880276
1.360461122322314 0.07611620629429111 1.7596432996039697 0.2896485042497139 0.7392075936518178 2.415026821562901
1.3545397403889745 0.07834148816480659 1.666934667072634 0.1944020923036246 0.6303647417103501 2.5417180088950655
1.3436190172923261 0.06200386133295212 1.678646145262197 0.29727254080873183 0.7184051790350263 2.325932917090152
1.3528485372381596 0.09629783675757606 1.8077372442330386 0.21248617824763497 0.8803669204441796 2.4809566872230917
1.3590316192126872 0.10639146714601001 1.9005855701613839 0.15558738897163904 0.8207865571248623 2.3614688223099156
1.3309431252830595 0.08427540462604542 1.8398688741657632 0.21713988101180426 0.7390975450251771 2.360585051628876
1.3700184966011868 0.09589532908007599 1.8285043539526793 0.1868737274918516 0.8874162018609518 2.271491874364844
1.311664940352712 0.07515056041278668 1.690958354525261 0.23451423210418226 0.6687670714470121 2.3056481673427176
1.3643156511061987 0.09207704874345665 1.8140369206524176 0.1658706769082221 0.7189366783328355 2.4087271431683956
1.3363146231704481 0.08799414621436263 1.771047352059719 0.12215937596952504 0.8172377039228017 2.7991803367415193
1.366601272387783 0.08603343007938964 1.8218663076954824 0.2490216430028906 0.7676498242021962 2.289466643517554
1.3554667969565115 0.0907529099469632 1.8138583057770632 0.10584769340073334 0.8119850861892873 2.0487892203533735
1.3493674800834106 0.0725971057872396 1.620385913738962 0.2084445688035902 0.5900177785371655 2.2434818789928945
1.3479415441387665 0.06409237074928696 1.627426762964764 0.2448139815560457 0.7625875870604156 2.6619203305711
1.3431256307189 0.09016622205629557 1.584970538053384 0.26498929029953666 0.7056546369466854 2.7616805008352308
1.3669323073399142 0.07996157069315217 1.7320706673130521 0.16260517915471615 0.8177631048940079 2.221600920307017
1.3350063278965745 0.07987414101608639 1.8164093111189716 0.18930237703383865 0.7727988963027879 2.0439736167471683
1.3265468093362067 0.07772278527973667 1.7206005820411314 0.3011028454575443 0.7250633348630363 2.6213575204340063
1.3166773915412628 0.06905332409858847 1.7125167478935173 0.2404838209628776 0.6327408663935712 2.690740422692495
1.3442249448863817 0.07507299500059227 1.731656875228272 0.2733554161664855 0.6251036524294981 2.273877244662579
1.3550952003096837 0.08103310444846695 1.8606038361964856 0.2522008315585828 0.8150555947490099 2.507214513618283
1.342328909472795 0.06337061317462436 1.646694741001098 0.25551850661952014 0.7757768311835929 2.5776870380902506
1.3396052520720985 0.084313579985871 1.7119076118388181 0.3040118088491406 0.6702200820125102 2.681936979472515
1.3225210541968195 0.06523057147589888 1.7728515639613351 0.2120428391817856 0.7306002188898821 2.1754122398439217
1.314220632479874 0.06171404905258896 1.6487438220812662 0.22438189325270871 0.6946763561447362 2.343112401902063
1.331856571292915 0.0601746162300485 1.7082966919013 0.25870002239906553 0.6309815075039801 2.548039099126362
1.3567106129533362 0.07585024923920791 1.6042143667524247 0.2149777903480912 0.721197946286418 2.730149348090663
1.3415420094447867 0.06516294819279175 1.6210167573350107 0.2027507600813256 0.7525823618646134 2.5814769153428045
1.3367078705086963 0.06991956543447901 1.6209468383911072 0.1919863069997686 0.7615245644548102 2.459626771536205
1.3514920208994745 0.08418769811105298 1.682943663581439 0.2789426108180953 0.8271252086609429 2.395801416558075
1.3710881249979512 0.08185364675383953 1.80113604754749 0.13457622723317664 0.8179117912039392 2.1110517873302483
1.3376172996113835 0.0847666376478903 1.8369168971262058 0.18540340037407743 0.7113602782580851 2.5754522698514677
1.33851762077495 0.0923662351939647 1.879541141312714 0.1490487533591548 0.8328982561270879 2.363985601542357
1.3566200336304615 0.09078552527898714 1.7588447486442493 0.2969088754772827 0.7420701587329908 2.3611347938384237
1.35350492905021 0.10046487388111226 1.7267198116188331 0.1595928518864936 0.7797361010523041 2.487597452332843
1.3432746486799432 0.07749798495489728 1.8387294342765683 0.16973523310890565 0.8725791535465722 2.5676491340239784
1.3598179968788162 0.07733465832207331 1.8369094417231202 0.11815451374492696 0.8250434538553382 2.879341007347821
1.3231692789732257 0.05884825283295642 1.5606201598380651 0.2466169616092851 0.6025609213839801 2.183207748050335
1.3390487918951424 0.08905016649269555 1.7673606346644124 0.205111730995339 0.6638726274918934 2.187752817700743
1.3352448689084584 0.06563770579431087 1.559505419252047 0.223948075837435 0.548590771037308 2.1869032273731155
1.3374426363827592 0.0632009300881211 1.7751381270935007 0.184377018238681 0.7004460123248697 2.6212482528659926
1.3425840603537325 0.06309355888503637 1.7757461500854168 0.17051683355316075 0.7905368292483256 2.8233328830342246
1.3158679759716123 0.07328579738596722 1.708651042701466 0.17306551122527417 0.7075733188599361 2.590341049330358
1.3321058214895662 0.08568205325209088 1.712622735587555 0.26328739055617634 0.6414857054494681 2.5158907122420255
1.3444566459053044 0.07737597850127405 1.6583638562331111 0.29213175755782844 0.6181463692036766 2.137329959844743
1.3728454612395038 0.10982722392031646 1.8729703959788806 0.13340097555910765 0.8257254988265161 2.647073259082261
1.366809546408483 0.08574796881240736 1.7325936619660007 0.26244741253419224 0.8161481997997428 2.300944153590668
1.3416018006782298 0.07960571238397145 1.7415437778193006 0.18276451175433406 0.8687306288365848 2.3360778220451803
1.3326752895805751 0.08802676213126778 1.6454170921000053 0.1856771718470716 0.7022842132713917 2.5067815413797807
1.3248609842263566 0.06581786141104122 1.6568008409286157 0.18151302449216783 0.6599683314060285 2.0683028261776806
1.3387268354956747 0.05561267731610192 1.633177565274244 0.24447937410368212 0.6239388145384059 2.3339863022772898
1.3218855233621487 0.07344212901550397 1.7102486867905988 0.16167591259570008 0.772934536952556 2.151164440510908
1.3234507082115559 0.07653969521412832 1.7701840419952068 0.2550502219738284 0.7363846160795691 2.1733204872928766
1.3482129908349438 0.10236759678262607 1.7607688565266577 0.2383983836510117 0.7893915234684725 2.156512612093969
1.3551974506001918 0.06989625481825949 1.6708524309386577 0.1869741373722138 0.7219537049091366 2.8914332190433707
1.3206842615556895 0.07502925171643715 1.617496128921269 0.24697477710026786 0.5712938664829174 2.704342577242604
1.3392834924371826 0.07843219875269297 1.8627483572526893 0.22331762896107382 0.8088775651595025 2.2621767187641875
1.3530183697370173 0.1022582390775841 1.7772545147014263 0.15972230148161548 0.7478925258068804 2.7463626005870934
1.3480900279224641 0.09296938818864972 1.6825473296730786 0.25246569250336304 0.6834926815131831 2.0989185606844316
1.3235785904081268 0.07719557738317032 1.6515584261734597 0.2796259548860872 0.6266697231403644 2.7214409288680534
1.360090112537036 0.09751374586888509 1.6733542975870184 0.2499016409428332 0.7836907327466711 2.2819136429161686
1.3358762946425464 0.061038083857384295 1.6537229521647467 0.20021067310438603 0.7510975961428817 2.732973616429273
1.3322579340191536 0.07160651771729618 1.7555522781822412 0.2936880826847086 0.7150970522415075 2.542666690005853
1.3622721533647142 0.10626717949076808 1.80494215916154 0.1274039023941152 0.8451107991526203 2.6827955841631512
1.3621592100977356 0.09428632398552547 1.8083019868354144 0.2595815195364119 0.8192383336092599 2.439578998576435
1.358577154465245 0.08525004156771845 1.661035810835032 0.3019751497095897 0.7315518177187423 2.221632914444547
1.3494296223585216 0.07385636219821758 1.8331963681810217 0.2509674040381057 0.7725907211220968 2.294217347815872
1.36858541454931 0.09189289765486458 1.8326776672678582 0.20840499647618607 0.768670231432048 2.2684997009163936
1.360772896477832 0.08533921345389014 1.68130967379739 0.2618507540752812 0.6650541293026252 2.8396853382687173
1.343722769622628 0.08601865998752843 1.6007121251877665 0.2242207532758081 0.742832891508336 2.25119179355238
1.3636694873787878 0.08675154436603819 1.6901351893556111 0.2281411306426523 0.679197954366431 2.2875123514855153
1.3346631169227356 0.07497072668709656 1.5557380787959891 0.23875108255866104 0.596798897332169 2.5538409471456918
1.3377488261384962 0.09797656310888073 1.710879559365914 0.21757836625505084 0.7050500802386981 2.7369989914802986
1.349139344093811 0.061992744958626354 1.6570437510816887 0.24900386964758564 0.645769880541688 2.637243563568177
1.3410079345062569 0.06525879444051874 1.6975026035290761 0.2962148257702197 0.7316465909272976 2.6173266350938333
1.3577921686800196 0.09135891583356119 1.6539868237320081 0.24108781670325408 0.6694468905845603 2.490487937058439
1.3379500174149612 0.09923189724502327 1.8142762129896393 0.18980002672565097 0.7730407875999121 2.266306600293487
1.3591034773236075 0.0784032944454705 1.6742589797163911 0.2971590388694031 0.7168266847594362 2.6145223272485785
1.336068255232625 0.0788290978439057 1.62639552185309 0.3062850517258661 0.7199249219028352 2.6295398439454423
1.3375422835784692 0.06663118469857103 1.553452998384118 0.2720621582104612 0.6380723830855549 2.6115781651626127
1.3643986413889748 0.0963847621117196 1.8263413769625434 0.18808632256794858 0.7548592239517067 2.242363804990725
1.350289396639178 0.0934778958806729 1.8213881669682936 0.11541829518790989 0.8689514454207325 2.4862631158388386
1.3399817005651964 0.061263743036443725 1.6914719356045778 0.2090609100862682 0.7624052536029615 2.337989771720484
1.3635523515053938 0.0767637746079452 1.6931230076661883 0.23501075703636629 0.7250943696497867 2.1334822866123666
1.3409766374698653 0.09404809205760083 1.716633534544039 0.16071082122095795 0.7601684239184029 2.5624582356426444
1.3562437669013307 0.09676637748547955 1.8084177984526106 0.18796541529429162 0.7333806564523309 2.3476264872279686
1.353566087879659 0.081586759364382 1.8271080630561825 0.12472387734073788 0.869838299657222 2.639269617592995
1.3369326769788612 0.08215836968630004 1.735764884358006 0.2640453108282519 0.6549196435735731 2.7459488697402663
1.3538730321483672 0.09418212388061085 1.6985996283901401 0.17910994638893493 0.7339386075734158 2.4173770411633595
1.3559581853130487 0.08646032940670675 1.6549530876377716 0.22900490829506903 0.8015284710307481 2.164415668412829
1.3392169456251697 0.09616815314935699 1.8104020011383053 0.2060672280818773 0.7574178005405726 2.338574072473835
1.359442058522224 0.09575980193498557 1.8911221059226873 0.17864703192197637 0.8526604699533475 2.2360851293257125
1.3583454671110624 0.07298094855902536 1.7209638990610667 0.23345516152319143 0.6878550232557726 2.4144620075350214
1.3345961148502088 0.07432359031396926 1.5598991239278246 0.25572068871963777 0.6222181159788648 2.808782599753618
1.345576217279112 0.09292695358770155 1.7366184605677781 0.26997662533274774 0.7206244758572428 2.443299147402487
1.3539057680856064 0.09437024110652927 1.804204298738639 0.1295982994296547 0.7744980115764326 2.0703969483751625
1.3228216598424585 0.08624134830610493 1.6969341368783837 0.19108981390566082 0.7540409380985901 2.3840362752703768
1.3179441216050503 0.08086238938334671 1.6518186594570774 0.22391596432688946 0.6735705944552575 2.4793624655435655
1.3568038536372566 0.07734503583559749 1.8529208891267486 0.1969570622947035 0.8247049538289581 2.7226863454358434
1.3312857954580837 0.0631315928944452 1.6053998232182356 0.2562326773345085 0.7139146347527036 2.364782553421521
1.3436161661113535 0.08178669482631634 1.714706008554633 0.21297486884682965 0.8479169408759684 2.5899330226278416
1.3530111285399087 0.09759700269595852 1.8279171466760624 0.12908445417837489 0.7719027935717016 2.598690437921839
1.3444617645840906 0.07501408724127089 1.8258720736785605 0.16175375667890102 0.8547693955707081 2.747967350846035
1.3506583116876385 0.08004155552049823 1.6918571174030017 0.3043735290384809 0.7596922588967739 2.3015746985318337
1.3319771370391313 0.08988940296113913 1.68778005368581 0.24982968658846122 0.7692926734951528 2.8971532406303866
1.3333167671601645 0.07671536837822139 1.6758173357152115 0.29406425067824754 0.7523418970595878 2.317851434542512
1.372454046162625 0.0901756190200185 1.8337924825327536 0.161121651994242 0.7935244619428389 2.5343346768573873
1.3661412031057536 0.08819646176165949 1.7392370017670853 0.1701765595407492 0.7594165640369422 2.4974026946954573
1.3551837314738981 0.08682840725013641 1.6824462961869915 0.19346070731229387 0.7183087488803193 2.090312436587166
1.356061664745253 0.08315004417004795 1.8054774461982346 0.2415689901281778 0.7651271072568515 2.1167530751252768
1.3565306800932735 0.1010586658954493 1.8642100381523576 0.1527913731347108 0.8006927411182531 2.6127081625203306
1.3385404602372826 0.08187279608689148 1.8244940848623679 0.24148356166351953 0.7554212200797795 2.8450120718850136
1.346885431289828 0.07138560050404291 1.6619208616277343 0.20550066340902867 0.6243536529730627 2.260928348263237
1.36713993534247 0.09010879693743046 1.7779845730877935 0.20232314006134028 0.8458400324018879 2.8025208027170816
1.350732637091404 0.06578876667195696 1.6806422843563813 0.25772336489560405 0.710166028725379 2.6798749916795024
1.3335452684731521 0.07054881150168277 1.7653099494137459 0.1435068340839632 0.7799246036888249 2.373042056921612
1.321615068714382 0.06141331002326904 1.6838178391855205 0.22198226997515033 0.6905301268891239 2.6956059956028064
1.3531297145631709 0.07659897516044935 1.8271591029080365 0.21000651388230662 0.7858414231702288 2.108856388551523
1.342453899568795 0.0776353358052503 1.6736467927852645 0.3045918432771254 0.6938478992206131 2.247876271721672
1.329645420183059 0.0744267734888939 1.6932390979439544 0.28680148891672547 0.6791482277668504 2.806931809782775
1.352285876919309 0.10173149082082833 1.8376259574082265 0.12252957542156726 0.8353203841633843 2.2496797577050254
1.3422706537185378 0.0652060940617669 1.6326833628854764 0.22285703855370662 0.7436098548533272 2.1737289679893266
1.3634006054687182 0.0951083313221377 1.7110922540149627 0.21430945809208027 0.7824694133536856 2.842077592459964
1.3572626125242506 0.08940667970520756 1.74620472830062 0.2736483282814188 0.7635978067720713 2.7421816815452957
1.3556796501299928 0.07805029146833845 1.83659881913632 0.21680777592131525 0.8167084461916949 2.801063938362684
1.34859248570754 0.09146846497564495 1.6491838724546821 0.21957845964046294 0.6940764849959367 2.3663802953631925
1.3592957700716704 0.08057811505369047 1.6575338067780998 0.22346016570716648 0.7728937813183477 2.8544237293110584
1.3274760530081924 0.07858517789207871 1.7981465358211204 0.15995723126226047 0.7595893285320503 2.5086470078577525
1.3359224140639623 0.07775107261343249 1.5859662936691545 0.26787207978642336 0.6787845770694878 2.681101828740555
1.3599792906547015 0.08033551821040845 1.6802736884828886 0.2648293954639037 0.7034615479480686 2.7116596794113716
1.3622198127779304 0.08173074807854182 1.8066997799834086 0.14213398297716448 0.857713703294233 2.3820298761346548
1.3342202824108145 0.07588689480743951 1.8344868071897267 0.18458983706908322 0.801993611710223 2.8363778995097975
1.321025052912737 0.07317203828039318 1.66170132490694 0.21212905556000072 0.74957133336033 2.4551085760503266
1.334719172599397 0.0614880102480132 1.616462669667761 0.271430115479724 0.656176981832386 2.5431752448209575
1.3306387093563026 0.07406421370064471 1.6253330634733762 0.23004887873416452 0.578035537622233 2.6471404914359034
1.3469702228544587 0.09404469630506179 1.7461008970459302 0.2574098942530194 0.7534573725100171 2.3130155813060496
1.3357149210742478 0.07103489751726266 1.6121667015092807 0.2188997307428025 0.5824367349418528 2.6705723748827235
1.335562218367607 0.07795401057840794 1.5924677978065698 0.22937602484743383 0.7060901821607442 2.4694247685483304
1.3386083195811858 0.07489206247526972 1.6110889691927832 0.20142820156555977 0.6532963284248593 2.4838931574071603
1.3356438562845045 0.08304014261141672 1.659351708437896 0.28451644807766946 0.723889538984637 2.537049556772437
1.3470885491403786 0.07914116588766275 1.6044415615361853 0.23251117275915847 0.6886537410200412 2.1121423070982774
1.3467578150772614 0.07110983357580118 1.8275543810383863 0.16793546441097132 0.8038000286478831 2.574133918167968
1.3410083993941266 0.06661752881834025 1.5903144668844305 0.2500982137196014 0.6834397040167329 2.138608022618997
1.3580302770000345 0.08251789090401158 1.8162822388434143 0.23861934493846196 0.8060888811547992 2.634395919866229
1.3372313626936092 0.07324571729298401 1.6600245573844623 0.29080709324848025 0.6502922517189131 2.7127690571129386
1.3414657922246114 0.0794691321787946 1.6047736842358442 0.2521991268580656 0.6170231232341944 2.7445335271892533
1.349521424381242 0.0689429329026426 1.6329846067655978 0.27508820153080155 0.703252575241802 2.3478288823602367
1.352105803636343 0.09197260432414861 1.8451661914022255 0.14970760933623017 0.8750402900706078 2.766220973270131
1.3371433862252138 0.08840522722426748 1.7112080144129869 0.18275522348356574 0.6918454281009575 2.467092536411565
1.3498627013446631 0.09859515181815563 1.7484672892457098 0.20834079353190904 0.7545247688502709 2.4990070775149515
1.3452690131354428 0.07302525863285649 1.80497877110102 0.20301164417366202 0.7163656581477619 2.7346173720969595
1.3639885272054337 0.08464960988793806 1.78385667816364 0.14123649831073373 0.8355827640772212 2.668907448668503
1.3509984966695123 0.10112325776733834 1.8164010804815094 0.16359277404493638 0.8376930292868972 2.173916774808076
1.3534251584178112 0.08340473070896458 1.8655640965471263 0.1893298832431497 0.8022088056569586 2.266846447899395
1.3538325470565593 0.07776152591708124 1.6795329438447544 0.268895128327802 0.7751577575192553 2.5164381480241484
1.342239709592682 0.0837416628911464 1.6230523449672383 0.2470882278045014 0.7474656796823839 2.6334682402963296
1.3549956406482755 0.09949713252658907 1.7639231315351023 0.17274877201739525 0.8140540632739965 2.2451428523475165
1.3288380585186523 0.07739132698996243 1.7273935170134518 0.2492363130061148 0.6778371245245955 2.2011821098180784
1.3345463052427573 0.07126934663011614 1.6455438285977682 0.20761083504187888 0.6066430743236205 2.2653915007064476
1.3383503972834152 0.06823794487908737 1.6321045577966693 0.25175131600753586 0.5951407140111127 2.2381942590930124
1.351960796346029 0.08323314971616715 1.8494286985121087 0.19238427715206494 0.8426685453221663 2.646896296640751
1.347923326107897 0.08214166470429429 1.6583787933535103 0.24466064157127543 0.7912360781071885 2.3346729988841344
1.3534688829633916 0.08697559366998527 1.669799383058555 0.25079302485948374 0.7033989723784388 2.150623366724319
1.3486050094884834 0.09180037312794656 1.7272615550769683 0.2564605333326492 0.7405890741661553 2.7640559203260957
1.3364475950402857 0.08395412047563708 1.8192722632251042 0.2179164152066247 0.7752630777738675 2.2576694211471535
1.356797898705556 0.08348907547639245 1.6507478152959925 0.23725917804357227 0.6986992002421373 2.2847046957721733
1.3470212072599466 0.0750219478821017 1.7291300591332113 0.25559910389571777 0.8049218257911851 2.460268903918496
1.352765713208277 0.0857394643729808 1.7221801789260254 0.24857773467700628 0.8150839899549672 2.248716468706354
1.3414854445889985 0.0735673494713097 1.700979831031093 0.2759408731588475 0.6645562998600316 2.8041782683981755
1.3309063788522377 0.0638252428899147 1.5940109631315653 0.23593186032514007 0.6418943847154502 2.846010910286538
1.3325858270412718 0.08078451933954367 1.6352339911354448 0.260801727694625 0.6583841021363116 2.789911874902716
1.3415186585841985 0.09343990462001303 1.7822349487973983 0.22193819888255367 0.7885532263450301 2.8302764682583095
1.3464051945508326 0.08022655286545317 1.6446542663092065 0.23216447693175687 0.7790845721152586 2.820886130504528
1.3341534138278588 0.08201413497730098 1.7327825982132605 0.18303085792449364 0.6797649427299434 2.59492842968253
1.3549796190949555 0.09216699981359075 1.689804409478485 0.22526576053433553 0.7390040907467905 2.366503459345821
1.361678833698571 0.08935381425766843 1.7645698514339678 0.22942385861575224 0.7690266300212114 2.2346231496955906
1.3571267317232523 0.09707966819688228 1.8293511256377997 0.12438291186232428 0.8333337793893371 2.809440568827563
1.3512040312957354 0.08095370742694982 1.7147783303578892 0.16801788887957453 0.7294816167414777 2.1239789244784744
1.3279013457906488 0.06976519498185725 1.7223376486210866 0.2383214789993395 0.6680045788909542 2.7875639810775152
1.3364485645626938 0.08234367339240509 1.6595549408493766 0.2712372569187194 0.6907153424531361 2.6434518081043583
1.3642799295323726 0.09423767735201137 1.7882151491786429 0.19674332569871913 0.8005488288062912 2.778157480113321
1.3420639029305366 0.06723612007840256 1.7349085897104062 0.19551753588430978 0.6925133384515714 2.464291726402405
1.3493710433852084 0.0879018258701696 1.7874910351055715 0.13940402018209036 0.7565663666495179 2.3079716410498117
1.3490056221618159 0.07465380707624067 1.7752825421852045 0.2462259580455436 0.783110962731678 2.829326653794015
1.3608922802516763 0.07847994920374632 1.763403957122443 0.16658767823125323 0.7850467881054946 2.1832047136908734
1.3416008331408087 0.07328827130836145 1.749805240469751 0.20807119657118514 0.6713880285598115 2.6189813609681343
1.3386073161878276 0.08010352625414262 1.742701568165344 0.27080191736135345 0.7473307316736755 2.3159855260298485
1.339225905392702 0.07486478179239309 1.8242429498208024 0.17776023479939865 0.8039398073433208 2.3553883282415464
1.331091179507109 0.06480783028575411 1.7322746660207895 0.20915200044357135 0.7387413844208304 2.327549259367341
1.332692598775269 0.08475151755833711 1.664816996967649 0.2012702628733037 0.7149799594013617 2.66954885161839
1.3325402747360622 0.07491438439646207 1.7389201057094654 0.2422452672169235 0.6788572315729557 2.7674549746502968
1.3409487053407785 0.08699765203262252 1.8134771102246856 0.2133654856463135 0.7689374867725758 2.796196721960312
1.3470305562376175 0.09129706021953167 1.715959685689827 0.19179843035762278 0.7315877396486461 2.368118158199262
1.3553015650884752 0.08959839951671639 1.7228539403148053 0.17952414033276662 0.7602290241787658 2.4838693718871285
1.3548265393401935 0.07734024042835325 1.6633635735435166 0.24350065916588925 0.7367172447921975 2.5787766379508903
1.3500226644492677 0.07125780290495808 1.6746267363373493 0.22604066911155135 0.7596865974665816 2.7267374182230517
1.3526596763953025 0.07817886822462815 1.7961425695504216 0.1787861641949041 0.7352261202210223 2.187002298394991
1.3454278600032383 0.08172256048722096 1.734754553267782 0.15676434480484983 0.8112269294590444 2.768382628864483
1.3290649891542972 0.06632330828316038 1.6664792090044003 0.19915010772337452 0.7066406351338932 2.152973590431857
1.3650416432482317 0.08695343908385479 1.8141566147132122 0.15739388242976193 0.8241230393119361 2.278522590623825
1.3548348266000787 0.07917085640575855 1.7827836769492436 0.17929741564621865 0.743222324295018 2.1301450023549267
1.349035300062332 0.09041813374979653 1.7866694464272495 0.20176449656587286 0.8344484744468821 2.7260166589047996
1.339105729730341 0.0677347932606225 1.6563118329509434 0.23706908480397298 0.6372051222612357 2.4707003695845433
1.3449046351334957 0.08412144968316104 1.7100222711453368 0.20836078977370695 0.8109324120345869 2.3003587901487164
1.3482010586318036 0.08653185379910183 1.751806894501959 0.21535127126799866 0.8232264037212653 2.2596907385728
1.3573734512149072 0.0776583311962959 1.7293018601079992 0.20530841312929762 0.7679284506993808 2.2035331327705303
1.3295979466938128 0.07711935957521467 1.6717525250255034 0.23659220088208835 0.6591509175098667 2.456063956721978
1.3512292070325087 0.07788466892636019 1.7399397969098132 0.20048685546858364 0.8180549852634434 2.8391895146954678
1.3401238680566883 0.08134267914252105 1.7272009000913882 0.1978899904440027 0.814145677742355 2.227379334432216
1.353223452622493 0.08215930770699574 1.763712900872127 0.1494576113521492 0.7997253651872037 2.2623462333759083
1.3448687292951538 0.08750203137977404 1.698129843186149 0.21263461789075153 0.7767073886442296 2.547818086337922
1.327968735371384 0.07269335649232024 1.6725374702316855 0.23410150752793177 0.726012791103115 2.85345913549414
1.3331436946062414 0.08320575386566835 1.7429815955006471 0.2014582497893642 0.7855051284727921 2.6209258923346344
1.3420838132409183 0.07556076112455139 1.7195157636276939 0.18197195828141127 0.7993496298798686 2.510437029369435
1.346442410266369 0.0837616481613195 1.7377558060385565 0.1756321474539211 0.8088144292874141 2.456955921884748
1.3491483524207477 0.07998548766053726 1.743181586146214 0.23170557770488556 0.7898407108452663 2.884074028355361
1.3418073745507526 0.08302306757067066 1.769499107201494 0.1559329730363572 0.7718489455580321 2.7451713279509073
1.3353475860641528 0.08260891430359338 1.7539793102800645 0.17822379317527828 0.7586378169866503 2.6403163945335626
1.331724453961752 0.07305137541459618 1.6829364288706412 0.23616676962485023 0.7169688778673651 2.6930551318705427
1.3513705333180668 0.08731039254881229 1.7867729025583934 0.1582649670618243 0.8013761737383012 2.203857019077693
1.3416995853542104 0.07049983727212014 1.7263596168718274 0.2079167259204703 0.7301403197991866 2.516786206263596
1.3442862400966906 0.08028415452325678 1.7404654349972732 0.21120287141874722 0.760164345636974 2.571570772407162
