mu1 sigma1 mu2 sigma2 alpha
1.2617143911419286 0.1767383182322414 1.6293646684519527 0.28484628448605515 0.6962298378449154
1.303768413499351 0.06245237471490431 1.9216203215044505 0.24732881486384908 0.90846116183415
1.43060635125061 0.12077978786790594 2.7450327319729655 1.3106958995038582 0.8296948137754223
1.0695840444155835 1.3426552848071356 1.3517280788084336 0.1479362870639126 0.0664540262912949
1.385135542306655 0.15705074831962917 2.274987366778484 1.9036855345178616 0.9328324391706309
1.3692872224279957 0.09731641707893189 1.6488668591055493 0.6429473719387593 0.4679720874410396
1.325145805054646 0.1306733169528361 1.4193662497306145 0.2531766782263743 0.27447375904122717
1.3763663399035369 0.14609279322015625 1.7241645086837574 1.4309667664072254 0.8069800530644989
1.342971362011823 0.1094048975052856 2.1268464873240243 0.13175880659279254 0.9175600880197157
1.4023221355334563 0.1307642594079272 2.629416556617446 1.1628164961620313 0.8755233495883402
1.354272839993009 0.1107668554190792 1.8730840049363118 1.2040853664465547 0.934451564430409
1.2001291681074657 0.6942958920906334 1.3192616277666904 0.08470862960055554 0.5053407768711098
1.3393318397182556 0.1152491804261979 2.450372377735214 0.8185540479015417 0.8716532396743156
1.301693523096196 0.09449635526353173 1.7234468298369987 0.4672285732020369 0.5320720740692968
1.1562500893419472 0.5297135417927 1.3653296344629808 0.11824483345469633 0.44049119122499747
1.3212480501293338 0.04849381067654121 1.3509745681536858 0.2695697205977722 0.6574211516064272
1.3092818137042277 0.05400371298391941 1.7637678799079959 0.5201423831841974 0.584212693933692
1.3812971173310635 0.09170789316140113 1.4291552821289457 1.5402159542261733 0.6678365560342455
1.4014387876588006 0.0995121453409275 1.7606629646169905 0.984943975167755 0.7321674251326994
1.3477371479189668 0.07627885306363777 2.4393698843589156 0.835066745122626 0.7459467904377557
1.4186878799796379 0.09833808530744494 1.4545741332697208 0.5521749875433375 0.6639311914914581
1.3665249365046561 0.12246053585907078 2.176927868796207 1.3431691564274344 0.9105903795337207
0.9718877183650751 1.8888411639008695 1.3762230848857135 0.08556853994665492 0.10487950936758816
1.3378059557618966 0.09492316180168027 1.405967768750258 0.361159531601643 0.3159184886381296
1.2910871575102 0.0364424788686486 1.5169339252942198 0.2397537803012451 0.5719975442158286
0.9406699384903968 0.8997266479248212 1.3895546640104763 0.07656331378555847 0.340964205733227
1.3831719663299604 0.13249645023694095 1.4411021853943475 0.9857585342291662 0.7747669700937164
1.3743302005836522 0.10424351519461827 1.727543806325222 0.7989916564516116 0.6399754500403162
1.1994671604865579 1.7476977376987446 1.3739183990448482 0.12499838333403537 0.19792749266066453
1.1994671604865579 1.7476977376987446 1.3739183990448482 0.12499838333403537 0.19792749266066453
1.3458440721929392 0.11641911261773995 1.4937461129494398 1.3631518535217069 0.7886919196327447
1.3679745155319554 0.09807266804207948 2.426215380765381 1.309248631847519 0.7469902913250991
1.324139212491692 0.08320091658063773 1.8987954990643712 0.861622451186807 0.8126855433721495
1.358806909846297 0.06803364128239059 1.6416807858135438 1.3274417738610629 0.7223491804024501
1.3760321351701796 0.7296690125146863 1.3857694014712936 0.12325975790642553 0.08924566990893644
1.0883709384569422 1.778165388108209 1.3468413765953928 0.07359947422669134 0.31520745767966774
1.4051908560645057 0.6398875876208389 1.4097246817327802 0.10638633757374147 0.2909450264776827
1.359845388469032 0.10127501343319362 1.3759859995573143 1.281353093412037 0.6977851977715565
1.3749705068757838 0.10528834437951867 1.7889068245185133 0.16822064914577206 0.9752043277804859
1.270858369698953 0.9736741589172752 1.3243033432019038 0.0760438311535954 0.22149095627718204
1.3377828883333245 0.07115097790960176 1.703852079310153 1.0218746049872516 0.6893342582789257
1.3203294106226928 0.10704340122164759 1.5459383235900668 0.5995939481149211 0.8236162372991304
1.342889047116862 0.08034635767994239 2.0104922618881953 0.6331615839933437 0.6627184314753755
1.3150661681793816 0.08936217680881386 1.8276929379177314 0.5277729047647579 0.654976200420482
1.0507595848183573 1.3440524252723505 1.3412172584981294 0.0714784712492719 0.2986238100828633
1.3056132886304814 0.0845749715765296 1.3586600240869553 0.3670474512516198 0.5128423782653468
1.3726251261588664 0.694341523107314 1.38108303366947 0.12780093069019857 0.1324455344415063
1.2215056806924827 1.2692065192710615 1.3581788996413253 0.07258689554460154 0.29785026509150236
1.3447138576038546 0.16761749947419172 1.9625533621647517 0.12910474363222063 0.8989629230749394
1.355937981330154 0.08675286159510687 1.6128495597395416 1.7179381396781799 0.7767659258328614
1.3493775880624166 0.06170896248153793 2.0306256143293746 0.3450975427532652 0.7739082220410817
1.3585616908084892 0.08488321120603325 1.8703882802631449 0.8425602857766015 0.686575543538252
0.9086747135671427 1.5523140195556817 1.364741188058961 0.09190624995970947 0.1522229349930692
1.4028682502308039 0.07310957571084004 1.4599725179043739 0.2723072140165297 0.5338534020974792
1.3687814789378956 0.0817921011569664 1.556708221262629 0.6811633339172342 0.5964479844969587
1.3786756629079986 0.12308233496096281 2.094171632733671 0.4737817491337939 0.8125529496682998
1.3688510358349342 0.10979115361625494 1.5213065843181024 0.6492215429641077 0.6517914850381944
1.308922456134611 0.09551822765490504 1.5813687691787983 0.36762465960146823 0.4576197478960297
1.0566800813523283 0.661695394891677 1.3463130308007205 0.0663958198749988 0.4292359997597196
1.4002556811449285 0.08545535307867481 1.8089891515211718 0.43031198795269027 0.8002978075476512
1.3765866501168107 0.09879786733862392 2.083772901028535 0.7419657937415375 0.8129234388890673
1.3693595487154706 0.1277358179497472 2.0129165032048086 0.3937780467726657 0.7741510330004745
1.3487252740682512 0.3066642624098138 1.357066189451392 0.09231085011328347 0.4681505826895974
1.37194860535883 0.07106320511609046 1.6632196676497855 0.4318653187672668 0.5007052330112453
1.393870170842551 0.08589459804929708 1.779457514822706 0.3629074278444441 0.6275210733409049
1.3974138924292023 0.13562586792038678 1.7916374920523945 0.26769329220045973 0.6913481974974995
1.380480493024066 0.07982329872213323 1.4932359245883968 0.6865287707003535 0.6869079138984686
1.3024615068997998 0.09898043884940143 1.9099051126206916 0.20431041966285796 0.8566966353990582
1.3480914916493254 0.10161001490734475 1.7442500435096588 0.8428918304770937 0.7864110740843694
1.3181593843200157 0.08855246340186285 1.5510245766850237 0.16242054595701758 0.7248584693239754
1.3448711613512025 0.09147374805938512 1.4075306376853294 0.4392153273270724 0.8798538296057462
1.38257564696579 0.115087879578598 1.4539579276155075 0.35236648649043617 0.5262493490464161
1.3469995665937877 0.06780238146506715 1.5501902631332447 0.842452082079591 0.7660144134966786
1.2776381966253996 0.07016828478595197 1.6645782670699187 0.22722351553135725 0.5065895892773205
1.3675997187743651 0.12354063162020161 1.7286764919144637 0.22507369025762158 0.566362129868758
1.3404646566077263 0.08165192801448223 1.5467752967834563 0.8565345851728295 0.8206443030015464
1.3348122626333336 0.11311923684090178 1.4891704696564898 0.5021830399295991 0.8301999647780288
1.2788043263216422 1.1038327441788212 1.3599826819283152 0.08395365703923567 0.20527706803518195
1.35348080701447 0.07855038379944597 1.8325058197040323 0.7290617092572609 0.8495331545987197
1.3032023617041006 0.08661109270627122 1.7351972159582418 0.3288267099314055 0.8510234310426419
1.3805825959715423 0.09694345812911101 1.6589195649450974 0.45292322338344193 0.9199008310485742
1.3496180415418086 0.1140302169754863 1.8357090977947235 0.6229435881430259 0.8019548153506906
1.380497746276737 0.10793024404608416 1.8721970679265538 0.4766324655440942 0.695408798165602
1.3423777758906557 0.09281116807436145 1.3731655687880684 0.8850514062629059 0.771872690131892
1.3846772629873092 0.090823809345876 1.5967118346246973 0.5833691194085223 0.659885274242216
1.2923646480442952 0.05721127948942003 1.4394215706629134 0.27546967971512754 0.4859711553285103
1.337696495699036 0.044529480718500734 1.6478266535373223 0.4514332580632715 0.576982063408325
1.4146196875746577 0.09831075737689676 1.8619495799128405 0.2623390759222824 0.8456950664189135
1.3327906020426679 0.05101956821792154 1.5074477661586136 0.24452887523925457 0.20672605800030738
1.3681817161844365 0.08662616175281194 1.6143501934397888 0.780564760694812 0.713581506298034
1.3502532639391056 0.07132950568124609 1.8662390353420588 0.6092308641754457 0.8313399202003523
1.3638752187759746 0.08141354892064961 1.5437391436192627 0.3679062118700258 0.9060165783258997
1.3515489856226157 0.11404242051372179 1.5488977244674866 0.5991266465492067 0.8492405414826075
1.3357133258118328 0.14341480037401963 1.7703954927961025 0.1328544664530324 0.8270985822979916
1.3988622348338402 0.0766157399550367 1.6566259654545263 0.2808694589182933 0.6310403605888517
1.328220531752573 0.09882227777479484 1.7486973098154597 0.09069372878716996 0.7755611583276013
1.382030925319687 0.09968743715893161 1.7434695167519192 0.3918779371530119 0.9300794063558503
1.3503397250188063 0.0722275367125365 1.4473562252328704 0.48513880222278455 0.4681929388761413
1.3279670584325114 0.054587203245762946 1.635793718980155 0.13994391182594298 0.5655913836171615
1.4050069085935826 0.09293040457421381 1.732048283014167 0.3761335838041987 0.8209696374910147
1.352241142604734 0.07891592923132251 1.8028550119723639 0.4172284847948003 0.9133516613229602
1.3577759260678888 0.32380810200780424 1.3652740144086988 0.06007116631774902 0.5174956494449253
1.3671526709214903 0.07274483675528448 1.445940168520823 0.21718027564176554 0.5914465897038244
1.3925015760682784 0.08959836404686958 1.572639549493097 0.2920466221811662 0.48222289552101494
1.398432607396894 0.10477069312786973 1.5380615631966958 0.38525336556190276 0.8489749406037846
1.3480024542303188 0.1502519070024034 1.9498119726157959 0.0777931626535379 0.9226948502438374
1.3489278216194394 0.12394116143169373 1.5559038965038856 0.4046394968936087 0.8325270766109673
1.3624673321646175 0.09655277978558961 1.644054764418148 0.37986635121238704 0.9218833181491094
1.3616182285578065 0.0957327755080214 1.4128134866819595 0.48733928002067484 0.5810763008235443
1.3277812693730804 0.7728886767070616 1.3500116181973498 0.07963734555898042 0.27304468012204314
1.3703889772863946 0.12126889154611413 1.6944643128678762 0.15278273788729874 0.6864044187933955
1.3188993907866822 0.11756665725142182 1.800733836065301 0.33708142543600245 0.7835864492558086
1.4071148066159298 0.11209199431620197 1.6338219911232759 0.35716297501349015 0.7302894615709714
1.35940550045882 0.056979490193051006 1.842883973922267 0.18182712055512934 0.8045703078707392
1.3243451195925522 0.08569388957031328 1.4222941843134331 0.27531327502611735 0.4565996035077916
1.316527330911283 0.08594947730257632 1.4690560945457602 0.42136093361182486 0.7647923502076972
1.3251277151697205 0.5394907790351203 1.3444169679820281 0.08049715169047136 0.18792118654610004
1.3477217771955123 0.11452570977559967 1.533833831699801 0.4900978029773779 0.7152785807826582
1.395836019884236 0.10157257493423866 1.5818327522637134 0.4725971676446894 0.7724138890955948
1.363015229048884 0.141831776097026 1.9626450629032703 0.23099448743905657 0.8760064743644941
1.3541668877455377 0.08792386079108544 1.971814739996463 0.4957238090598172 0.8638868737515843
1.3485539708563827 0.12935741539067572 1.777924462868834 0.2556758489727686 0.6673234200794002
1.3313310761037997 0.1068280255800496 1.9465610569020622 0.25430296796985175 0.7254912003516825
1.3493466735821316 0.07805712781775767 1.4607890635678653 0.26011639390121166 0.33900196335988975
1.3399838581560473 0.08820981751080458 1.485125338100644 0.6226673375629629 0.7951324608041848
1.327289753501703 0.0604900009244515 1.709566478462726 0.24287111840965658 0.8862506033904486
1.3772012454217364 0.11743358404814583 1.590815633207142 0.20841252104125924 0.6044690649677207
1.3233374115675747 0.1117973817336736 1.5320568486700417 0.36660625370001937 0.6993597260063389
1.3374550889571717 0.04312900903096291 1.4723373447330315 0.4243668402530508 0.5695987057810917
1.3438514493362699 0.09883899323159599 1.6288577092727687 0.2127590550822263 0.44871734366888927
1.3702402384853372 0.09195383055881766 1.7645328523528376 0.42327813096340466 0.6194634888878608
1.356160801889101 0.08111439398330868 1.6517727516060798 0.636943827239604 0.7005636056058148
1.307669722881505 0.6203278226573353 1.358065254064265 0.0729862002176565 0.27147333548078995
1.3810761437988623 0.11606192856253893 1.7170466967378044 0.42537852265766846 0.7084758695052459
1.3167163940365532 0.04860827711259142 1.7729375257783713 0.24033227035031765 0.6829518156777747
1.3720991319005802 0.14452938332202944 1.8182423957387226 0.2291612397959526 0.7933811066134595
1.3746690540080067 0.09425958157695882 1.7092783509464544 0.40391782732215353 0.6004545010844821
1.3312320146301224 0.0740346610026545 1.9316914080979841 0.43331469188896415 0.7706509221962854
1.2941602866852566 0.09179861151070526 1.6583488281025427 0.26402328670789965 0.5404536443732172
1.3396464737922582 0.07880770697903958 1.494928529094695 0.5906475794583239 0.8017522079874077
1.3690072095779688 0.08974420722288406 1.5042987164783805 0.6385109873903866 0.7877627177056868
1.3188387808457014 0.07259984892496626 1.720535244508576 0.44948574988793705 0.7811697904534587
1.345028531115298 0.0678915273419557 1.831021873303798 0.1540141950865822 0.9282822483032553
1.3778041769646792 0.08032659228392093 1.8857366925261414 0.3708721423776085 0.8666589071626408
1.3596483881934929 0.08900535988718022 1.440914727676951 0.2547908359682081 0.7119063790823816
1.3314836388798126 0.06622252347776658 1.537868090326274 0.5449172726158725 0.631156477085093
1.3667908883838882 0.08178558414640769 2.0199019527177335 0.3486253457891104 0.8593642901717707
1.3896886802623538 0.11880764711399404 1.7797119169589266 0.3230017323549044 0.7062848205133166
1.3743726848122007 0.0724331423216813 1.6358401696301716 0.3569595843983477 0.5192079623200989
1.3346946088594804 0.05857365343575715 1.7665151891847257 0.37275871526139265 0.8231205000325797
1.384946895627451 0.08476717482669263 1.840966777933132 0.39597568623857643 0.8433710993158978
1.3502809517142063 0.056229758373461815 1.819720060140651 0.1601751390128604 0.8449394938168665
1.3349215911648649 0.09550226208741468 1.5795879003584028 0.447938962067075 0.595793313556162
1.3185768996431653 0.07707769151542343 1.4431973013990338 0.25486330291252157 0.6582478328396766
1.3450380116816858 0.07203479894059381 1.546249308838409 0.6170890742243076 0.6989528057198543
1.3724580349896685 0.08631936007261636 1.3801562751213887 0.39673454272387537 0.6191586050696477
1.3867558315417166 0.10913344315988532 1.7928025707441195 0.30061451606844 0.6677643012303917
1.3515898904273358 0.07229816242563686 1.5164935100634827 0.4129380474368983 0.4703590870378141
1.3313327770110366 0.09649884412319336 1.5456802236725955 0.4903273075079611 0.6966103882098467
1.3512299597594262 0.07091089254539291 1.4002056792526094 0.5963709162764188 0.6701962383975546
1.3368502961534197 0.1372501165599504 1.8076269767566928 0.21031742324377048 0.8461030601172471
1.3419538599390721 0.09330063149871909 1.6532410371849202 0.1566843230566803 0.5585334602065706
1.3861146646377103 0.09633931391076418 1.7762907100989485 0.27812109466192725 0.6320286120212392
1.340180693021614 0.06488306611211632 1.5317269880375055 0.17320582553047106 0.6584975962546649
1.3569451511866022 0.06753294163312074 1.8945832158177658 0.40233683732510117 0.7371568352317803
1.3092185564495624 0.08040296414975497 1.5739186818786761 0.3971538729505969 0.5901813632499555
1.3203254155428175 0.09032689986426032 1.6380153232228079 0.45786150073116855 0.706850950712032
1.3733492518432473 0.10491679679178215 1.6037989711060212 0.4640035126661065 0.6762318824487044
1.350764115514472 0.07309553793317121 1.867137487159214 0.2261603560308733 0.6002810788116489
1.3469045456346662 0.063124345519177 1.6920724535893554 0.41242596249113433 0.5366732457866655
1.352460472824971 0.0929242890623722 1.7913835492008012 0.5605863658265478 0.8186388284951134
1.3147307515998308 0.08291964652899322 1.4408144819249942 0.2860358841824327 0.5708959319213576
1.3152062693039979 0.06717970225655241 1.891652042697448 0.2547659867523461 0.7772191371559526
1.3736730572882898 0.08821352739312743 1.8199441448724714 0.45425948782219494 0.8660260652864692
1.3235445885916595 0.08032471751752629 1.6628217866386357 0.48820043056807366 0.756376275633476
1.3693855366185645 0.12845759648024047 1.9225968359197174 0.11612912285663804 0.7455641493711404
1.355549215162072 0.09421878071472675 1.4002231162645336 0.43582569809835636 0.6264314864646139
1.3645958963634521 0.11400627979701358 1.5056855043171407 0.37035418167584017 0.6517940234910004
1.365749601717405 0.06594036530056847 1.5027134825460124 0.3016336627045795 0.7960042411658313
1.3678091515707869 0.08602261176455972 1.7528638957215048 0.3554225138131333 0.5818434823630317
1.3443290863811193 0.08233270902339601 1.6151424563785182 0.522438354633004 0.6306380185165794
1.3611174397821209 0.06346239196000866 1.6450744385213927 0.31884847344621076 0.8479213708030651
1.3278143693777136 0.07948367854225702 1.5514735218100808 0.5068342189742526 0.7598265770728991
1.3474351823802952 0.13543823393991994 1.8294961636483822 0.16933908873058795 0.9061643962307856
1.3559934052776152 0.039528467016485526 1.5645117920557072 0.2971586265928119 0.45587418847234445
1.2926816682671323 0.08000766484267735 1.6345513318550968 0.26933550422787716 0.5216023786224137
1.3729564110013777 0.08699369669786262 1.6011442059187155 0.4289405444379562 0.8617708397934938
1.3651894622100933 0.08556022764937658 1.3716940370613213 0.49035377760878573 0.7411125914035769
1.3051121030669932 0.09231743107378035 1.5825068124531798 0.2907382809185453 0.7554364921425054
1.3461223756242395 0.09882877551416323 1.6369954083169187 0.27362758080615923 0.9018838140953696
1.34023564635074 0.049623261098546596 1.650783572619468 0.1745876902683489 0.6673667119174578
1.393123009951625 0.10554110521040869 1.8620042109643085 0.046988673305957664 0.8445293145577575
1.3839884132204867 0.09269504984092138 1.4713209464006032 0.3187433359719205 0.7390469207804107
1.4021316889826592 0.10326196395600094 1.6992977788507844 0.2861115081026528 0.8424262857943844
1.342659431756692 0.09407193163009527 1.7027564981314294 0.39258785940168867 0.8840208649281139
1.356685255776244 0.09905036791718902 1.5154976491297867 0.5197530842942514 0.718227618188752
1.3513839718575122 0.11156170754287623 1.754650338632223 0.13539369770065104 0.6654277374199857
1.305003377529033 0.0748919582650395 1.8049359446923998 0.2901797308974074 0.7659961147530289
1.2963807854163838 0.07454887210654279 1.6176938710802495 0.21676947119230391 0.7608913952205593
1.348056945741231 0.048747097274262685 1.41035797364747 0.34416292611684085 0.5805482160074966
1.2929827903497753 0.07136761419529085 1.5416952730449591 0.28300017102734676 0.550909612129471
1.3039496053796675 0.09998218203871294 1.7793688442303102 0.22037104351763623 0.8110929332383047
1.3394332276964365 0.09230071991958526 1.6924112408008867 0.4994467835915487 0.8017658052789819
1.3251902176161308 0.05441378666277651 1.816758346786731 0.20210680315097096 0.6851669440035945
1.3560153236832262 0.09036588842394319 1.8252503240390336 0.4979266332071517 0.7429350089569091
1.3022944844530593 0.061317755845131605 1.5291088833922557 0.18566578110507376 0.5364903772576073
1.3522217369015448 0.09760417766716079 2.0007823674592684 0.2536807010747086 0.9095817681612204
1.369385630145577 0.10764276247353961 1.4918865936793084 0.40974958177311843 0.7176318182133573
1.3476403965695658 0.1030413074532977 1.50759929419582 0.4105138333987446 0.8030933798576296
1.3670827909569598 0.06672095685921563 1.7528490581759009 0.4003872527582368 0.7347621652410516
1.4005309520297293 0.09764669830962497 1.741036751203116 0.18344219002665524 0.8637189255464738
1.414316470761567 0.1044502310275362 1.927900149556383 0.07417041522811962 0.8942977372364641
1.3618710890690635 0.06942015506859077 1.5805929737829834 0.49385494887326636 0.6641251139210612
1.3304486153997885 0.04252693253700906 1.6810169913997204 0.25547159701482824 0.63858090392243
1.3450676877292753 0.05204453597742556 1.4932260197404688 0.42957190631746744 0.5977347436598142
1.3146728552652913 0.09542704768530365 1.6207401086384345 0.18624190600935586 0.7968640324454739
1.3309570766773915 0.05546412279507405 1.4935237490380122 0.3925842825675902 0.7173567992438991
1.3713404035200971 0.09128380476240384 1.5567291373268193 0.2826311805193554 0.8586220706315717
1.3880846257976607 0.11651568364205654 1.778621345151091 0.3091613480165121 0.7369167885752527
1.3431627012722933 0.10897761723906216 1.6066003551914658 0.3341007641951458 0.8476441899251081
1.3563797415942644 0.1283325552472988 1.7929403764917442 0.13159866351287963 0.753143069370905
1.359424941851959 0.12368104684746326 1.7895877523338475 0.18172895126685032 0.923723350558879
1.321176397620266 0.07196159621625396 1.5294893383919126 0.4398849613585417 0.6238053488609271
1.337045952544743 0.0663004039529664 1.818107588307372 0.14964947662566017 0.6164240945715957
1.3478220907052836 0.0909866949502318 1.4367749643072867 0.3231843083393912 0.5623230038253794
1.3582229416938048 0.06251463568315285 1.7096197593361093 0.14243462303974663 0.7022707976447133
1.3449603536545687 0.08241564551194348 1.8452109590445 0.43696307587081523 0.8438388521050888
1.3833193565801092 0.09149798137038 1.8673046928456714 0.36880480220818196 0.8336213213523175
1.331105771024314 0.07138943629676235 1.55160020066629 0.16833005537990675 0.6000097346134651
1.3585897500364923 0.07998553097759833 1.5551641032844543 0.5362832113758504 0.7121088046573228
1.3640590415041294 0.06740614963716329 1.6700114199681968 0.40586764952241733 0.7952971803625901
1.303303153617919 0.08122416881156766 1.502650671908472 0.24913449390557713 0.5772228651038307
1.3566890635500193 0.055396573498155986 1.6860778012361828 0.2058454585162765 0.7623371737725683
1.3763752471403272 0.08534317108779041 1.7504441967063065 0.3785350739911873 0.8628650833451017
1.4021174560997967 0.1281184770141807 1.9327586863739148 0.07243229443564206 0.9418032041248554
1.3951173468204743 0.11877154058130918 1.8799700407341575 0.1821245712158357 0.9327275653293576
1.3252997115987788 0.1086934044774722 1.7481651858377258 0.21294546828843353 0.8822307796317208
1.340678828314182 0.11155148595375768 1.915598560208116 0.25251289462256404 0.8927944633478986
1.3016807337516065 0.05255982761830772 1.5871394353859072 0.19280463375988377 0.6426116919286167
1.3416771103247067 0.11340186776610678 1.5328502808052153 0.29588767432167856 0.6807553870643972
1.3170153611888495 0.052130512016543944 1.5984768611989675 0.33992529850831726 0.689923051388971
1.314378085579712 0.062037875346961126 1.4538195703647614 0.2980079990254975 0.6146012574396762
1.3543163124856128 0.10150002117931263 1.6092368185622856 0.30625121745114775 0.8777767549454248
1.347576498898245 0.10719689176632649 1.7661487987454012 0.10647126695617036 0.7399348909627287
1.3819725044603777 0.07897407310740434 1.8795475181708798 0.10109737363248118 0.820930571305432
1.3666025808368893 0.06461724662643142 1.6479609014660865 0.29521256810856156 0.819417516997483
1.3768579776610372 0.13009347013614922 1.8713751100811198 0.2488899919642461 0.8792824621722155
1.3768579776610372 0.13009347013614922 1.8713751100811198 0.2488899919642461 0.8792824621722155
1.3017200698558307 0.061997077074047016 1.6737012331512606 0.3072985669502494 0.6173135347792745
1.3222981186550298 0.08884128529959472 1.65504925659235 0.39174853313338354 0.7841587503337726
1.3257469725792108 0.06564835473567472 1.613388247529313 0.42806878024836154 0.6007158682975545
1.3712027165194507 0.09646443154326288 1.8233500248733328 0.43955493099601106 0.7918191320319304
1.3412084314717798 0.0729960995035819 1.4175364244186812 0.4043585179335347 0.5746060648130293
1.3394544603742724 0.07059647055721371 1.4041439466382226 0.3352665635668704 0.5638357117851126
1.3424277351537197 0.057711115447129764 1.6942380058599449 0.3957336435464617 0.7496078967913952
1.3070644323598453 0.0688414590137797 1.5260206026193284 0.29465943179139636 0.6995098009561834
1.373132564783984 0.09334386571755382 1.502908014507713 0.41111698666575486 0.7811750723059313
1.3822017133580968 0.11918228319840969 1.8234186353973396 0.14580998445124557 0.7286954335507956
1.3164291693121983 0.06452030428547484 1.796745280499 0.22623514165791828 0.5961208366800134
1.3336339121363152 0.10542339128540847 1.5430685403670457 0.22059278458528847 0.6190539333246404
1.3246975619024033 0.06612026215754889 1.827808289897192 0.15090806543022145 0.6645020283988766
1.359784617039688 0.08823058286912691 1.8935649095205638 0.3634847065120844 0.7117539946742841
1.3322995776206468 0.05787687909696649 1.6119281524317626 0.4127280677600522 0.7204431293427653
1.3294935296548946 0.07610294163154759 1.6432765281840296 0.2553446546426206 0.8760281502760748
1.3742365464049557 0.13993932656360392 1.8989205752798568 0.13403888791906948 0.8280796168716512
1.311632642038038 0.08126052899894481 1.8377489259239033 0.2838614389570881 0.7416936099027408
1.3159615830264932 0.07425224109004239 1.4793502931212485 0.3502000884577742 0.5932673118108244
1.326498963819765 0.10780719351024265 1.5958602075128954 0.30513906416566644 0.7610246820683995
1.3773148228314995 0.09931199206604945 2.0248902549176866 0.20612332822394516 0.8616204338289769
1.3928823163924342 0.10119745317063962 1.6699562913944361 0.32831834881709143 0.755185755820466
1.3248697261402094 0.08376398282686046 1.686054186428727 0.4262099817568266 0.7110807005354547
1.3643183442149267 0.1312878354885972 1.8261473497419027 0.2423813932375803 0.8271162540829184
1.3558525914825994 0.09924151714914305 1.5623077448223426 0.32434033233446957 0.5465112824803677
1.3280384047381624 0.11054640465206154 1.7913292376924304 0.2739818849344763 0.8454334113433692
1.31201582066647 0.08033512597175302 1.7280402862252344 0.1784739511447632 0.5713192728957444
1.3565095919213683 0.10580488705771736 1.824178740368327 0.40159489251807745 0.7845899945265841
1.3705545420960328 0.08493932118495842 1.5034495738581883 0.3717194364552812 0.5967496134224312
1.3223827020189347 0.0402777039707506 1.6133163986853627 0.2297370253567348 0.48874214821642425
1.3260287271790654 0.04883952511724289 1.7183021488927797 0.2571973833866247 0.7028012074077222
1.3714679813428 0.07628894521232156 1.5060963169474768 0.40096824940140174 0.7285369863709206
1.3999698549560873 0.10994001126430544 1.8582029770158295 0.1776729168418127 0.784014602735236
1.3249646763481169 0.11351832630470188 1.6711814843777963 0.19490501025630985 0.7811554999622616
1.3494710632296685 0.07484953788444057 1.819392483999648 0.16413149536079075 0.9255846125739468
1.3671482261480064 0.09314582225089285 1.9517419790789226 0.14309252267157574 0.748470748177126
1.3096811822910372 0.05912814181150226 1.4997132401334188 0.23058293728028373 0.3928392964528567
1.4011122278859682 0.12443966678962541 1.8434363669129397 0.09819342402980626 0.8963547816514604
1.3764386842523275 0.10842576771814509 1.6839350833540714 0.16297535167469798 0.823212582377403
1.3011596379550878 0.0792052703240111 1.5580288578948749 0.28965976010142186 0.588922120081471
1.3582234503255153 0.05626082651855328 1.5899825181128608 0.2307688168939729 0.47003503385815176
1.3716555239367323 0.06559131267735517 1.5686217337527872 0.29981516329400604 0.7472925876252732
1.364712011557456 0.10040996737160954 1.5128471495711822 0.39320189122459737 0.7081164572339195
1.3753926555195584 0.11383988026083029 1.7265149563611946 0.18752965405738395 0.898327557745397
1.3525747167867825 0.11262449279465553 1.7133006964840982 0.36680385586228265 0.7412492468367506
1.3328265784351452 0.11308885479648474 1.7229262004668544 0.30781310889477054 0.7176887104261713
1.3197167353226242 0.09255916239429786 1.5113044893561098 0.28437149416113927 0.5796326502404348
1.324537686746753 0.061509445753939615 1.4680145801162827 0.3757708842778094 0.6102174623573255
1.358410797943353 0.09468353004585776 1.6462103481866517 0.42819013429860725 0.8354837158879725
1.3264338223413714 0.04773288472648144 1.5784697070711438 0.3271081724753611 0.663368668387494
1.3423795233246305 0.0879540689554968 1.4591015722214287 0.32084433529524947 0.7268990494686629
1.3302386893643057 0.08084175007866994 1.4824392607295143 0.2625094193760902 0.4628799250724281
1.3390970942075175 0.07587927717508558 1.4231795491271726 0.33113028170352304 0.6420605629344734
1.329130667628756 0.0699096999751931 1.8585029847523782 0.14951243317420726 0.8730085227764365
1.353778460238054 0.05454188075773454 1.523866072626971 0.2140676042270053 0.602899690876758
1.4003804307257777 0.10232094955296575 1.804540036220149 0.12613970350064013 0.8420779941999902
1.307198089024726 0.08297171088355766 1.7961842368004768 0.2345047790994604 0.7953496162567013
1.367047156099876 0.11198025359882319 1.676140812911556 0.2571490838997633 0.631286203697365
1.382536139188973 0.13440093780975787 1.9110606247963529 0.14015152964786107 0.829200320608043
1.3267505649629245 0.08751322255395354 1.7138847129529715 0.23333599769570065 0.5300979120638304
1.3976999447690737 0.09511281078388291 1.9315577109027884 0.1359040376326642 0.8553755427199101
1.3747206381176387 0.09895299811592029 1.958284222537114 0.29997789168759653 0.8482229283591785
1.3351019014777599 0.08253420885686798 1.7627092879142938 0.33450804694463154 0.5924684986648873
1.344262898456584 0.051210254124589384 1.6577324051482625 0.3094544289930143 0.5319328166540784
1.378760928347471 0.0868307566785494 1.8148204995833404 0.08795890492512322 0.8339030812712751
1.3453702390586852 0.12501787035469653 1.7694530876648098 0.217854822883369 0.7679040862763665
1.3683060727688163 0.10119955476290371 1.9599351621496304 0.2586671118406905 0.8990706179806645
1.3594622499307858 0.10714125469299547 1.5899849594744886 0.2668711308577597 0.5830711358598735
1.3176715406742097 0.06570480629625239 1.5294166507850753 0.19070023511535178 0.5077119719450108
1.3839465206296762 0.1122358351393823 1.8559640147602772 0.2770971696882275 0.7917994918959235
1.3481406491010985 0.09380705958918151 1.889712556230896 0.26749151436749424 0.69038667714777
1.3514236923904526 0.10029222033214313 1.7080756638778318 0.16381342730910253 0.8942778283916583
1.3337369875888938 0.06515230313272795 1.8736350822849812 0.18534128807104086 0.8484430851509162
1.3047851218271143 0.09405796629016956 1.6664921749041064 0.24609558687414826 0.6313391840177826
1.368689459761112 0.06996315120653405 1.637593604608002 0.37590620328984975 0.6607007745508242
1.3761724544317384 0.09545028198679259 1.818648601470643 0.3708929842213802 0.821963003840624
1.3625803325908328 0.06082776062507237 1.6293916339048997 0.29736640502321454 0.5374507697408145
1.3417534197733985 0.07021605938083872 1.4385466976326038 0.2834622722090697 0.5830127986903639
1.3784465048839165 0.07657775167988863 1.5999760273066284 0.31372694250990835 0.762151020518316
1.3332452198696856 0.07337166739656785 1.6804538265340425 0.2514405476191026 0.47472695139758964
1.3778414346355528 0.09489686421836806 1.604487754595074 0.3802332048560675 0.7333973917889669
1.3763389622113542 0.07809924648658874 1.5145374450892746 0.2916764943957012 0.6203642780473522
1.3366449578865547 0.10460675637833952 1.7457685791188555 0.3466155306814545 0.80419138592747
1.3625722553069648 0.06974450621966741 1.5367546532557648 0.3259829217208224 0.5076127126566718
1.3484788513453283 0.12283417283592186 1.846739040723448 0.23588234844971975 0.8206406536322852
1.3297320648896305 0.08327172933737305 1.8430235711051517 0.35940605265658104 0.756788677182226
1.3737524274441169 0.09594215886708443 1.7131488895872868 0.3959519443871309 0.7440285676143522
1.3530622750209815 0.08381346009324937 1.8547361412390075 0.298788353998931 0.6603295866373466
1.3514979563678942 0.06883301214563907 1.5202507739020321 0.2626979592790792 0.4175005845080972
1.3321812640785962 0.10424442170532666 1.6203380712663693 0.25442988433711766 0.5682965888573411
1.3425311618813027 0.07163710313536914 1.5559753484981438 0.35433330229131604 0.49798264538615966
1.3608305296020806 0.08818035712767301 1.8851239867755143 0.3778455435098751 0.817708177525746
1.3234719370307433 0.08013524207711727 1.4808461112280416 0.26775285900633833 0.6396414682987716
1.3429422503327146 0.11251345147948409 1.6683545629444252 0.17959405061092532 0.7892194753593003
1.3070863232035341 0.06022309461161616 1.7186288897445205 0.17926357910904128 0.6407848414987347
1.3723774488972977 0.09165389767459729 1.7684823932473794 0.3952207470412789 0.7666251541664908
1.3341899939299104 0.09434661849575376 1.7391516228205184 0.33145110336156963 0.8508120994736372
1.3688646442586976 0.08022580754996597 1.9245279189756586 0.23886023922411698 0.7675666159404755
1.3298553694472506 0.07983378151691034 1.5712977705012061 0.1881730712379144 0.756112506325402
1.3183128753776474 0.08243844691084211 1.518477221746215 0.2179805839160416 0.5916070514238957
1.3197386194792395 0.11039314775745704 1.7843661836779745 0.18113499318899215 0.8108566783283279
1.3424977326374754 0.07242982349233835 1.8681401681850698 0.3064397208775415 0.8513104074093851
1.3671686650168478 0.10899995590925356 1.6089000804586433 0.3479675060614975 0.7646915932170344
1.3481184002299873 0.07100160281605024 1.450893888630869 0.2992280741388067 0.5261314945891206
1.3553514605280688 0.0525491673690452 1.483902407126818 0.2665894060563895 0.5669558788593116
1.3275380401286843 0.05317514661216631 1.5118293544402581 0.3493947174462171 0.6174931355419514
1.386279134267441 0.09341129422166118 1.7872501198067154 0.16384035402084637 0.7241748564967695
1.3421565604775196 0.07360380079705602 1.7555984834368064 0.4268169896597975 0.7256084737992828
1.3696203495153876 0.07111461689478853 1.507402875307129 0.3105143164000528 0.697577739305457
1.339479063377398 0.1030672001503122 1.7504986461724652 0.3459742521202238 0.7140224737630747
1.3454703797887668 0.08100368427570756 1.9153685556549576 0.1595711237360837 0.7225253644866725
1.3421376708730277 0.10945885120591171 1.784782542276644 0.324255891507606 0.8053103373076463
1.3310597611713297 0.11794983176448717 1.8052651596400393 0.15337438036628395 0.7943230144193419
1.3327441082154396 0.07576430936965103 1.5341079887046836 0.30529439362181804 0.797047806672587
1.3471870976962417 0.10118914503406462 1.7339136048914663 0.33577922264074683 0.6604830547109277
1.3139289174463902 0.04763512236788215 1.546083936487015 0.24531109131162127 0.6140645831852201
1.38052334232991 0.12228906416802691 1.8555363994729457 0.1357453522212167 0.773678012611186
1.3355612350711463 0.11607388900463969 1.711339658007116 0.2024253115294822 0.8216451085155226
1.3150837321119015 0.09313366079485438 1.570604631422913 0.2514352672197409 0.554588259875309
1.3536620757088667 0.1202189070576358 1.7345110038519063 0.19572223730441318 0.7301177323853207
1.3064004058061032 0.0867356409780189 1.7504044176477946 0.16973933270388558 0.705879968729156
1.3309607630470508 0.041545004910469537 1.5863064994317606 0.2390879569490715 0.4589115209552234
1.380478057900249 0.118347901818115 1.7983227740664778 0.12737122026236922 0.8971896706389866
1.3519341802602733 0.09155412543775292 1.6615925060748347 0.36623426171938245 0.6163326092658356
1.3114391222526058 0.0735685236678483 1.7957154539247813 0.2714889567118501 0.7355247432535134
1.3872798894621396 0.08217056939882333 1.8282274051166456 0.15703370995038857 0.809723194192106
1.3323694559530748 0.09306043897787089 1.542596114782439 0.29851319999277354 0.5526653810705626
1.3814786653235323 0.1054189535133584 1.9001806891236397 0.16795808540604049 0.7533198098084344
1.3374715824534165 0.09278518033253473 1.5903345882777118 0.3865494972803269 0.6766732379946561
1.356407418624762 0.06730432873350424 1.4694034453116251 0.3665785059315011 0.6289639696001228
1.3295370860115265 0.09101167538403078 1.6992009585571468 0.37876134106952153 0.7305944696743664
1.349886231479358 0.0985736652769491 1.6058950841665256 0.3266507272960771 0.5962778588401
1.3296407830751025 0.08100815204389455 1.4802572112943777 0.2636054848212979 0.5707472238703784
1.3194360413894104 0.09431161691173408 1.6947650367100675 0.23959425030446369 0.5836565903092747
1.3617329671331517 0.11822679397409583 1.8806671885393509 0.12056345296705463 0.9353087623578913
1.3619244007091877 0.06745357336662297 1.837319791491303 0.2563539494923755 0.7551345230419872
1.3191852246940334 0.09937288850179771 1.7465175914404716 0.2854899984923133 0.7623208976451094
1.3276349280286877 0.06332040294275597 1.5194047485627533 0.32066655756428264 0.733667395920608
1.3473486803304668 0.09159669526122001 1.7195305557030305 0.29171460593979054 0.5792416316858452
1.3071670159446367 0.06790561472138928 1.664132993095797 0.27891623633461243 0.7392752438735171
1.3071670159446367 0.06790561472138928 1.664132993095797 0.27891623633461243 0.7392752438735171
1.372755536331821 0.07471900482637632 1.739873417585106 0.17595225404949505 0.6957787115998204
1.366641296621958 0.07145387233278694 1.8501392344016168 0.23630496258811443 0.8427652884377406
1.379751784728338 0.10748909767079085 1.8152559587111414 0.20182985305081133 0.7237808863824116
1.3037566838331165 0.06396876496821785 1.6309134446494595 0.26546547655253244 0.6963056470563115
1.3162080860431185 0.09267825730139169 1.816123047058288 0.1989987510793236 0.7074628301103749
1.3243464160666614 0.09462855346879778 1.7170969283116593 0.321333198838333 0.7944387986604852
1.3209421029962858 0.10474560927423092 1.716233309505753 0.26949392275057754 0.7515109044298975
1.3788946181246418 0.10496459259707207 1.779139918117286 0.3210619659058694 0.7734826576466525
1.360905984318948 0.07760722164826235 1.756939540491552 0.2179337325524002 0.9016953876349565
1.357249229294564 0.0745481818079087 1.8834215784393673 0.2836945153416799 0.8511243738288665
1.3106163112024263 0.05460217966931822 1.551783484614762 0.20369248660663217 0.47262314252841725
1.3772189132637191 0.08671010432402994 1.6208328266537424 0.22839188346081415 0.8063200131734328
1.3470541255933273 0.1098953241935228 1.8379135546556613 0.09757925996219274 0.9051076297094186
1.333120021623591 0.049651593710567384 1.5092863398782912 0.29129953783644746 0.6431572682566783
1.3577176641875437 0.08360667787274614 1.6478142273794116 0.16506124307220316 0.6497403529898935
1.3602894048718397 0.09713183770718932 1.563745560497274 0.32765344909042177 0.8022470175078777
1.3368711133802709 0.09673249697226806 1.6292719835430516 0.3536465285421026 0.7870212933612364
1.3245745168046823 0.10320595370570584 1.6021996653132056 0.22676722305673847 0.6506305544653935
1.3526918957301608 0.08585157156348772 1.783059643913163 0.39556689914624177 0.8193893410111612
1.3704782398439366 0.10140376137431742 1.700842495567242 0.2539797802976827 0.6377772870180404
1.3249977288556392 0.08304363151203024 1.5371574094466194 0.30058603306569204 0.748401725594223
1.3758017924548405 0.10925424935667878 1.6631932343229412 0.2250162470366917 0.7061793670838855
1.362034503922382 0.0862670883290728 1.500986813477226 0.35971900310194044 0.6809616692686448
1.332171297433601 0.07641635140613212 1.6447555641367932 0.3623934592718496 0.5762728554344585
1.3296296136555572 0.06596429700977467 1.6113333451685898 0.1676086711462543 0.5732347558992466
1.3701617947303375 0.0963701030905555 1.6161052717767332 0.25665017688091757 0.8388800332932861
1.3582188494639769 0.10302335680894359 1.8865642523027475 0.22981830302082507 0.9104289168615426
1.3572169798470313 0.08427681358024619 1.8399106237653537 0.3674757962552049 0.743860664420016
1.3436443650277339 0.07177094014898505 1.5474512880468292 0.38303869549484537 0.7726547670668134
1.3261151545806351 0.09409179651086831 1.6805227420769846 0.21784554825161193 0.8505769740838636
1.368307850539699 0.111470141517149 1.620698993966971 0.291122801313985 0.7450243833348466
1.3473168008608056 0.07500387784738687 1.5448932480794726 0.42435802175947995 0.6879439605095802
1.3709110962793278 0.0771502748553715 1.5950167503434267 0.3598499766436664 0.7284451147869413
1.3106158434343662 0.06531978841788494 1.5344311614073651 0.24213205677281335 0.45116921950577626
1.3553662457575275 0.11927893963512685 1.700118169495092 0.24553736826399228 0.7897402495041781
1.3312244047007034 0.08702729044740924 1.8480833382358934 0.3134855317469239 0.7355028050990207
1.3207795578842183 0.0693043157351865 1.6598749931493777 0.3506458067390994 0.6083193342562544
1.3496441165738609 0.06978105377472112 1.4804138250392476 0.3764117845982448 0.6648769147648556
1.3571668960487906 0.08926230411895018 1.8162027726529475 0.13405026915362292 0.6675953279172357
1.3487574838912568 0.11261873619001032 1.642023102034479 0.25865415130693786 0.7877910244147882
1.3602903507377568 0.08612726199494827 1.4929066387098628 0.29697082913329803 0.6435362804028071
1.350252301867405 0.1236995008894803 1.9019486948719084 0.13988907984234467 0.8416398148735695
1.346995813968951 0.11217927988930135 1.7797940350968844 0.2669046418778575 0.850070887784996
1.335758563876409 0.06156946167964933 1.5185000368005772 0.3735147928112986 0.606566675874791
1.3638752143037598 0.06687556325319678 1.5108099915576751 0.30081461312278657 0.5778314841315612
1.3193872664602837 0.0476433978077132 1.5640083268869571 0.2200019631585125 0.4572943701816251
1.3438192261922222 0.06605296936385331 1.627371467319839 0.30396116349756047 0.8218926991605424
1.3171944496293908 0.09590239971764641 1.7026446728037694 0.17027404872668225 0.7870389146415673
1.347338310267969 0.079674781734296 1.572104423751759 0.3245944089120489 0.8198160330945947
1.3541422994597185 0.11336574608540961 1.6583995025173532 0.27674592037344997 0.7135837603232577
1.356407577412119 0.0891853202927331 1.7334120392324066 0.30448038998638816 0.8787593832670613
1.348357739157191 0.08172067306815922 1.5461854091599587 0.40481659915892604 0.6807833897107013
1.3336915867757209 0.05959851017544876 1.7191128466176901 0.3248447387721073 0.7543372227700911
1.3304889257214056 0.07880232987059273 1.5664629621726052 0.21906329218688037 0.7785532503264255
1.329151499109492 0.08081568616901211 1.6788297894016182 0.37738282104114845 0.7547783312911547
1.3822900047712223 0.09217305555643175 1.7111203531559895 0.18539829176235692 0.74375419349094
1.3272190171196256 0.06612320774059768 1.50538633498106 0.30802543696665907 0.7005948102276578
1.3392209699204178 0.0859855018704093 1.6116243139994095 0.1705913720996939 0.6672438083058265
1.378464220358058 0.10644391325767713 1.7414125529409805 0.20037885556644702 0.7227204056329293
1.3769864722671306 0.11480309384581666 1.7643370294655867 0.2611242796354084 0.8241541070223742
1.337964900682266 0.09749141164769543 1.605783485391874 0.2204745950067637 0.5712966322113059
1.346983528105825 0.06797136452460009 1.808454352754907 0.15604090426129608 0.6628772261506944
1.3491102328192572 0.06943368370759209 1.512572464607317 0.27400219172191603 0.7436175973377468
1.3262864972607724 0.07844737466344853 1.4978542159430202 0.256158412738536 0.5832708319569208
1.3569852000986893 0.07024358280949959 1.6685412224399958 0.3721491836869465 0.6565221695761838
1.352643024170107 0.07539705571015681 1.5643502313257902 0.4070838225421519 0.7000890903787339
1.3475774373524823 0.054073364001782996 1.5164140054064799 0.2842546009076781 0.6524113532650527
1.32963528624342 0.07535212599183998 1.5887291202089555 0.18242226504565906 0.7416847359430039
1.3363405091929152 0.10321930936621919 1.7733908770888882 0.11813905927453663 0.8010474240843384
1.357667240322121 0.09001157246591203 1.8016458210443305 0.2928429592138689 0.6680770069956553
1.3609213891295509 0.10284499627047028 1.7036518598737425 0.34347367094386616 0.7345681145401626
1.374888528421962 0.07502116524279313 1.6434826651018692 0.2898979872751054 0.6944175379798125
1.3525314988945256 0.07281438258569302 1.5403085267638867 0.3096189266092479 0.5140896168347326
1.3905188916622757 0.10601764925400471 1.8976321559026812 0.14095734317626266 0.9163330795603992
1.3232896924574094 0.07725949615119362 1.6002148535315128 0.3103530116676125 0.7762878278543596
1.3558624044162926 0.10722109623878981 1.7541759696552806 0.3143941846247396 0.8254031681835551
1.3334793799669198 0.061828361598276316 1.7834658834961439 0.19510882594555753 0.6397756837794314
1.3687402112428686 0.0833327003789546 1.7386580403002787 0.1791874109616038 0.8887304689915608
1.334477423530462 0.08279843724671737 1.8536745750645043 0.20685737748948899 0.6745989247486135
1.352340372310711 0.08202625288042603 1.7886911023801826 0.25664416878823076 0.623131968500015
1.326216164982601 0.08246957979689404 1.8063015681708783 0.31262200019070285 0.7820803530909448
1.3621433994544616 0.11055684994813729 1.6345762106159354 0.26187950872054244 0.7595749356858885
1.3448470222622328 0.06374308490167896 1.6769007222222438 0.17461433837496962 0.6075871548605937
1.3330955231174864 0.08480169718164966 1.7539914823521827 0.24520970034320086 0.5929629735506181
1.370590407828049 0.11752137482619239 1.7514732194000389 0.1907824395986715 0.8375936677876663
1.3154003486926933 0.06838088772607555 1.5995242813551367 0.21518416231523263 0.7554945545720112
1.3592808992556886 0.08780200782880114 1.525408646836583 0.32250267894979223 0.644891904445004
1.3414741960382275 0.07159921642382015 1.6567441893647674 0.2589710464638208 0.49995204266275645
1.3598988325762837 0.06826454926414624 1.7209749442003266 0.172628361212068 0.8376824546270526
1.3298288774019296 0.08978690581371081 1.6535684291619068 0.1612360231976261 0.7156013219283314
1.3446029491937388 0.10347692152697346 1.6807064771855622 0.29308721538248406 0.6624807599499563
1.3510752033878002 0.09479083464504653 1.7599836737625931 0.35833653376242064 0.7388679852438309
1.3138759547692318 0.06311552820610387 1.5775374345402915 0.3071651839156347 0.5866444337810888
1.3733249841409678 0.08361670508536476 1.7184949069144348 0.3186649160747672 0.8019884927395903
1.3356467603248543 0.07266753712116501 1.8459803609731726 0.3014702892005251 0.8016223981431312
1.3584407432748946 0.08154560783232928 1.8786870129615052 0.2994572090921022 0.8319746741740339
1.3118701977383869 0.06953405255113623 1.5456316203862654 0.259374893059009 0.5123650201425424
1.3744579747721213 0.0870693855550187 1.8364161984181155 0.2846576620572312 0.7949864430329211
1.3284011213339424 0.07060581228277255 1.518698958547576 0.22796052769013314 0.6667984576034359
1.3761673107185874 0.10628517406579822 1.7379494323263072 0.17444972278562726 0.8613287119161984
1.3638011807358508 0.0704942274441957 1.5867404485988854 0.3049255635352982 0.5802999959144061
1.349422092155192 0.07490598769176193 1.705160297363586 0.25490384997226756 0.5553354554879102
1.3699061511963109 0.0848282522530645 1.7298426656146741 0.2615942829683194 0.6512697380107032
1.3374553754138547 0.08134960009615137 1.8972135544463482 0.16039183587273112 0.753897280502454
1.3627811615736527 0.08191862284825394 1.8529425717380703 0.30342115108519074 0.8309170410201476
1.35596935740674 0.07242559974097415 1.548239546726632 0.22169386707296918 0.7012316160275334
1.3274794545160775 0.07715012113285656 1.8646565492393057 0.24117829642104993 0.7348654681602729
1.3519759661445805 0.0555961821518791 1.557040419101583 0.23022053884652113 0.5815236646939801
1.3427694046971996 0.049314411247587106 1.6050284214820327 0.25791014260420264 0.6345321646247595
1.3714344794394773 0.10603145830499923 1.8561657057427954 0.19538127529150828 0.7494673631541229
1.3569821969512483 0.08823701545285137 1.5353581830287655 0.29579405840720707 0.6072200226679894
1.3484093480221397 0.08817625470998534 1.5353573436915138 0.27732950376306464 0.5701779950508732
1.3550588660644398 0.0943348233687135 1.5938652832829154 0.2052244840768344 0.7251604353615841
1.3487138472606648 0.0609885426428989 1.6072472745009172 0.2664361275194569 0.7732683768593601
1.358670704959584 0.09818153480526635 1.8617208453325542 0.11617157750153273 0.7343889967715634
1.3500912477167535 0.06859850465844368 1.5266959761527015 0.2846164134429241 0.5017163903182625
1.3564717630734702 0.09511287651528391 1.600732082754868 0.313694487145451 0.7988143388283931
1.3291220930357526 0.09191183398344498 1.5993530935441143 0.21873778762380927 0.5741839408659044
1.3293841569291018 0.09638320222440519 1.6790864540727688 0.2627420196792258 0.8143798823468541
1.3457847495258413 0.08500762362353248 1.688236547966501 0.18952497322934406 0.5851592703207597
1.3250096589747793 0.07571019434667814 1.5922998068390757 0.33483528438022075 0.5982041845796114
1.338861024376564 0.07771641165316547 1.7524909161709084 0.2182281088773674 0.5840133761756474
1.3928206710363942 0.10454728924053161 1.895760615383201 0.1465585251715322 0.8798622913643509
1.3097957976415313 0.06749132126973027 1.6222016572482758 0.28832936839613915 0.6173909273003159
1.3608678707158797 0.11414854706570879 1.9389824998721652 0.09995755709038306 0.8446393673507341
1.3421022707838743 0.06584957572511034 1.7971647638467103 0.3064722698334361 0.7749798786921077
1.3404909572544863 0.07948451925186455 1.595312999613933 0.3290995199424667 0.5643935319099996
1.349217284326323 0.07784805292079926 1.78308384602426 0.15283025190027422 0.6458599137107246
1.3600984043631767 0.07280465559444255 1.7981777540013049 0.12071138675867543 0.753824663013661
1.3714593665159973 0.09162595986559838 1.7640384190155018 0.321690298636353 0.7664435895302104
1.3826344956860337 0.10969155154774506 1.9416232605292314 0.15083268499999591 0.8907601318110655
1.3599789138416132 0.07858451424920866 1.5528646052181951 0.23331891844892794 0.5850116392245182
1.3558053987544805 0.08478076757168704 1.8511079194251079 0.3214239201346937 0.7692880382446168
1.332054081672848 0.09064346190665422 1.562999360012507 0.2838379418303477 0.7226190313373939
1.3673359120810658 0.08100588227893607 1.606010430973448 0.21845930338608419 0.6454854934899957
1.34957049249094 0.08463795928972961 1.5673519878120943 0.3152714030208443 0.7865102356720608
1.3600371995052614 0.07980918773363112 1.785691357031776 0.3376782833614812 0.7430253525313321
1.34145262908969 0.10660293071572802 1.8439803469046327 0.1724129996356099 0.7520634028766079
1.3545427040141553 0.0854786635398746 1.6646875250972086 0.2543709078855258 0.569090520932057
1.378310456920194 0.102852839954858 1.7797175111750874 0.2364629279210896 0.7599401268753531
1.334984770115109 0.08555106624329999 1.6055629256285955 0.1856211699219348 0.6317986444208171
1.3566104658545366 0.1128308248044394 1.823245971181568 0.1895382399450698 0.8841723124584752
1.325521431386959 0.06661771339469627 1.682636886128095 0.33835721598681123 0.678806163760147
1.3273520285113123 0.07342515330962444 1.7871019486861948 0.177143795044694 0.6428621179127301
1.3266580328187858 0.06628340043889822 1.5417307324547596 0.3279831856924899 0.5974750252934184
1.3307943151650232 0.060376978175542176 1.65704493944056 0.1828466918794864 0.775742016976592
1.3384011893507106 0.09525408289885387 1.63065036699868 0.3258901220436505 0.7046340083709437
1.3285966278726107 0.09113427850501114 1.6962410987366425 0.3011588536501264 0.6590134412236752
1.343798964078006 0.05781288520494068 1.7331730946442736 0.2516187542226106 0.7331224954080409
1.3376496224668797 0.09606876638753062 1.908853564569994 0.17546917862821468 0.8388423265242247
1.330850495023888 0.08892056295435646 1.6985523194400014 0.1483467950148435 0.7134690537396664
1.3617153370589072 0.09216344379782952 1.5854835859956666 0.2344993383408753 0.7541370485428548
1.3628233424194856 0.09694814915288077 1.6365439411615341 0.27978799923158004 0.6449484930091534
1.329743312431238 0.09617782524027155 1.764082814926803 0.15891495412905043 0.8583908306289186
1.3603576930837427 0.1025788127382437 1.6494896858342023 0.2558055774239655 0.8161367679892843
1.3082357744111197 0.06580337306968777 1.7046615685246973 0.23240250438491186 0.6593268717187654
1.3613119793625144 0.07395109287807279 1.7464776257083312 0.23452919141439285 0.6464078682216653
1.3215699165373052 0.09073602361672536 1.6471812282824492 0.2090370512088765 0.6079740950694177
1.3600545606920553 0.08211215197777888 1.85272505273857 0.18592715701647156 0.9011466586089892
1.3329744452376078 0.09324427802298049 1.8057240727406156 0.17082206887237783 0.8832760112625825
1.3265326511489666 0.08218612752401092 1.585389820382676 0.3165483088217156 0.6155443620270077
1.3116678816939273 0.06351847951323779 1.6861759002511068 0.18185542096484486 0.6409380200585215
1.3731235245465718 0.10841363829617663 1.759035994191169 0.21934810271296115 0.857812368003034
1.3394062999432728 0.0911311405585483 1.8562908314694757 0.27592768337613943 0.8264269259298955
1.3352353578428184 0.06037830865330874 1.7357684602183385 0.2943831745424005 0.7429529421125226
1.3127959266870648 0.07476096962458836 1.6239090549209632 0.27038996575434276 0.5689961773972008
1.363356821868857 0.10182858608531802 1.637254341818827 0.22649771027252394 0.7818029905845391
1.3200648610521362 0.09350492544757782 1.7700138895093884 0.21397847439563378 0.7131297139503405
1.333583352600543 0.07052533477856733 1.7596652681729288 0.28181743905545925 0.6179078441655259
1.3521437688390465 0.07277426118387544 1.5263090311548049 0.23659211239914452 0.6431972943983566
1.334567326345281 0.0950051084053539 1.7482753141241691 0.22863027888149737 0.646885509573015
1.3410642410156433 0.07805451855913506 1.7464189969626769 0.24353352167427655 0.5912219985606073
1.3234126544769351 0.09750491788622741 1.758859432972418 0.24227637150814085 0.7574458630249276
1.3664208458460612 0.07563205533634186 1.6000999285759052 0.229035722406655 0.7199197965299988
1.3201171693013287 0.06171130180520837 1.56519044513065 0.24669084343440514 0.4706712025043865
1.342787289743713 0.10128536598167731 1.6094170212074106 0.2747120803022816 0.7173431582148202
1.3693285967353708 0.0938121979584802 1.690683405810958 0.31788526435100845 0.7925984366687618
1.359161401554095 0.11237216177318388 1.9030404100239955 0.06840919935567104 0.880436246953567
1.3442891110600166 0.08051732480734615 1.5615900402820264 0.3424095566410464 0.624557931059274
1.3733794735034672 0.09938992578508547 1.8952826614628018 0.07156500043650887 0.8996367668612362
1.3617802641239556 0.08556696332066083 1.7885096914680259 0.16418616638148176 0.6749181078693423
1.3408859480698072 0.07430993503084758 1.5955013790872425 0.23038743074217763 0.49800348359813784
1.3408859480698072 0.07430993503084758 1.5955013790872425 0.23038743074217763 0.49800348359813784
1.340225066367768 0.06268742442885564 1.7123178340254142 0.3255358700072113 0.6687845715325424
1.3219648865936229 0.09372836530770048 1.7752549474822659 0.16071338857791526 0.8223782898507298
1.3379119698505384 0.054968055411844796 1.5806047862206623 0.2484648741015658 0.6996016770556911
1.3279610715405534 0.0814872813738878 1.787062664955455 0.2334285268470403 0.6466371335345815
1.3410567199753147 0.089945786855352 1.695034936927558 0.3445467173612887 0.7114669765210093
1.3151376475361798 0.07165465844948068 1.624857511554798 0.28039843265302833 0.5671821220704798
1.3410914968445957 0.055126552637503504 1.617649838069637 0.2286602686050339 0.5451448125653418
1.3352056385834046 0.08993080272122754 1.7718659271811599 0.13334500622961412 0.7081612414135643
1.355848835328478 0.0709197566156699 1.5718051308842638 0.31123163289703876 0.5803151446032709
1.3611365616853028 0.09003131306455361 1.7746124665346232 0.2761374370514202 0.8670227844862769
1.369451155420432 0.09372514480949318 1.7433832957156974 0.2669279199778298 0.856014648951254
1.3570068820037164 0.10389383445065795 1.75264106715847 0.13557972772106455 0.8343751374389405
1.3871934228948226 0.10553088809149751 1.8829104854388774 0.1327128331302572 0.82076842058383
1.3695468170013432 0.0813623773057678 1.8260154162660713 0.2431744153203873 0.7556301580636523
1.3436561033939778 0.09755537074655977 1.7587608542531852 0.3044758551397056 0.7347565227856134
1.3763350748178276 0.09677452404761347 1.8669611952433018 0.13210997419493475 0.9130375007082904
1.3702740672695046 0.10503859438296026 1.9123597237031116 0.10763228111010287 0.9205525337359242
1.3475615326814363 0.07719729337562621 1.5330033214177798 0.33151174685769164 0.6339569309447298
1.3637897708800364 0.07893744414403639 1.8739720331739533 0.11779238637370813 0.8446433670824945
1.3411057015741334 0.09732201216872706 1.81200025264528 0.27810863835552396 0.7525967426556145
1.3437985882124177 0.0732916667055265 1.609241988093991 0.2812955680853847 0.8096477604182533
1.3306857486818184 0.06827921387225 1.8137466757210015 0.213196399331044 0.8309210119087332
1.3586934751199808 0.0741876426844017 1.753078846274399 0.3183459645737901 0.7202831569183256
1.3565359380329705 0.08056783098446248 1.768808904944115 0.33750810661911174 0.739422538304887
1.3879862652260377 0.10917227491956487 1.8697303546332993 0.1526928237325848 0.8522320430974877
1.3296521193979052 0.050504628590342514 1.6029967350111562 0.25699297023337714 0.5431916365108419
1.3565350072237292 0.07087253917512518 1.6133617255596628 0.2821993978944256 0.564203210813114
1.308754955423271 0.0669441897262021 1.6246198538025536 0.21337700617825073 0.6851826288605473
1.3442223393966146 0.09031210734178563 1.6315377867716885 0.3345863803719044 0.6792948942904474
1.3163606252861002 0.07437915414209388 1.6083771737205699 0.26781594095981603 0.727019260133816
1.3613550394401213 0.08659215589102393 1.907702479061156 0.17156882025445147 0.7715954933374591
1.3502726146765882 0.06203884413999319 1.7179368215060657 0.28622295900269323 0.6976341737318142
1.3285994455374912 0.08801838035118237 1.623286904607328 0.19196404166089684 0.6393096822498678
1.3720607424892226 0.10202154605938353 1.8506711487329714 0.2370815621440818 0.8574137826705097
1.3083865271197586 0.06749492551137153 1.6145173561555137 0.20487981760513294 0.6193790370093688
1.3584588083914264 0.07979898981537571 1.609323048435364 0.22121705152573146 0.7880930409182189
1.3356469192601548 0.057950846565858506 1.6037158741858792 0.3187119347709149 0.6025712905447003
1.3439789794180705 0.09762697237316788 1.612561685897139 0.2600319372267655 0.6402022005157199
1.3146172734214834 0.07145123678209298 1.749638562000867 0.24753733624392005 0.7021008169024443
1.3379497393455724 0.07227655576025803 1.7235860923076558 0.32644732445510893 0.6454856692850007
1.337382662775337 0.09958138851779844 1.7729430352355022 0.14360561528562824 0.7373775805793944
1.347953860525323 0.09791586019268073 1.8119703402185166 0.2112266119468254 0.7006232054336803
1.3518699861399937 0.09660998265202335 1.8933278902018418 0.1877708247079873 0.8895979791016357
1.3154916671962265 0.06703927478425549 1.5713661465123794 0.2769905147030096 0.6420919608008967
1.362468753428383 0.07088596365958987 1.6759111614744584 0.2082698996245662 0.787781751710208
1.3440332025566275 0.10736194150656453 1.8380370898904088 0.11852170071077946 0.8082660569977909
1.3350891330738996 0.0881473997500953 1.6203138660832512 0.23711409750376922 0.5656057206154824
1.3626724493298794 0.08306685318027382 1.5721869023101664 0.3015464974172376 0.7191102024456298
1.3581696960932308 0.08075033097573019 1.8214139919941528 0.132695638417565 0.7142976314964439
1.3643527792119814 0.08623142556941517 1.5857430442617937 0.2655811214863115 0.6423108465816941
1.371735198047254 0.0834791699504417 1.8562929973223172 0.20698783254493178 0.8538278951116096
1.3245413069374874 0.09194209375117277 1.6918898884845488 0.25387513419145247 0.6516313378081993
1.3418550985385682 0.062359455766972195 1.5815276481702538 0.2292206355320473 0.7342331902344782
1.3775513704215219 0.11810759662990364 1.9078968678600443 0.07663917006229748 0.8979776337723052
1.3194565286543276 0.07486643724797483 1.5652325631178892 0.2142600015408333 0.6282292337732851
1.3287404782370615 0.05865968064517369 1.5190370038452712 0.2621760204582125 0.5581834913304313
1.3573046294122033 0.1008209084789963 1.6704184388602257 0.20243205041583748 0.7042800994334818
1.3315804423991764 0.07444263996533917 1.5584621302834767 0.30946775011261335 0.7184948250951042
1.3521351363075296 0.0859004538592239 1.5702507757264677 0.2662462223955269 0.5877240769557539
1.3514558189581605 0.06966526662908212 1.6371658260031907 0.2754179777902376 0.8025205899434089
1.341878317903292 0.0716442237253856 1.5667100181457567 0.20246899716234829 0.6560896048414661
1.338216303967238 0.09795371744940246 1.646785873161005 0.20451058106879855 0.677434823796715
1.3623667330417542 0.08480943598457975 1.7305425381740882 0.3304623999585834 0.7701430647070932
1.3221222315457346 0.08946378401882954 1.6522981781207546 0.19242278713470823 0.7333145611752683
1.3332356672938528 0.05557637268628958 1.6198958891677853 0.25928223084203694 0.528055217728523
1.346940600372486 0.09672971838780321 1.6045819564087638 0.24483291027552412 0.6469366570577259
1.3786266752964724 0.10852065378125841 1.7939883852905223 0.16728305661721343 0.8472609746737756
1.3560632328583029 0.0846749035223397 1.8426390107619357 0.29102855608676537 0.7631116446337716
1.3335237912989168 0.08200452631685694 1.7727386085992785 0.1752173011918934 0.6462959323968988
1.3299906363610023 0.0774581849767878 1.7619539874687873 0.18614038013276935 0.6300941663630951
1.3328285718965067 0.07215792746177752 1.6335912950188418 0.2806479246347034 0.535043857075469
1.3603961084240113 0.10559749307430105 1.8697500521727286 0.22330137919738197 0.8144105649948752
1.3577120597734842 0.07341774026905373 1.8352382411207606 0.1792674628456287 0.7255366747656253
1.362221986199346 0.07808972504086553 1.7114003972486915 0.3191016674750149 0.7165240389510406
1.3458603344956335 0.06663243944093278 1.8125083775231445 0.13870491932257098 0.7916840110431579
1.328605544646793 0.07960780454089944 1.823519353075485 0.22032831607472303 0.6985903339918006
1.3478055682751595 0.09395779353857 1.8413169992024914 0.22650674321631245 0.8755338718292734
1.3407268365013207 0.07725115222145205 1.740826398312529 0.34100417636667096 0.7622651891281317
1.3594642174269453 0.08242552205524085 1.600363945070712 0.24096461555208729 0.7783339165245605
1.3592403184241453 0.08299904144786611 1.867936091898051 0.1464703810037599 0.7418623413235178
1.3567554300671871 0.06477671443603636 1.6886499718252912 0.26253808394695777 0.6691181875932578
1.3307822571882875 0.08494817003743467 1.7282572439798014 0.31007072210555503 0.7678849983072682
1.3598816707695034 0.06925918764904382 1.7016091006411367 0.18656316686383687 0.7186163776886422
1.326518217567656 0.08124481107857791 1.7218526299615746 0.22048839815051502 0.6045399773467399
1.337312131438814 0.0990840518252273 1.8101688234125262 0.14950183153700516 0.8707584429602504
1.3320813699142353 0.07595590697148606 1.6267164724458736 0.2344746829800363 0.8084476570217793
1.3455209932250956 0.0905489513097531 1.6082895923599523 0.2612159927132606 0.5965139591248166
1.3623456164630063 0.08748261187312813 1.6156528164866237 0.24786217830657348 0.6296366451361851
1.33799921306705 0.07008991277204352 1.8491293523029715 0.23776093890549535 0.7590814863201436
1.3776898129476511 0.1031422889593959 1.9049407616054816 0.16855145364137364 0.8353188825447357
1.3411970733157592 0.07162677716225493 1.8408207047726601 0.1363487815405141 0.8301829808659883
1.3466474750348496 0.061584408283359905 1.6854093188268007 0.24687886520185584 0.6093693705608512
1.3574630274078043 0.1070359330375779 1.7063330044578704 0.2060723626200456 0.770705639988151
1.3707050032807466 0.0911217887413067 1.888451375950032 0.19646299177167817 0.7951556652633174
1.3588364750957675 0.09073363619389771 1.6896286989530056 0.3226183698246661 0.7865168659634242
1.3265645355325721 0.0782699215921767 1.5512631960383683 0.27393562781867337 0.6675463647450472
1.3461770464724774 0.0635753274520984 1.6407354997247503 0.28367021048205265 0.5701637202513383
1.340303045146209 0.06831661776943607 1.7787735652429513 0.13892883101265754 0.8335199540223172
1.3327984269173705 0.07181241427904698 1.5951674358832406 0.2570650556299491 0.5109529930362827
1.3314980051942396 0.08550519399877124 1.646509153002008 0.2560101971463775 0.8037590496943495
1.340263629663651 0.07291952116837545 1.726102629084608 0.18849792770809376 0.8611199242146884
1.3443578339373055 0.0762227329972103 1.8819865998648486 0.1528440418079866 0.8252830996313145
1.335168530835572 0.05923579445713253 1.7162741591394115 0.22579738446238548 0.7694284765481167
1.3353793103653406 0.08232538379909977 1.7425035413001961 0.3108919833270364 0.7924744722999232
1.3655833010933587 0.07909270063569336 1.6009604140764813 0.278788800840871 0.6969870237479057
1.368750125838903 0.08567857282181347 1.651614265221191 0.21967704393827758 0.7119570975648573
1.3736210683283152 0.08806812920304881 1.7883954614624362 0.23676805219604394 0.7680129593577258
1.361365879684899 0.08641036375320955 1.8369228038386787 0.17287568150680885 0.7156906540211475
1.3585759405396813 0.10480068857946763 1.6976209851784034 0.22251277176387826 0.7997446220838051
1.3353599666246154 0.05423149524431364 1.6011110424177009 0.26726255872328414 0.6514553676855402
1.3577872856173279 0.10392471532508862 1.824560116732826 0.23091583531312934 0.7751523287501701
1.3604086644083666 0.08330410842107056 1.854796531872706 0.1142355282977518 0.7805091239841597
1.323006955539093 0.06370811869337797 1.6704198247962745 0.28167221342549015 0.726313372462008
1.3714169252919979 0.09311829547165408 1.8731224347530024 0.12349688615339298 0.7855897010464195
1.332048454422257 0.07673311282225181 1.8152587770834252 0.270333582816231 0.7300880124464788
1.3658333762529873 0.09093037873167692 1.767114111852543 0.24269395297600949 0.7073234608043432
1.3320383728827243 0.06901123298311357 1.7591639543976767 0.2422775535194944 0.8230842217167342
1.3403314162637001 0.0795901418759796 1.5695465195898994 0.21811196440910324 0.5945260407411652
1.3650754992270215 0.09388732665357974 1.7089995135732874 0.22752678500017207 0.6868462358231934
1.3505105453168973 0.08053672500478026 1.5559439886135613 0.3059431249451882 0.6613762207281081
1.3816363364267925 0.09985180667515357 1.8744434360267586 0.16149296640590433 0.862901905082819
1.332106282026873 0.06061058693875539 1.5759432625637935 0.2258614763249056 0.5162449782656825
1.3278993798665264 0.09300007409824206 1.6824754715468275 0.2594832600526723 0.6831923933461531
1.356991713945623 0.09352807038425144 1.8555008329683913 0.20047876512521212 0.738538277588299
1.34224512988652 0.0818913644185302 1.8477382686808221 0.11621799229779797 0.8406407241821279
1.364753420686623 0.09235497440265758 1.6791067136824174 0.19353955326856187 0.7267259353637163
1.3818942636124776 0.09745065091550847 1.8540270407990067 0.1666963927214362 0.8432908356464107
1.3802465692238413 0.1018390912044485 1.890302609835313 0.15457463690216597 0.8670781839129942
1.3619692681647717 0.11107016304444142 1.8092107524824383 0.1496337185252965 0.8076115859229475
1.3237671022613173 0.061082127735384725 1.544406450705449 0.2528072775966876 0.5856604332409977
1.3542544886311574 0.0710878098950603 1.7856330134669576 0.24507769578656075 0.7036794176209408
1.3686062524395788 0.0957948417799192 1.9033304590170594 0.18566046398874686 0.8194430027194994
1.3594040897078665 0.09501720994099543 1.8025549997042467 0.2555735869218721 0.8533685534422664
1.3205216991901967 0.06529473873340447 1.7188862699139724 0.17433566444987514 0.680395522477797
1.3286402740049699 0.06617974022170653 1.7102536100470171 0.1535008758953686 0.7327301598029964
1.3497465403026858 0.098182762046569 1.7894667034887028 0.26965803823635764 0.8166377836307076
1.341945689574942 0.09300540379842376 1.7940374382735373 0.26986427641887084 0.7345859075176182
1.373180011967054 0.10645600888898502 1.8503904477648896 0.1464278913541824 0.7958279026571101
1.3499019787798567 0.09717476454333676 1.654200082614262 0.23331587892319183 0.6663565766883179
1.3225342220926186 0.07428606168622486 1.6703794851026348 0.2308233049577284 0.5705271057455653
1.350784213006461 0.0668760612370171 1.6793624137151753 0.18670256433296098 0.7776214636665788
1.3495497242261008 0.08298954104669591 1.6441547579141995 0.23939324359833117 0.8237718140034098
1.3548542412036444 0.0969984764825557 1.6813510829398308 0.192352116235928 0.713210260267968
1.3796128937499932 0.09122994221378905 1.8377659799512935 0.16178119194107637 0.81822336947781
1.3520391142446215 0.10005763599591494 1.7618617624351156 0.21195329378162542 0.861412490684768
1.3337350848279 0.0712431621254423 1.6609173993446569 0.215653060579588 0.5557116243281044
1.3237681460776656 0.07031658849030947 1.6678585447709522 0.25868590636582184 0.7763291728666796
1.3634989550988659 0.09036292145175412 1.9118277637322527 0.16901531686726218 0.8232259951073131
1.3546137640506566 0.08872636494297856 1.7179647191365972 0.18542876954277687 0.6658823401657346
1.3353709164692393 0.06327758762194954 1.6210103013288046 0.21225317335315322 0.7519168685453727
1.3408885237921604 0.07522100096240057 1.5747484911246215 0.3161828313758894 0.6280507890352203
1.3498140245331363 0.06406290616215876 1.5788676243846045 0.24993385746728825 0.6919193737435437
1.3306043349389798 0.07769869318883721 1.8244574680172576 0.20546929190705437 0.8319943398762747
1.338364392589824 0.09004034981812954 1.7700766235875194 0.13706875555703601 0.7316606210669975
1.3448036173352318 0.06504338191819552 1.7568515842968857 0.20755787203943898 0.6754876299802214
1.3644526606266192 0.08139956788132297 1.6625075231054407 0.20425397558173947 0.7675237906451926
1.3378194149416225 0.07970273576999626 1.7824979954217595 0.30073388090457476 0.7545591197706254
1.3355601644039652 0.09488728287309582 1.7231750625392044 0.19143238719633826 0.8279858130869837
1.335181134804408 0.0838495664816038 1.7892364279007842 0.26321170963145035 0.7017802204096889
1.3537185195295518 0.0952854236713205 1.6993721646373 0.29017610862658216 0.7293232193958992
1.3251343964866078 0.07312834324747622 1.7392586978874793 0.252885191029592 0.6447682782356856
1.326373896011987 0.07391386780112284 1.7770500676324286 0.21124882197921613 0.6696252048872998
1.3599665256732776 0.08902015610332496 1.7570578921483837 0.19717774045257377 0.8735584986821232
1.339022823299055 0.06202565140986796 1.665884660260625 0.25029825309826725 0.7666550840224676
1.3759361380750588 0.10342951576613856 1.8116355208199693 0.1650765787121759 0.8515558513708281
1.3334045870459836 0.08094980660266256 1.835269950486385 0.186793272991593 0.7270323698965206
1.3612796112855239 0.08744851352433124 1.7378316461180496 0.14225749960080677 0.8061181880047094
1.3561075031312955 0.07222279227265876 1.6388900335412213 0.21672636556907435 0.6418888624656841
1.3500435476787152 0.10087204766099789 1.7746979785573433 0.24810289914453373 0.8129595012459707
1.341536008065596 0.06499874567012616 1.5439125246191354 0.2778567880246582 0.6178935671238319
1.3339910008127132 0.07554685986677752 1.804948351487702 0.2632242515676072 0.7897313143743743
1.3519369592568733 0.09347978875840933 1.8386421026335271 0.17371676466864794 0.7309788548926907
1.3797496172450034 0.10017994091013291 1.8432945451982148 0.12968595907811498 0.8392293669187365
1.343780429110696 0.059938749459626274 1.6853020785475372 0.2455588225545843 0.7078142010966133
1.3405342815513404 0.07193130159022937 1.8253404621759164 0.16504695400352212 0.7242684677805259
1.3233902774429904 0.08048312742149717 1.6233131785576767 0.2757284893563853 0.6902780834218961
1.3513268978161854 0.09446957768752466 1.6874262205889985 0.2793899317292346 0.7017830115978817
1.3509272479214745 0.08553415153440937 1.7004104649957663 0.31036715847690594 0.7001000795244078
1.3320157570333746 0.06138998754044439 1.603745099100054 0.20477977678096349 0.6045003923676168
1.3397474021680116 0.07567883507078117 1.652401235370236 0.2906180460717901 0.5998470391062986
1.345477197712052 0.0776383331124889 1.6727350147171987 0.18018862991556978 0.8128043474828485
1.3470787816155405 0.09551089889013345 1.7549856195396232 0.2745020370878672 0.7486160866051647
1.336223877647173 0.08873827173886602 1.653609372039074 0.2899771775885988 0.7413766849379587
1.3500264807421576 0.09650765673179447 1.8572704947719165 0.21802366769427228 0.8386532008329477
1.35460215871508 0.0847239773229986 1.6551894807219467 0.2476623427908051 0.6260711031087017
1.3376858510388288 0.07621578914529163 1.8108842176931157 0.22358961019975387 0.8398779497925911
1.3547686623561812 0.09310076066069203 1.7801997536573504 0.2600180027474359 0.7321702279821438
1.3604407481140695 0.07803664482275803 1.6835603448448764 0.18512935709321143 0.7736007671449023
1.3184707944548792 0.0717550300539105 1.6889223097096098 0.23976738734581657 0.7486710077733554
1.3530971787618011 0.07827731184255894 1.7227338660304787 0.15040685147376429 0.8176733453946056
1.3185008349880822 0.082908086112651 1.6859434898809178 0.2266370823825688 0.6751474499352126
1.3466847195326852 0.07336627029953047 1.7686356253462714 0.22354764431858726 0.6612719083024428
1.3466474443792606 0.09262431537517055 1.8043096244819448 0.25763406252273024 0.7535643669133408
1.3619207013142947 0.08912504434140292 1.667712420767455 0.2574152274142641 0.6903964606146894
1.3453707021402725 0.07395238647783806 1.7345731708492287 0.29088990680442606 0.7956367830422383
1.3621599195027188 0.09482924583979176 1.6939390562511716 0.24993346790715132 0.7965936529890187
1.33707639727702 0.08579601785460816 1.651443301297046 0.192519681698012 0.7731018802115107
1.3448929980499864 0.09287526397636534 1.8750785317232492 0.14811859329594224 0.797248627889756
1.33529709227244 0.06722378234224025 1.7045789643863738 0.2807594150345604 0.6382042146836786
1.3549170007088618 0.09280224636909572 1.7658632012284146 0.2407767658278198 0.709817597911762
1.3212874212879502 0.06677673806383051 1.656594637792981 0.1909197845799965 0.7239385552082197
1.3397158880190916 0.08203852542216926 1.6323208209131548 0.3063109013906201 0.6724184585741037
1.3397158880190916 0.08203852542216926 1.6323208209131548 0.3063109013906201 0.6724184585741037
1.3522625533866377 0.07897867100606418 1.7004681127575112 0.21129978626966908 0.8402666464804094
1.3598897801159913 0.10277733421365756 1.8649168858336322 0.11623216283912079 0.8232710181705253
1.3621694995968505 0.10177017150842746 1.7766327995825857 0.15006511380623755 0.8324647479257955
1.3476995073829219 0.08776686447156612 1.8194789770886848 0.26264187965047664 0.8047599329541161
1.3504806634867776 0.07017951259440693 1.730872420056477 0.24738645826540906 0.6663997037880643
1.3234258683227589 0.07199427810591527 1.582798027891287 0.24296051594112889 0.5940579462078028
1.3462299645327152 0.07685553300310158 1.685887439427697 0.23563953304304383 0.6079880984758937
1.3182109071458887 0.06325970816729999 1.6450694933275414 0.22330852333506304 0.614414226304939
1.3437995933552331 0.08388549516497965 1.6856167071612402 0.16558820659294338 0.7190917411756607
1.3579774003910492 0.08285766724024209 1.6396382491347223 0.2804583176239422 0.7550555339759183
1.3569714034082705 0.07903474672830546 1.6066086408439966 0.23632662323819917 0.6929053927612588
1.3174056102559102 0.0744309029541302 1.6414060666855566 0.2433891331375847 0.6426890153095826
1.3555524719834027 0.08347872809754024 1.8422549262430037 0.22397299367570522 0.8435391000139121
1.3322884787642855 0.08869900252127386 1.6700357406725597 0.24624782050452698 0.6590342621143341
1.3429955165288674 0.08871576687349549 1.7184011308255833 0.25504139015295785 0.8208595646262132
1.3260546346249904 0.06815590779741447 1.6982328685529298 0.20790121617790447 0.7862467295416891
1.3563523507932032 0.06916321237274196 1.6859442692640574 0.223079184714116 0.7300687264498145
1.335709919238563 0.08988595857062559 1.844896836389613 0.1726750719270359 0.8018827944312377
1.3434124639547542 0.07390731721773702 1.63875279785252 0.23623895492799799 0.5832757136510089
1.352308232806501 0.08488076789868203 1.6865196585125397 0.23874077862622742 0.8248477611723237
1.3551426679949645 0.08204678082605786 1.7160635113588194 0.22729151810866982 0.6605932188755004
1.3413385232638453 0.09225164181541097 1.730673365757387 0.2608511987657937 0.7929367648916935
1.3415466728399357 0.09798040613012314 1.744740198570971 0.2312860546932787 0.7670702106926767
1.3398777869842118 0.0720477890853364 1.6114563253098995 0.2001011131780132 0.6568075531522231
1.3547412706954294 0.08242776141846175 1.6700139903640019 0.21422789521447158 0.8080798924392759
1.3243680150295973 0.060334406132024065 1.642068533674572 0.24657234253030752 0.6592210493615472
1.3328302590142225 0.07828034681870623 1.601467661882569 0.21087513054835486 0.6575567652473645
1.353321074039185 0.07749856859121987 1.8527523325065727 0.17082219826235928 0.840554288555018
1.3401401766557999 0.08126631782849783 1.6443563310925395 0.28294342915585485 0.7658735852476812
1.3403369558844547 0.06531186173570333 1.6669950675531295 0.23890817444192028 0.605249033073676
1.3683242807648641 0.0951763531297768 1.78849205303352 0.16704506329515395 0.7765274548181033
1.3289918196238988 0.07678970502308535 1.7450138228482788 0.26690323036110714 0.7095963892566147
1.3671916042041474 0.09777701446066418 1.7858251076826264 0.20519664379843555 0.7971601903020261
1.3497222842742476 0.08793488999517274 1.7110087691722997 0.28780613036465663 0.7265145025825193
1.343775025977276 0.08386784910289366 1.6755686880707894 0.2377522993471474 0.8148660309909033
1.35222812643882 0.08870892808466316 1.642272605498218 0.25537469596375484 0.7636459285985946
1.3229415249137322 0.06950046360563755 1.7098839767999632 0.17632296278646167 0.7209453409375844
1.3218016881530905 0.07874404440546287 1.682650441429015 0.2364864045503794 0.7429972872226209
1.3345832363356858 0.0633967689129867 1.6408675450528742 0.2727703712869431 0.7063419261027796
1.353684016989846 0.0735105686361898 1.7206311736390973 0.275934832938731 0.7289281116733044
1.3545482301061056 0.08609652748372727 1.6471852379657 0.2605054624999688 0.6788503383980977
1.3514933713827033 0.06709061435156748 1.6458397585717246 0.25665594216217824 0.6938743449246025
1.350886718898702 0.09322236440438784 1.861172251462659 0.1284580311587033 0.8113693702191214
1.3267228755129656 0.06669428778564503 1.6621632147517347 0.2520684479083713 0.7373091010045428
1.3413393506274263 0.0723555954122648 1.7233096908276224 0.2907745787983478 0.7083110134417564
1.3259984983647464 0.07882474084303322 1.686616742863951 0.17839417477964964 0.7428578862642085
1.3427910967736651 0.09813244530147577 1.826400459969975 0.16861605500201496 0.8055660321108848
1.3307781250048094 0.07947846286898474 1.6890890732136605 0.18014400561295257 0.6723492476582026
1.3656652426600493 0.09423930632130563 1.860483975831242 0.13928578253799273 0.8053755429239535
1.3488334250548566 0.07167202321083205 1.7832638624445698 0.17685650570598313 0.8329966031593997
1.3552163926539142 0.0847637382012724 1.748371054989326 0.19245945943856932 0.6955247199378464
1.355832717905192 0.08232415364214753 1.7126152099311245 0.1921885442853239 0.8271976483276452
1.3341411333758992 0.0650576581740229 1.674940937720183 0.2150952761041937 0.7655575154700842
1.3528433791246557 0.09132167352114587 1.7075626563620667 0.17788685885479227 0.7522727884278083
1.3466904499427894 0.08660684031404037 1.6505789678874365 0.2783277656784402 0.702548194248219
1.357848926590059 0.09962965795716489 1.798796381006104 0.14089115621683876 0.823501832218052
1.3318615341396842 0.07832964718115319 1.7005078827767108 0.16721206931572047 0.712044311848849
1.3449451359962223 0.08551315376683637 1.7796016609819325 0.14042896552870787 0.7448348332002893
1.3453787925822989 0.0934411357108137 1.8067990545052977 0.131923203331682 0.824463384588114
1.348623850429113 0.08145704191727847 1.7670065250401443 0.2503466804812283 0.7050579870648994
1.345128254824461 0.06991948230790684 1.6784747497463974 0.26656300192913307 0.6480263112179308
1.360331745249074 0.0811780031622154 1.686784449058465 0.22557431398419944 0.7759751273435603
1.3577090056689647 0.09940490058385397 1.840086482680401 0.14889135529767122 0.8587042527615445
1.3358895089783434 0.0787810207571613 1.8202564801572283 0.1981093203179753 0.8124017336748182
1.3386548142646224 0.0673881752610224 1.5973242172107291 0.229323529685227 0.680334153647749
1.3264238111412046 0.07517659652835067 1.7058551225804988 0.25147243850149825 0.749329123910168
1.337988259174032 0.06636549966285468 1.6896733702998261 0.24455758373825084 0.7641111731682233
1.3575573678714077 0.08680944252065712 1.7531901822032467 0.17479304190410366 0.727952007983008
1.3410879455693236 0.06495037674076787 1.620793333154039 0.22511264893976712 0.6568748933645056
1.3640967688830237 0.08373422921479808 1.7897028624494848 0.20385915185151282 0.8081661698484909
1.334108730800125 0.07569793493673872 1.80935886697874 0.16633793266694336 0.7909803295466794
1.341920463997304 0.06569739921453166 1.6416914752734542 0.26277874637099535 0.6515454289790025
1.3376107166531441 0.08846748124305297 1.8238132563926124 0.16081848345731226 0.8042946804921113
1.3482849104608616 0.07163027746556516 1.6995563458004916 0.26120731194955205 0.682506615564346
1.3572413012220221 0.07881835199770834 1.7799259671975776 0.14437681479623982 0.790772664533609
1.3305249482463137 0.08520810367788471 1.6698195219235514 0.20994025856220624 0.7243261554537247
1.3220081763197147 0.07499291678229945 1.667223455782881 0.22923655332699786 0.6778335079767183
1.3345400960605578 0.07759714864031587 1.7468020984182138 0.15959915799035357 0.8074311755742242
1.3442926497125225 0.07128317935488263 1.7025568136727864 0.25725870186459 0.7748562080130967
1.3618754334608405 0.07917772135170739 1.7630206273545035 0.18722333310184158 0.7847151279497252
1.3343350011879371 0.07672881434479438 1.7047526322217665 0.2681545942280266 0.7553258192698036
1.3560619179894289 0.07371314218886886 1.734120099509728 0.21884807862272126 0.7655187740940578
1.3299737267829332 0.08293512257246602 1.6990739404596649 0.18633395390447013 0.7246796827896183
1.345932316527025 0.07088272438975435 1.6744037192601557 0.2744334347013249 0.7010094144596685
1.3503738969911367 0.08113003084833141 1.7222133091289753 0.2259316606896401 0.6801448544149997
1.3246112553133087 0.07331149547146157 1.6666666740357843 0.24042728381836773 0.659346487242382
1.3521648353025284 0.09321223417561955 1.7689703231679768 0.18384178213438399 0.7483982859561265
1.3378508656481456 0.06592946467070362 1.6650955004655787 0.2589196913655573 0.6627774164144419
1.3421243071481668 0.08620758917334458 1.709383669955583 0.21559571068618952 0.6814869560730834
1.332728748904739 0.07666380203471725 1.6240151468656558 0.21678695583814805 0.6942585237765014
1.3604948433569237 0.0928324374638869 1.835712866382884 0.15739976813971596 0.8507262769939907
1.3412474716286662 0.08074915642090924 1.7868400791113648 0.23247954514106953 0.7350493204556013
1.3538630527247284 0.09323859505978938 1.7755789738870054 0.1724299922208836 0.8351140178509197
1.3507661561344193 0.08279859114586972 1.8249198967944875 0.21174356919650866 0.7810824861941905
1.3493075116875968 0.08899732608854856 1.7874946304473278 0.20265558352909996 0.7416446950275059
1.343734171720573 0.07268980288922194 1.7700793819214296 0.23727054796024957 0.7469267036667032
1.3486541087281094 0.08688985444604674 1.676383580807656 0.2323660373771293 0.7088769134296857
1.3501047519233613 0.08376467348670734 1.7448732012039905 0.24585040400724284 0.7958343271704756
1.348075339265739 0.08972781027290984 1.773464113671419 0.20203181925982897 0.8285045098615934
1.3279635087216166 0.08091389638891143 1.7247132846179447 0.2188415153559781 0.7363708992870411
1.3502321576037128 0.09050502411562525 1.834399538279162 0.15692370534580727 0.7919702689482173
1.3398667733815433 0.07382358145539498 1.7266125971369972 0.26233532560959455 0.7219443448690317
1.343512744977522 0.06992744018446065 1.6491538550635148 0.21901576233779746 0.6741301352738058
1.3469603390626592 0.08269471010741138 1.6776348080027819 0.2355460295172756 0.6803538960465062
1.3465742444536288 0.09277472459907604 1.7720769346741592 0.17965455360005786 0.7673859508480224
1.3426363955698561 0.07968598730450069 1.7352595335828296 0.15788358795566845 0.7552539187794032
1.3449585695967718 0.07973821623229987 1.6577649739820262 0.26047633630713646 0.6956279891975592
1.3446391779918923 0.08080339813274243 1.6931497125370378 0.25741153367251846 0.7542747061671371
1.3443649472485455 0.07680475398082713 1.6633833712157857 0.2623254986836163 0.7085023753324468
1.3371820843737023 0.07186552511047747 1.685426978579461 0.23543335667169413 0.658765872724426
1.340580392712349 0.08237226582232597 1.7102650438108473 0.24031011041760397 0.7240444193320545
1.351301999580148 0.08382623448263044 1.737597926857999 0.2216721498860156 0.7748201523796259
1.3393929184757791 0.07123368615699588 1.697651860281797 0.22175474715911875 0.7359538352406576
1.3434735239762587 0.0770628876887466 1.7133551178317936 0.20336490523770331 0.7096602558911391
