mu1 sigma1 mu2 sigma2 alpha
1.3089362872873977 0.1296755162676914 1.3372814356711387 0.8528161882483363 0.5938908983715161
1.3255252003547693 0.05938779440669546 1.3877384196678735 1.676608761384965 0.5189469690749223
1.3854659546279713 0.1408141204909715 2.01432007604235 0.22524016638810263 0.6384655985054832
1.3783456213572205 1.2583392075355175 1.4213626810779865 0.09674090312139938 0.10888398011494933
1.2535640056466484 0.1061060384742329 1.4414708796420523 0.25501684411939346 0.3426591599657395
1.4166174380300292 0.1215613754854158 1.7460690943849717 0.9542228572318324 0.6900801269814546
1.3239430269262213 0.1003475285564668 2.0625345701366173 0.9924757056658178 0.9104545008790794
1.3137027110852815 0.8928454984319347 1.4021903772357247 0.08214656087514324 0.3455323830496522
1.3612355192849952 1.5380408559278707 1.3670392128316782 0.10747133005664891 0.054196591009584856
1.3621829993630836 0.06144120754510885 1.7846116695695904 1.6003519913428075 0.7595550691527582
1.291625811800706 0.1327055331891652 1.646265962202918 0.1736263779873787 0.5731503379074828
1.354026357442742 0.08060978881350343 2.0207248883932363 0.9649292745845185 0.6097580156064079
0.9323739934982866 0.6395159862666329 1.347266392864827 0.10791439746762857 0.11531576548351447
1.3773273048125934 0.07617223989363435 1.9568229495917646 0.8202154720320992 0.8930194442417356
1.385019545719247 0.14613766750712306 1.4614738344575255 0.8828874733653675 0.7975056787511418
1.3314768631290526 0.09196689515481121 2.5465047692118152 1.5130937131197648 0.775042487597988
1.3381515313042631 0.10754976727592773 1.570251624026197 1.1470347542732007 0.8981143588608125
1.3682865892614329 0.09821337555486925 2.7370789792941443 1.0476396123806986 0.7578956099653329
1.3178767428001879 0.4618100444708807 1.3635747635103697 0.0714332611601186 0.6491781812742512
1.408615040434118 0.15117941434868856 1.8404239426451041 0.5705446138812801 0.8477362586197361
1.0141823257596672 0.9942124571237274 1.3580352765255599 0.11124954763508738 0.3801115465163564
1.366986509166947 0.1543980577906105 1.594786454085122 0.5994344142569767 0.8356201567471063
1.32994633782303 0.07651069979355436 1.5885085757214514 1.9109389614217043 0.760789661005909
1.294945137755322 0.10004051298863081 1.8817473398935438 0.15727650853972 0.6738268583568099
1.3781701382751335 0.13280689334765083 2.2451541857252932 0.5162080889504725 0.8524182495166286
1.3566765466176565 0.07840835009999143 2.500077554081281 1.3141692795786977 0.849550876278096
1.3474143829082141 0.15440486539807555 1.795167075485264 0.307815733149062 0.6904257686505268
1.342628762160818 0.10001106160486832 2.3544625998006223 0.7110161628746167 0.848756998711077
1.3841212160972352 0.10973904344827964 1.7736789834251034 1.4704907086937589 0.7626646469575854
1.353835521444973 0.10509186373647414 1.6489165438057145 0.8894558792183765 0.6607899735509062
1.356238584530679 0.10520213888755482 2.092333670029558 1.0660169453320594 0.7441488777755616
1.2680655588996674 1.6400315952792233 1.3618884834633518 0.10401320421169725 0.2782446269182063
1.3554964423393758 0.07233628411100967 1.3945787833877494 1.7747939602368625 0.7364449794250671
1.3474209153617533 0.08716448038243729 2.4345504913722604 1.7041894951882715 0.8326670941562858
1.3993546248002617 0.15002095622645417 1.6752584609837267 0.4767458049179111 0.8060327332807737
0.9680702648218518 0.8950954588966555 1.3635396749519355 0.06438385411005525 0.40827940973167826
1.380793831589966 0.09491116463064139 1.396666195158927 1.8409780980261923 0.7671498510107073
1.35635755810606 0.10631252930920833 1.9576525618406095 0.49376490491922137 0.645452565420885
1.388406385515828 0.11738434304061046 1.7743344010970654 1.122874643411459 0.8311883489961099
1.3642264921884526 0.08361569849127155 1.6207444484886673 1.80040028114148 0.7409753045323388
1.2255599608494718 0.9158409510525993 1.3704385984247016 0.07256621375464202 0.16396258582304488
1.299664666116829 0.07901124933189496 1.394687410049241 0.33946361439363143 0.41309291513934665
1.1239311196705337 1.656541595969733 1.3483728639341186 0.10532924183249302 0.20601769749796006
1.360677059243156 0.08327182684585002 1.5601769933646419 0.9279336481394066 0.631194637113326
1.3980962508838322 0.09400059920488053 2.0921498573868096 0.33824070367414083 0.8107117596323449
1.3538855762640027 0.10553892557067909 1.497474496997616 0.9170180448330755 0.8930287995746984
1.3658349904286946 0.10294106353098964 2.0156661995421556 1.7372327890170598 0.8215804149917948
1.3428837166361063 0.09986429258185213 1.548957694396638 0.6703636526244611 0.6068585829647589
1.3493684628099636 0.08849474077426753 1.8143598903125882 1.085722441731904 0.7145750751744022
1.3678282349476276 0.06450063613526469 1.4777248567635253 0.6039798707931704 0.5363023443019759
1.3128050981031056 0.10283487359618466 1.3932845673176317 0.4749457166891177 0.6404333917696086
1.334117993869989 0.03154953240804301 1.4557604208206885 0.33200421414115705 0.22833201653630295
1.361400217303319 0.09522157656697136 1.9636654924220043 1.4995218439219233 0.799512274399893
1.2136533888497876 0.8126483430780149 1.3525278502188693 0.11354133156461602 0.14655830974757428
1.3801534170305987 0.11151367542134426 1.5843852560244733 0.9940535884691744 0.8738008050501945
1.3589982784558834 0.09505474460269261 1.4159986245864045 1.780373451276186 0.8297866980655131
1.2733112311198802 1.5782397231174448 1.3621015003352186 0.08753641113570998 0.2474622601613855
1.2492740966315214 0.3969753270855985 1.3709716539785377 0.09498082386002166 0.2473439602663437
1.3955002609144496 0.14275550549284816 1.5891232908650328 0.4242785788947058 0.7607569904601054
1.344599629868677 0.1012688449131188 1.3732045761290288 0.5839308573238381 0.5803302698514854
1.355605523327646 0.09800455593625698 1.6505773686535603 0.832855175851035 0.6869154276982672
1.389388255770963 0.13903259792125888 1.5820141256732616 0.21022952559733346 0.7400632638883221
1.3457788885744106 0.12067636661179537 1.3862799888704918 0.44956837908098723 0.8142316034444115
1.3840418879061998 0.09836930744970167 1.5173981619396226 0.8986194685777154 0.7649595727623034
1.3501251318817977 0.125964527906989 1.5117481034160423 0.4580967168578107 0.6394780128057748
1.3288482568468265 0.09228829054914633 1.4705095448127825 0.7780463061590542 0.7732545936378125
1.3820282416634917 0.12253767757579896 1.6631679184895503 0.3226567123423451 0.5474023597567668
1.3721007133334975 0.045542656006788466 1.434325817466338 0.3413914087064747 0.3802011252774253
1.3853330501850865 0.1355410618979829 1.7295981333290966 0.2806786803967781 0.9339246349994446
1.3509229865293926 0.08518275118848724 1.5479088116883957 0.37207164743725524 0.9192219769199946
0.9770241790616822 1.1024567022024272 1.3444653361401542 0.07958399418963233 0.21680661135002477
1.3677052840561623 0.14251560750430697 1.8761053432156072 0.36889430904291454 0.7925803113285138
1.382376255592724 0.10003824748043363 1.9263824178641031 0.6836665652720402 0.7965196775646868
1.3900056304746145 0.11109051919530066 1.7866645488733965 0.43081413551383774 0.6690985816309382
1.308868942831688 0.09855248082374929 1.7579311583146666 0.432180504085812 0.705061913285399
1.3569993333679942 0.10268550402465278 1.4432127864534792 0.5971853430510687 0.6186157990828478
1.3126604072082078 0.09652300781400125 1.4861085578138948 0.40015912429307393 0.7931255828667966
1.3576143270806038 0.6632081271379959 1.3875323368483845 0.08839803710748412 0.26035644993009827
1.3825854572002907 0.13019208726086284 1.7698271455427255 0.511491916072544 0.861509815561862
1.3875147521617315 0.1259466429437289 1.4708393741625514 0.5050565961642998 0.8141677483814008
1.331916565972679 0.5057241712147348 1.3367947530142477 0.04789605061909466 0.48959171878527113
1.29342979980553 0.06439763766046305 1.746418894231884 0.294671137468687 0.7471929744705642
1.3628451763944174 0.09539061661868511 1.8274110140319668 0.6860962233183101 0.887289270473599
1.354887420522088 0.09649875150800503 1.7092636619676818 0.9024797170229285 0.7922066262132846
1.292202548096768 0.061173420838497576 1.5471042490258429 0.3270338032848595 0.6758979709151506
1.4132873285338254 0.13933469523121392 1.9028147198008991 0.23974578821924566 0.8371971820402442
1.414024597583909 0.10608311255408644 1.6268116458220891 0.23401531288061445 0.7779775158019362
1.3936088253163024 0.09333421409170363 1.8637910821232082 0.35525562743335304 0.6929593259245571
1.3945540605490512 0.11511689636013588 1.5606754704368715 0.38013450585715153 0.605617874296822
1.3587466563384076 0.09223872816297639 1.4789596640674398 0.6783835983519008 0.8755254116603093
1.3884723698855157 0.1129533653935518 1.693487002355898 0.130114012198785 0.834319083709082
1.3533040005831587 0.09769139793210962 1.5137750901003657 0.31208374801308036 0.38380695383860164
1.3426698478390622 0.05027512118684557 1.3466854850071917 0.5282600254824884 0.5528016949600472
1.3494854958195088 0.11577026071397083 1.6390155209331865 0.46338594437391983 0.6377940601666592
1.3387743384730566 0.10744266813747298 1.9221756085104427 0.5079163704930757 0.7802043748383358
1.3346229812753014 0.09897968896826767 1.839040633186828 0.5861359491769432 0.772959809952882
1.3368745675586853 0.04015686258094574 1.6180910133126334 0.39879690372613824 0.6429220163582701
1.3740741367639693 0.09086111527799688 1.4150997142917747 0.3684479961606264 0.48039821388314363
1.303053336323365 0.48542387606202436 1.3709903013207616 0.09046986649590409 0.1682667657579877
1.3718390588156124 0.13302372487344324 1.827962167761215 0.4346234522911172 0.862668786477782
1.3506912772441098 0.13799969380719868 1.6783055471681287 0.3127190586600252 0.8700840998414524
1.3522584400109536 0.14005372092450752 1.6258464460492577 0.3081573424005923 0.8339705799605492
1.3717721040623472 0.10414043665595635 1.9064653058576075 0.4735723666979072 0.7058316602187296
1.389828747010676 0.09952943892198973 1.4948693359547716 0.48126220397155367 0.6418104281494061
1.3672349721985069 0.09945892552134072 1.5269725034871275 0.3362535052440008 0.44061948203332424
1.3807138460026775 0.12243908347624032 1.5748943609024 0.5000656345919557 0.8513927783922679
1.325941657831769 0.13874506325165215 1.7347617908165398 0.24199573116075482 0.7439911744985729
1.3783014454092704 0.11487996649362356 1.7318073978273105 0.3304323411074862 0.5990526886191879
1.3628323941032567 0.09397229001467866 1.931988999920923 0.1146678425449024 0.6726009769969569
1.3383019328601118 0.10783036012497738 1.5840909359017363 0.16578740027115696 0.6392651662330233
1.2377984725672484 0.7610519284915727 1.355332971853561 0.07892248653016486 0.31436568915850915
1.3126979449349863 0.10048451759682858 1.8280270171978459 0.09046843382236666 0.7686948216181427
1.2995195167202838 0.05542592121618562 1.4376235734107654 0.2912708342227522 0.5427905574590474
1.3748316586169838 0.06943909211765689 1.7374685456707772 0.47665168969450883 0.7810737375687287
1.3472236042483552 0.11711147257815316 2.0044305115942738 0.12826719283946444 0.9493773062865588
1.3700097848670811 0.09260498449112874 1.5957777136706095 0.6484598112986355 0.8608512904939764
1.3421484818118974 0.0749424259210383 1.8643663961295691 0.6154868361187449 0.7648918238884259
1.3428689274665295 0.05251293887748083 1.4889701098935992 0.18340091981281514 0.5419290981148581
1.3727781765199734 0.06547407158136652 1.6462443476116029 0.46113664043779207 0.7741204958389085
1.334466249428677 0.1088144374196939 1.8735533346540953 0.42241995404700283 0.7369106099463514
1.3238631996866523 0.07534894865681788 1.954723735801175 0.32356686489232916 0.8525266820912757
1.3165654722447222 0.06560150443114858 1.3780308465731008 0.397626572694297 0.6659175683470357
1.3029104338648994 0.08677562825121478 1.4820143827987822 0.3255273449975685 0.5121065587471991
1.3400383877709547 0.057531626258131435 1.8050715418060697 0.36311229334753203 0.8325058258633405
1.356581194952074 0.12243228585729508 1.7047933522355967 0.38097629922649684 0.8916052549564368
1.3513856656463366 0.12311170079357606 1.5300421338523988 0.23301888141888505 0.5802689606298262
1.3503478893684837 0.07105865729954143 1.5120797740955052 0.34219064526171616 0.3705410625786243
1.3471646206062124 0.05703355178870858 1.348262385570625 0.5400757020576339 0.668751638724437
1.3500568750498267 0.1260555213354293 1.7275961374623563 0.3891982433270006 0.718475548944186
1.380877367668346 0.10825073837317928 2.1024858938727133 0.2168262807339874 0.8864018450356924
1.361527321332621 0.07768607539011425 1.483028821462212 0.4272256152480592 0.4891896508510005
1.3258990272841058 0.057730394069538005 1.6954451108300603 0.3059987590392659 0.428440348508541
1.3642017416264798 0.1028507945125177 1.8624966860976282 0.5506352326013719 0.7723322467516017
1.4109913905593783 0.12085097568032281 1.7637708958741354 0.27188952231240965 0.858098709885506
1.350698459919558 0.11658666049093393 1.622319341931139 0.483513497592064 0.8074050579949614
1.3791802845239138 0.08793623763235024 1.6611305601886195 0.5721303366735606 0.7778405008597581
1.378954875471239 0.1203192038390144 1.5891786263650014 0.4343323789564754 0.8409736165198926
1.3435894705685827 0.5012655199676337 1.349070997888623 0.07431165722746746 0.43702069972624796
1.3281224823402953 0.10838148682404951 1.5585831415394207 0.1973259660784963 0.5289278944601467
1.319531637911696 0.07752544921867904 1.5600240002068184 0.5097753237755845 0.7126791352579323
1.3568017394404186 0.08216327086302976 1.855988026032863 0.47855386355240626 0.8773037251602795
1.3974498277661471 0.12418033661074537 1.7447052250373207 0.158029103855172 0.7643567189607688
1.3687223407207285 0.04477291850334 1.5613420527294601 0.2626790104785014 0.4725876337216279
1.3327522034070771 0.05596113429245651 1.6455941553839137 0.2884591341616615 0.8505770678678256
1.387148157856624 0.07424807047406107 1.5073103112601869 0.3387622351339107 0.7352226538391577
1.3992918495097464 0.11868682871954588 1.707727355865484 0.16946229389866307 0.7905792271349227
1.3646427221461364 0.11560524101817532 1.9418691515699136 0.40315528366006126 0.8778387633643059
1.4004456927521192 0.10496389373750485 1.6764941758085428 0.23781826352759058 0.6678158933870927
1.336111028127922 0.10169765332404312 1.753933206145739 0.21707732136671412 0.5503107240927582
1.3235475073633047 0.05550962753884187 1.6626647285959537 0.14191822005071214 0.5937281644677092
1.3539324022622603 0.06646379553282475 1.4657341634407235 0.5711985270994077 0.72706788567606
1.380616623050211 0.10902823105969221 1.9761906564237135 0.2398442670976103 0.7513546000709788
1.3342489673385203 0.09085507633187725 1.4199849302650087 0.32963485031092116 0.5432300857036673
1.3707987943906372 0.07392754614695846 1.6548227605013017 0.47730230035961574 0.8048141510658288
1.368549688212419 0.11197544475068975 1.7213675305943617 0.3818510675568712 0.6570376448786823
1.3327648623693729 0.05709007164000529 1.8604675696877426 0.31916146964891 0.71068196727944
1.3811952600308701 0.11663833325775368 2.003680502574845 0.3100182760215953 0.8573165115911516
1.3715736875825963 0.09985664750284796 1.5320066134835182 0.20645193192437833 0.6409499352431538
1.3148734056875488 0.0635524511850131 1.5363866047046386 0.27141145882547485 0.32968721547465346
1.3379095680474706 0.09937234206978843 1.477138289627098 0.24429028742348788 0.5265861107936353
1.340455543627689 0.11580114165303321 1.5149307333297346 0.3103807550321038 0.6676735375690407
1.3592582273246623 0.06627220589772845 1.5942043536099584 0.41407981761934204 0.5272435172643615
1.378138006241737 0.11452933452546382 1.5893185021571097 0.42905757129951294 0.7931768063183683
1.3387571971036025 0.04910757536152291 1.7261917986832862 0.33480835175813584 0.5864254401722467
1.3714450879671127 0.06826214207519812 1.474652152891549 0.351598349644767 0.49952249855617564
1.3457352579646684 0.09726534827757015 1.807460105757258 0.4397401473835929 0.8688070694818967
1.3833430227727708 0.08185228285565442 1.7797889551147996 0.1418166462327829 0.6863723306800982
1.3700338348156873 0.0993590173627799 1.672691782276154 0.4715951486112303 0.8645951000419649
1.3493368268790884 0.11231971707915397 1.5990371201926872 0.4287198464654119 0.7232347956956116
1.360434345128236 0.06494300573725974 1.547441857837209 0.4852794754116529 0.6387889556638676
1.3851406387121672 0.08013700229462409 1.6883269553874034 0.16631596251045175 0.798174171763119
1.309428041605621 0.08298959276821694 1.7319830358401687 0.3188003939216915 0.8162212049079753
1.3407548677361916 0.10924696225211548 1.6723954673171573 0.40495766267253597 0.6885881703660619
1.3372783976847822 0.11730014833101236 1.9364458475877968 0.1262651790487992 0.9304320620534297
1.3166238838450408 0.058210870877859894 1.5139738296547054 0.3981324632796084 0.5481668506623986
1.3331587382108745 0.08113806322904869 1.5673707925288232 0.28845963403124797 0.864871821734067
1.4080963794748116 0.12119302705805628 1.8796951689598853 0.04484078271471483 0.8982432474236058
1.3462721129424626 0.131150149606832 1.8370026821846648 0.24923619816274234 0.7936333495966993
1.298293878097803 0.057485186868846155 1.54391288672741 0.2710757080499666 0.6495698731276722
1.3989836300810605 0.11204033511136666 1.833530103656528 0.09046593318229149 0.7812506518564307
1.3143398991136253 0.06861102365195892 1.8033281482257546 0.33860363203030086 0.6476853528164945
1.3803690901227585 0.11040833256248107 1.5774981093760805 0.41015348332102264 0.7958930714464046
1.3724254234391262 0.1049719897617731 1.9718298241754186 0.360155685272809 0.8742164558624359
1.35357203302136 0.08950221338077408 1.4740479803414783 0.543425365610049 0.7275159095284975
1.3285562090832475 0.07755678297508116 1.7414488678175153 0.29235336399064393 0.8924168403245194
1.3400893032187715 0.03298347487565614 1.5298950238249627 0.31204371990606616 0.48178259949000646
1.3609321812303032 0.0720058314668715 1.6847125326328287 0.4418589005693287 0.6225754718608134
1.3427392555568707 0.06932646401411599 1.927329031045033 0.1975704733350405 0.7054408234477337
1.346808770854595 0.05092534401219867 1.5302005982422222 0.2995338581625129 0.36224817278690297
1.3727763382395883 0.11390754568612642 1.9737335784491594 0.2951432095564092 0.8070496843043147
1.3722103940653385 0.12126941522636488 1.8005090388810623 0.36837139047564266 0.8214759595438345
1.3525690660334448 0.11701854776408212 1.7091639926009052 0.38350328542438306 0.7358738313140585
1.3188148067585865 0.10008747446162577 1.5999652829913085 0.2507286141720504 0.4921655507490767
1.3724873307958334 0.11035986927512574 1.50536255036028 0.3476930394144741 0.7559667289884108
1.3847110409536008 0.13874291503949207 1.831801021259158 0.18270952210062857 0.8821270534356601
1.315709651850297 0.10030555152492165 1.7272161031019562 0.3286508087066434 0.791360840338302
1.321556738208951 0.04608800150876287 1.4571591796534897 0.31450342175369933 0.4322287137585952
1.3627098829616056 0.12059446063698386 1.7207444894143964 0.2954556232795918 0.670390126044485
1.3341688564500593 0.0444781621205926 1.6905259583294456 0.23802872425828506 0.653795295131569
1.373292608735872 0.10466079787169451 2.019184678208839 0.29652944226539024 0.872489949361886
1.354026422393331 0.08606350064173315 1.958932706828059 0.2103230517797003 0.7091161588754532
1.3465279045132914 0.11752362208806427 1.8559026452489484 0.3024344694983032 0.8786119702847336
1.362673751895473 0.07396014884012352 1.8420247127531737 0.08791220759857833 0.8864570981355765
1.3224703771560875 0.06711476078636902 1.6084846018147319 0.45055982832193886 0.6627770626203372
1.3628689022882574 0.09700780145903357 1.7399640033941015 0.3074790129549002 0.5834854398082547
1.3777120246071046 0.0742484813743924 1.8378543146425788 0.28970934594607906 0.7598171201857508
1.3313733209887013 0.06178433683146075 1.4252126681731856 0.42924495553209097 0.6477798602006859
1.320086209539434 0.09471861137589425 1.654924068282369 0.3071628815908725 0.5388687861784138
1.3840534686000159 0.11218575024847359 1.7560872776565044 0.11461039820499555 0.8205772551768497
1.3040726259447168 0.07009499974306511 1.5432951910096178 0.18638262330263775 0.6160321819971758
1.3875523706932917 0.08835028546906154 1.5959955771423209 0.2987008539829737 0.5982803414495141
1.357034563006662 0.0525057718912464 1.695725856390291 0.2539004847221579 0.7116597214825073
1.347402214819945 0.06301621661593691 1.4218257897541153 0.37657136111582523 0.5097495265629354
1.3734013987012728 0.09740986383668503 1.7128312760726376 0.4631779390976293 0.8278914376586853
1.3534655128968651 0.10748619633509558 1.6780754546731165 0.4397932198593602 0.7490990497516281
1.310677879376323 0.10706262333844568 1.6639241741489148 0.18756108834329607 0.7158664380969327
1.3648965772647208 0.0824896428759466 1.5051940058290003 0.2941746906363845 0.8188000572000856
1.3606759744893027 0.09495925552949447 1.7609657849165599 0.4850053224855018 0.8249480214110506
1.3405447738279543 0.08030348935863907 1.607938509095535 0.43048949042292667 0.5730903041932754
1.3943663508260895 0.11658049237723395 1.7768317900246517 0.1790097828198206 0.7514506579121137
1.343679254141771 0.09538377621084553 1.6306631566997045 0.41174793458822406 0.6194602344138374
1.3585668286898076 0.04660106894216228 1.4829091922082052 0.30094940931535413 0.4763431770767518
1.3535010253127213 0.06757921967016403 1.4721926264603507 0.4677156266296056 0.7341057746856878
1.3812594592931038 0.10680876489317961 1.6072920773042858 0.20513640159622196 0.7454025747812298
1.3750167015979051 0.08071583242403997 1.8485519305557943 0.325275854721539 0.8657855275692827
1.316598722916534 0.053496242631766486 1.676197927824187 0.3426025958161329 0.5874458780352607
1.319812479034759 0.06727051287059906 1.7665087531916066 0.3824390642039077 0.7208356101961421
1.3863237445882401 0.09464605867270293 1.60122816665988 0.29164203597747046 0.6078677571592607
1.3441790393048203 0.11834796263135103 1.6486808024062563 0.3223393804666616 0.8007299558906891
1.3522123361102747 0.11072230301057603 1.9858924242016194 0.25694112939923497 0.8727437783483727
1.3572049258947465 0.10166157531107735 1.5979046745767587 0.43702255997693495 0.694173774533134
1.365976659064962 0.10699296868738727 1.5005624201860548 0.2988289518868908 0.6865351119825799
1.348705097301866 0.06558610501694113 1.5596810668411916 0.17904039483635917 0.6866156217822001
1.3184217632731037 0.06901791885172912 1.4853340784606446 0.3548122974960405 0.5231926902571109
1.3524090617441327 0.07385142799007065 1.6041896168214207 0.16245086527880948 0.6325041815539102
1.3363108086335624 0.1172469895240831 1.6004607244585531 0.23496106649946621 0.7329155718743798
1.3406225607958606 0.11825405482671689 1.8644669915076642 0.25431356697199303 0.7702152203839269
1.3323057681745385 0.06338462042252477 1.7644878801953179 0.17461814939113568 0.5681869291065372
1.3873262826503354 0.09193787427373565 1.851789496814975 0.15068310951324398 0.7163673381933953
1.3886053236916922 0.08991783852269782 1.5695685944002817 0.29894410920689124 0.6556157519167629
1.317900423278672 0.07962741198035889 1.4786059678946408 0.3380419015184906 0.6689235433098781
1.3753873145896185 0.11123177581662219 1.5619867324134746 0.2714526452585338 0.6517835967820295
1.3090839967829107 0.052875171929255296 1.5622578674809815 0.19799743157332578 0.6648983207957189
1.3527198156583795 0.0603305909187232 1.6227756164774478 0.4149985380936628 0.7378838154468663
1.3533607012632076 0.07206985495013722 1.773324841880604 0.20303995312723375 0.5724552827698095
1.3650323342214028 0.08677035301381207 1.6453714842387615 0.29775946145691773 0.5213296220076284
1.3395360747592808 0.07310594268737698 1.6453024452514349 0.476269915693112 0.7745937570299276
1.3723840346592944 0.10836502650178861 1.914052922913121 0.07346829714094895 0.7526335435630721
1.365520682031828 0.09263239006777789 1.7013174122627492 0.47393100507401825 0.7971325286453681
1.3101657510942497 0.049626353998223745 1.587886108125253 0.24692225660712816 0.39915190556605923
1.3486867451724207 0.059532354686028355 1.511444963454617 0.23661467322288937 0.7348918539029131
1.3356929596790628 0.07219589261631994 1.5311240434099553 0.29077172625810194 0.8230411428821487
1.364647892842775 0.060388995909370816 1.5791647254456205 0.32209488489382887 0.5098911259315133
1.3376754962657764 0.07418242108957573 1.8417210907657964 0.4153336976059889 0.737462025551802
1.3563834367645509 0.11185545034300937 2.003918689238362 0.14743941405215397 0.8437935348164551
1.356767382782475 0.05684999467248973 1.5936194156361179 0.3786189078834664 0.7036239209586737
1.36484801859971 0.10467444245469482 1.8263193932206332 0.2909855096764831 0.6799884098646088
1.3776918843857209 0.09242421715191403 1.9564373221604856 0.29833323364663006 0.8276003568683851
1.3375217033939129 0.07663967305321788 1.688462523534108 0.3714030866002479 0.5516860729798752
1.3398384565396892 0.09136347789646002 1.47063615473309 0.31467912178774715 0.5662393605063066
1.342316887035548 0.08818282538722758 1.6419952762887804 0.41992892888176414 0.8358612239796172
1.336047610135957 0.089690818121145 1.572734098008679 0.17804953560636222 0.6084695655192082
1.3730091502489006 0.08891096945068513 1.5674721999596501 0.386637349172468 0.6323367091646311
1.3861918332958008 0.108632789079826 1.759095409263761 0.25472990648326205 0.7049559292790941
1.3358471151676565 0.0917724511367709 1.6645272543488363 0.414136164951066 0.6594948762145012
1.3505698977706166 0.11048612340791604 1.5462199689687952 0.3267980497601956 0.7441690578875975
1.355065695484668 0.13809996788538484 1.8740973514105455 0.09597681996245751 0.8830564651221622
1.3332082862153407 0.08321751170308006 1.6240797002434224 0.3516156864335567 0.8470575039912578
1.3841612679387583 0.08443318518053011 1.8789770831855965 0.1835464667016767 0.7497474317546117
1.349532130251528 0.09610187320550596 1.4728672140257872 0.2842652970562338 0.6454994885086573
1.3551121651223332 0.07412042345420208 1.5827863762087286 0.3751885173792358 0.5288391034267156
1.340837472364682 0.07419606821446581 1.8009591612616913 0.4381148961554477 0.7644624041628734
1.3656798983794642 0.06525056874526719 1.7501992007203033 0.2637422400631897 0.8250283716874678
1.3491178573059688 0.09831767022465795 1.806727599431686 0.418205569938746 0.7747035288559211
1.3633784541776752 0.07744225781829267 1.7207637193388714 0.3705159006488659 0.6195939611223176
1.3507278831756087 0.09320213172379084 1.6042778445713664 0.19500940390520854 0.8383100025263833
1.3058158463699256 0.06799088811348268 1.7863852668988573 0.19887009570770386 0.6876782948364676
1.323621703380206 0.07443615164567506 1.5543088854111367 0.3710884507133225 0.5416168012653954
1.3414735769780468 0.04839389440450472 1.4665682695114604 0.2716774632246962 0.613509922642564
1.3440327225506175 0.11231695736318321 1.6277416981842747 0.3434692573164163 0.7431190460729288
1.3354853557470077 0.03521780835826924 1.485407669795268 0.26828304402651415 0.462353193205617
1.3534982615216495 0.08758537262663225 1.6478099628360052 0.191210106877483 0.8819186202825481
1.386772483957634 0.1083837299913239 1.8335852575788305 0.3093423316157544 0.8113653549378824
1.3876627103869499 0.12660639257372933 1.8927293725187173 0.07483056555517938 0.7960097174633306
1.338167605942341 0.05293756986340644 1.5281310411704139 0.23009278568959593 0.36240315043223864
1.350324609519888 0.058839526768044645 1.708218223118224 0.15109104910804613 0.7447346723865235
1.3768265592667377 0.0924148774115467 1.9007381090662019 0.2758738993294638 0.8960825302405256
1.3430648298219958 0.07033641561058526 1.655476918319294 0.42033205932598905 0.8052477894442316
1.3684035201560718 0.0812175568946057 1.567369726652559 0.23395167878118783 0.5088933373314509
1.3462020252425795 0.1001876253655013 1.8325649141956575 0.23241697136550876 0.9191807954110641
1.361038733465382 0.07968943437049006 1.50104214346912 0.44158651380140834 0.6886937004214128
1.340530881817759 0.0951070320156761 1.589875193287742 0.41599957776055324 0.7691106294686757
1.3418005520978211 0.07730462830184207 1.4725274782233129 0.444302317867679 0.6994482093806889
1.3087731571055983 0.08587021835398131 1.5584660446430698 0.2912529575275779 0.5715855999996033
1.358168673512242 0.08303448965042928 1.958321315158126 0.2567620686827108 0.7572740108028212
1.3008291476666476 0.07379087950973204 1.5773921309099888 0.28696502205988816 0.6416243133708638
1.3162047914237127 0.07775319321982051 1.5070347568183724 0.2160299784554976 0.5718909920804487
1.308388247274471 0.07677734199362231 1.770966257089146 0.2923464719231281 0.7017924223825981
1.3107873418797666 0.06367450433813354 1.7253572553952141 0.18249480290455558 0.5787667663086156
1.3700069431240205 0.08565088137942323 1.9481208876751772 0.29324044863656934 0.8263143500781801
1.331784228019008 0.10295922118479552 1.6121555451076213 0.2846717403463312 0.8133005387176566
1.3465164168096084 0.0900691693460296 1.491478531662111 0.2793882863864461 0.7502788008294952
1.3259742847163654 0.08016697631909905 1.7564400787118606 0.38780775954874447 0.6935945197006969
1.381667422057086 0.13537034874453827 1.9492506756252408 0.1163315449425546 0.8662193571712973
1.3610305206424582 0.12916432280175885 1.8815179564695426 0.17562583818236602 0.8086132426089354
1.3679518124725458 0.07301785979757681 1.7443674410808903 0.20246006558339572 0.8851480904600061
1.388887692568383 0.09358432964132768 1.6482825346826475 0.29887776545231476 0.7863499542492395
1.3623372457033205 0.11207074514176482 1.8723014346095996 0.1790471714259184 0.7180875422299119
1.3065387360448513 0.09788645751098676 1.6924328050758417 0.24423313677974443 0.6949691114946771
1.3376117476106655 0.0974749114108646 1.5041561245236985 0.29245376072209806 0.6954265478154678
1.3256902141295268 0.10302506157664978 1.6992483633214182 0.18785426586411294 0.6296767023770826
1.376726430257407 0.1154948750348247 1.9431247520746173 0.24690089961409065 0.8607023207076555
1.3763141675667765 0.10166003264576584 1.6189539790764158 0.32754529492078577 0.8314948341205616
1.3615720795064594 0.09360559227649955 1.9795297318792349 0.2550181080806899 0.7958534469633254
1.3417454899480314 0.058546716408845734 1.6322770984869 0.4044246928509335 0.6658575139593035
1.3033707774678795 0.06814234058411059 1.6374785007080348 0.286901595705173 0.7052833623492927
1.3380433733113983 0.07524961216459286 1.4485398426717842 0.2852216938324243 0.5625889055121477
1.3625502308975261 0.09838659959794312 1.604073418871471 0.26506693190375624 0.5508158827144114
1.3509525274365828 0.07395725588217307 1.91144989475749 0.2597127337429091 0.7180140131877989
1.3486941303284496 0.08399253083740792 1.4947183308539067 0.30816318593034453 0.5164957963151471
1.4001770147625352 0.10441419472632334 1.8551540757103893 0.15095241933165016 0.9019929233678553
1.3769848007376126 0.08163734143997196 1.7509056055222365 0.3452068730898032 0.7929233662060334
1.3490196576473248 0.09538075507049713 1.8521010209242492 0.3131403509486836 0.695279120216667
1.3590562815379565 0.09162338761470133 1.4889698596618905 0.34031820740870017 0.6379354973025354
1.343333882592066 0.10508534451594671 1.5963656696598534 0.3496607718752317 0.7532245753571759
1.350235394649311 0.054765954624354074 1.5703230826285948 0.36303757641227974 0.6662272323705856
1.3160064393522473 0.04488931932112893 1.5815828302713735 0.26214808285792024 0.609705552303019
1.3532574285068186 0.08299833494648219 1.7562092708283195 0.42223620057789224 0.8175403790315143
1.3219109558390287 0.06571107738122833 1.76543133582485 0.3441760568832804 0.6821859803016492
1.3795049040089855 0.0789348980375866 1.5620977562011444 0.2636311717835135 0.6846845917018086
1.3725258992073568 0.09156861048757654 1.519040415776939 0.3048132469128004 0.6368921713167172
1.35162277272787 0.07005622730823087 1.4558444547342173 0.3434656573445452 0.5621196294516001
1.3388294419815436 0.0667236135013078 1.7428496218287468 0.1248491383065097 0.8520887328804776
1.3439829780722437 0.11060943419072064 1.6397597775140564 0.32001815230633235 0.7748314869704339
1.3446743089293314 0.10290083008690523 1.903563394643824 0.09824200556128528 0.7785573016840303
1.351424895606482 0.06538024892473893 1.719115436494878 0.2860802018127133 0.5586818357466464
1.3547580952571014 0.11148609177417777 1.8111688705579754 0.3058993396967794 0.751349885831876
1.3597339380122209 0.09517034464641287 1.6113228206891128 0.3053999743638979 0.5657338975106829
1.348732199050123 0.09556959561329366 1.6606719598198083 0.417773488656879 0.7441426006240328
1.3708853589644099 0.11825492717773142 1.8354924674239042 0.2686916825608012 0.8638909122224685
1.3909886793594244 0.10995309943176086 1.9858594743844824 0.12468829144913078 0.8825550440660622
1.3560189961146312 0.06736968717192134 1.7403480131639677 0.3373522046394842 0.817710380536428
1.3351243052719046 0.1028897344760329 1.5700255247959676 0.29786971070424734 0.6329408349282348
1.3643242595877931 0.12774112425490786 1.8990740139337596 0.18399969447178433 0.8666954247194583
1.3553152497055834 0.06160942714127338 1.6108345652847864 0.20730780665621404 0.7645181575985406
1.3524591718201764 0.07772546259381884 1.9128141210480591 0.3060204477761697 0.7506962094307643
1.3896623660677196 0.1051876493823489 1.7676004741804596 0.14720685763811583 0.7894303552326699
1.3540017997525144 0.0930858722532781 1.733898871567173 0.3822669909540273 0.6837580229138184
1.3914504319152927 0.08878082335255201 1.812636909135829 0.1693740921587615 0.7993845625193866
1.3760943266366668 0.0848970185984426 1.8484762645735757 0.18577602724673797 0.7110636334908438
1.3875631169451998 0.11107776806041814 1.757348981486186 0.22120814015877382 0.7678663541873283
1.3316448628284738 0.08171104682540035 1.8226029379137882 0.3348346210473585 0.8260611086705112
1.3748709411511588 0.08007928322986692 1.8777975810186474 0.1802871553308074 0.7480929022597562
1.359352730864183 0.1150025092674829 1.8053502795503924 0.30048967207938826 0.8014279341994273
1.3604750616881813 0.10244605958984106 1.8710832325908604 0.27529689685350567 0.8958566710842492
1.3730883603612107 0.09781650357939338 1.5803029357294394 0.34758545756182474 0.7572029260587279
1.324517187371188 0.06907049352586991 1.5805023171250694 0.34921951177699717 0.5367913151164343
1.3807578150146163 0.11739660177917645 1.7729835586581784 0.13835940877825537 0.827273238524538
1.370582058266674 0.12999134754285113 1.9082892324268341 0.15206655822470258 0.8498646046355243
1.3632685963776217 0.0666937058172075 1.5922958888823606 0.2850744235369657 0.5200223136600042
1.3685305720523373 0.0857945108282172 1.6727938733244807 0.38948354612607555 0.7068282573336946
1.3685305720523373 0.0857945108282172 1.6727938733244807 0.38948354612607555 0.7068282573336946
1.33916409707323 0.06815973541102521 1.5486475940957445 0.1868823714729766 0.6099753402367356
1.3519306529729662 0.09674758856977449 1.758112410330721 0.355133367928622 0.691548129702
1.3401906827790753 0.07587408909553313 1.5630977081408672 0.3487968625482757 0.8068320634508611
1.3264852214127119 0.09649616302053352 1.704022022168921 0.29412228140798485 0.6300173338007827
1.3809327910224924 0.1013707832846474 1.959255829492121 0.0983357653109195 0.8275393711568692
1.3665740279180065 0.08611813191748514 1.7484839242031511 0.39315178353905617 0.7672223555529324
1.3133344603849098 0.09360750678503632 1.6146970925977726 0.2172110107711273 0.7271588619646965
1.3550912894920606 0.08410149199623375 1.6464797861984 0.3704137142015757 0.8368822909126036
1.3451784376725335 0.09436374914234524 1.8576757744576318 0.0894008587650459 0.9057953482824904
1.3504014218879257 0.0647971238265438 1.8299234244093283 0.2979565177147066 0.7418692199499527
1.324477917017876 0.06878632389669934 1.684451485239885 0.31914325830385537 0.547534437001197
1.348516819586468 0.08326577563915014 1.7888519452914653 0.3759142860482698 0.835034336834597
1.3748016366134865 0.08344720186918966 1.591103910461082 0.27244604951452606 0.5937347654972998
1.336786611921887 0.06785221271353163 1.8610553705272839 0.15992699996422244 0.862982655850891
1.3561586519047315 0.11289204336761996 1.7768653820855134 0.23025503011743328 0.8898764006344686
1.3664207214583257 0.0954607178310879 1.6526739621004496 0.3800741159206057 0.7160695239985864
1.3292597798688217 0.09311722737324979 1.8351685841128687 0.29216634201707703 0.8263957948123805
1.3733729407714614 0.09384012861308094 1.8179149381457842 0.08794491217797078 0.7925253113233884
1.33561231603607 0.062197918200764916 1.8256904359129078 0.2718541340519655 0.6907630132021277
1.3668811687441913 0.08090861096228427 1.6078045696159728 0.3858425327349326 0.6878684213066734
1.3415384448354417 0.08691440272824033 1.6318070811668401 0.37002582285582597 0.6171983219520482
1.338637589236949 0.08952619095824281 1.5992751171468216 0.22410347875204056 0.8273661695565504
1.335531365496185 0.11120139580324712 1.853148892066513 0.21603245576203112 0.7857515107585568
1.3106486806859583 0.06434157117751324 1.725755908196553 0.25273501715802005 0.5935245979640068
1.36659353450476 0.09089452163718226 1.7961694896728995 0.3085885233860453 0.878895309456218
1.3532064994640818 0.07736007440800341 1.5923329165922357 0.39356285152403364 0.6239376382187312
1.3412498242430235 0.08419368561283548 1.5626342747821975 0.39483738974201876 0.7554479290672845
1.3557697635327517 0.06332826607212666 1.7096650445929717 0.24955003197650122 0.5961281539847988
1.3572389477823539 0.11307476103229742 1.750570241063925 0.25205570259582505 0.8691673343806557
1.3509924824353539 0.07247505714741592 1.8862023075134542 0.17627399271610059 0.7178041337781452
1.370673396555171 0.09620036650225518 1.6791382381946263 0.27694362745874 0.6309780282890298
1.3532045799082866 0.06819882179891225 1.887002601264224 0.22294766591326173 0.773690665520053
1.3348806372011932 0.08576634411759226 1.5267408922553833 0.3546742896778698 0.7091825845321726
1.3151678514901088 0.06034977196827634 1.6834844886272435 0.29174700980527324 0.728060192948859
1.3495321938805036 0.0670952297852182 1.7673514655950626 0.15965081101175846 0.6413406697963409
1.368828275590133 0.08473346748357939 1.801931215393949 0.23148998281333852 0.9005711614115235
1.3367074381361634 0.07810969428412375 1.5917187611079116 0.25680977765623414 0.46170360860803394
1.3800120256131332 0.0848588454555423 1.8384256957672105 0.24121174349423793 0.8524710937888631
1.3752686222636616 0.0818563060754626 1.8273229751463491 0.28378808328502825 0.7986013994251075
1.353893279524622 0.08271358318951198 1.7964107987712508 0.37922476148589396 0.8107833953528985
1.3327426195958272 0.09437404644413609 1.5821413940697044 0.28872273820648736 0.7797610517842078
1.3803158733938772 0.09658272863638045 1.645924880618189 0.2670601809929631 0.8100022902046151
1.3446651970306722 0.08855490859716246 1.8561976563020992 0.34820158390170325 0.792124141966613
1.353314520232153 0.08281861728834912 1.7962378468461377 0.18325551877702065 0.9171279438488387
1.3716583494856933 0.09947691851399536 1.6676530536915761 0.30012497446057945 0.6684097556171409
1.364865774820438 0.10102218413948956 1.847535005428505 0.3141507666008609 0.7740258528179217
1.3375832159442835 0.0996350580794049 1.6699402264356722 0.18106458960030872 0.6448216985331355
1.3620107847498089 0.0751204079138782 1.7792527918924472 0.34707581795720904 0.7306468628137307
1.3377564302734035 0.11566897462204796 1.8034440973753867 0.1977957736095534 0.7805354901079493
1.3252301120302608 0.07027746966640999 1.566351372495879 0.36302435783411297 0.7044231525619312
1.3641497843589097 0.06721067121503896 1.721682446121792 0.2092249032967353 0.8204618629894639
1.3530235288829888 0.09201287129420355 1.8662332172251022 0.32402167937826665 0.7510023968710662
1.3531408381286683 0.10344923241360439 1.9125062282734238 0.21613059662458914 0.765864874329308
1.3323541577118092 0.09535350693010525 1.7153002276913214 0.27579191559216354 0.8492300720954338
1.344080662425481 0.10854100548733042 1.907127632576727 0.08260942346132773 0.8825828976214064
1.3443426033248143 0.04758672415449737 1.5401455379354871 0.2949114403844509 0.5460658660004869
1.355502401789929 0.09832631523530136 1.9008252190832815 0.21368742422576195 0.735175284308652
1.3732451337787879 0.08822379264689933 1.75627156554589 0.24282559393523756 0.6678744364031424
1.3215315404271346 0.0989029819367795 1.8049210146996817 0.16099580430403834 0.8505886484022493
1.3646637456676607 0.08514362804365637 1.9497314648028978 0.21672071304269988 0.8163457444682355
1.3672097991042291 0.09222398333475787 1.6185613954396234 0.22143554848645103 0.6132582057149407
1.3367388491137089 0.0619398719353353 1.5987448262622408 0.17653594087746782 0.6933852963073904
1.3565697606546725 0.09448366060582182 1.6696253525510873 0.2402839811374358 0.8754034416252612
1.358238130919179 0.06558094187090965 1.5992311905357066 0.28318865281837824 0.5209290956943916
1.3832965109139272 0.10389821138185974 1.7766743190560947 0.2741619769906127 0.8016833408062988
1.3646940065309123 0.08338637262665215 1.657027315601725 0.1702150910099795 0.804992853667087
1.3497414488235289 0.09069803119589948 1.8229028081402048 0.18185607352752806 0.9201669731610596
1.3666552654609645 0.10765287378820862 1.9123954305391746 0.05278462592905151 0.9185148450119917
1.359259245102987 0.10516613515319344 1.9327101540121205 0.24407221258228187 0.8486489006246758
1.376493000962862 0.09627675270385598 1.6241377124512506 0.28174561202189097 0.6787886777029248
1.3397111019009962 0.10656052162900662 1.670047949453446 0.23221472041081698 0.6472363923164045
1.3627815829091614 0.07772499556574425 1.6784309379057656 0.2631833426585062 0.8593206259764203
1.361428810988351 0.08525356470996155 1.6045224930581257 0.20019681896919084 0.7865396352701268
1.332063514179454 0.0968124215028239 1.6892688208780302 0.29212227504615845 0.8228596364925933
1.3594157742311617 0.06730881012401056 1.7277046508177887 0.25999017559385273 0.8297735629754515
1.3420961755054384 0.07189505684912656 1.8468418685500994 0.291461914363087 0.6925392854287337
1.3196635571387088 0.09627954081162633 1.6582824558981342 0.24552578615049905 0.7796890987212579
1.3440033714214423 0.08432911596863957 1.6317355914933493 0.2623240496274652 0.5154018440729293
1.3654638741353224 0.10112676056524007 1.9519211187289631 0.07931773303789914 0.8659196290821969
1.3293476022950048 0.058078683282288456 1.5344270654230492 0.2981684987448051 0.4696210671779901
1.348393688571905 0.07778842010641164 1.7477029951597967 0.37900832956136926 0.6931510493912222
1.3214432904745326 0.050925145762414 1.6157143578586681 0.26376012019530015 0.49548703591510357
1.3210194610405859 0.0800631529530681 1.564414619346874 0.23527223692652438 0.7445960960400511
1.3840664827455167 0.1123975016283041 1.7663054358534334 0.1856323762783589 0.8152169525128563
1.394825858854262 0.11178097645399465 1.9427692554092095 0.09726461719106001 0.9060218895941038
1.3595426183925918 0.10419223795416732 1.599096992181504 0.2669029952335409 0.663130953626453
1.33420967013479 0.09847360275772651 1.6047171523357804 0.20363248907340434 0.7110940032742302
1.358800175746282 0.1055077673121645 1.750701572870664 0.2619287017069608 0.6877850996942353
1.3389811160755354 0.05610871617408756 1.4913935104006462 0.28997906974096527 0.6258624611800454
1.3192991498574678 0.06291276506588095 1.7074812076727865 0.3135061586514628 0.7012555947241912
1.3330620894752823 0.09832691364011117 1.842278362390008 0.14421526941035281 0.7273400199246818
1.3626812728999798 0.08991740251153173 1.5703814901688202 0.34102229122262734 0.6657770150767829
1.3719150720150912 0.07534925183525791 1.8599433933920257 0.17932077201356117 0.8394117751266447
1.3787876969177275 0.0983958530136103 1.679963209357676 0.2889460352733881 0.7342470707015964
1.349977397848618 0.11534735853877141 1.8280525517790007 0.2304261067399094 0.8299697014420584
1.3511014515144153 0.1111071724354622 1.8531858422102225 0.09570385078859191 0.796954248733802
1.347775162797238 0.10246644707992317 1.805831816456759 0.31389705215357544 0.8092207628999507
1.3407204237788253 0.07481747999623176 1.7715695493673738 0.3088904144489961 0.6248764121241291
1.3621078589886846 0.11586588613625466 1.7506763518866986 0.17923871939563127 0.8536141920955472
1.337630349758882 0.09022395689936953 1.5764983374686832 0.22900292442891879 0.5420764705703026
1.374309102524761 0.07973145791508685 1.5943278095975946 0.2732779458777933 0.7267640947907268
1.360139081506076 0.08565362606073308 1.8712673331251324 0.29830683674140906 0.851018805984311
1.37973870981589 0.10140884757568165 1.7614869881611726 0.2853138097354744 0.7935902228313964
1.3712157834252265 0.09883282628216444 1.9420666015562924 0.15841943319846538 0.9111411651102518
1.3801655995143511 0.11617308978225543 1.9268112397518053 0.0882360444548538 0.8198872636888894
1.3325700652020194 0.10725951215885007 1.7761210054575034 0.16902775650555937 0.738074919395521
1.3394382354807788 0.08567285238125842 1.5126961469498177 0.3083397078541129 0.6388912762911837
1.3790324897024577 0.11361821260647331 1.8770340323732806 0.1835853334518567 0.8987706558144933
1.3091954372657033 0.08309069347563974 1.6551422385136136 0.19120278536945948 0.722845470688821
1.36453890424792 0.09515141957521221 1.9028356369176471 0.278971610956667 0.8112114143456662
1.3185292355932121 0.06950601512045765 1.5948128859258535 0.2654628086846191 0.7628035405959716
1.3287844618375333 0.06742083452681062 1.5813798747318781 0.36488437365140736 0.6720853350970132
1.3518917969909539 0.0781641534101263 1.9316518750067315 0.19759374963950957 0.8107041344158858
1.388179424995189 0.09469765559456218 1.83187463548837 0.19530007970573743 0.8504928468537593
1.3538698378620666 0.11231322931605649 1.8919352417362854 0.08752989993521648 0.9156874243378269
1.3615336639023161 0.08430319810822873 1.5458547006427112 0.26209400244655867 0.580332280730527
1.3903708074383643 0.10981254344412578 1.9170799899993929 0.08829850013178409 0.8284823510560877
1.3522787255884459 0.08723183186966195 1.6249924673855278 0.24414130148772223 0.846141075785811
1.3660459711846087 0.09473945720745001 1.7326692818512393 0.1415564809400121 0.7328235649345942
1.3344688424373676 0.08339637042978741 1.6011989726857707 0.26859268735530745 0.8159076987381003
1.3257877268403924 0.056088616708241515 1.6945657808176806 0.2975138413906832 0.6576240400489028
1.3439865790059946 0.09890923174433573 1.587672037850893 0.28069898803174365 0.7648566531822044
1.3056807032622706 0.08100284996664935 1.689595597825146 0.2048976871449591 0.6734477951201933
1.3245239547437806 0.08360115360706676 1.699699110020091 0.20470108814308835 0.8501890184058452
1.3590165083965204 0.07369381952979714 1.706213831072545 0.3012727902548868 0.6202581017912432
1.3405251984145448 0.09023955934448723 1.6354878004601416 0.34633545253719594 0.7823109372419315
1.3594482321647083 0.08715951103065855 1.8612275758235155 0.3073243153854056 0.8357531809068978
1.3268008903044697 0.09881264219302721 1.6506641588981719 0.2206945699017363 0.7778974673509346
1.3555351129413729 0.07438016087862001 1.5190053722738348 0.25506738200267953 0.5619281146643861
1.3430644745899192 0.07480842700968562 1.624707853234093 0.38939482616991117 0.7333944557283143
1.352460445572303 0.06779702974153405 1.6322968456855125 0.2745115961199713 0.8130906445079049
1.3385461145427402 0.06419100531252607 1.7564225390386434 0.1517090908273719 0.8446494913675684
1.3675653425885508 0.11920456432333615 1.8874564630593658 0.13311570750559526 0.8066919905036773
1.3603522343207366 0.09977964357623113 1.638627855771151 0.31188304826683916 0.6871901022568478
1.3170402843179823 0.061548313627623794 1.5506428586580832 0.22247401826102173 0.4752293057875592
1.3379702759156802 0.08931100315831449 1.5429049796676655 0.2380374816749168 0.608769409448036
1.3484818664576508 0.10062779116002396 1.7801614570561348 0.258756483571056 0.8720310756133005
1.3559160502563097 0.1112666238339292 1.8978926186284981 0.18831089271747856 0.8852655242413856
1.3340670435860364 0.07137560830725424 1.5165310689177194 0.3412551754004905 0.6553268195413436
1.3523223134468845 0.08798395394284153 1.7918294310023568 0.35355838598023664 0.7596703320403406
1.3296351173072183 0.07839056298875408 1.64098956766296 0.251273761082915 0.5128042651541698
1.3329581411523992 0.0986133198602655 1.7775563290615355 0.13781304688181803 0.7286375054872796
1.3411803018317796 0.08897066769662282 1.5716675744607933 0.25822447771712886 0.7809582553227643
1.3695649894870827 0.1113824689326879 1.8765767673612403 0.21694537463015895 0.8142604360553379
1.3372578443246006 0.08669555610863797 1.5448391649537658 0.22868459654795137 0.6811982449018156
1.3465102467172796 0.10065934234204973 1.6039926303540222 0.26429342411326695 0.6419040658632066
1.3387111188830758 0.07783366074282518 1.755930050046652 0.3143867283682705 0.8353516341839651
1.3289864956452737 0.0894580772697321 1.637898344560405 0.31620634093543837 0.6472122965206207
1.3704535778986018 0.08117128737526975 1.6752166259037427 0.29454070291703016 0.8058637908690803
1.3391713743602263 0.10461774748464683 1.868085184464576 0.21857171802789133 0.8195188470999757
1.3758908478922733 0.1091265406772807 1.8236684691485454 0.1715557385674667 0.7642327875901699
1.356078326623859 0.060844007967593726 1.6669586357051696 0.22829520145459561 0.6608623773571545
1.3598925581636623 0.06492407043287268 1.5770451123761013 0.2586150016883276 0.7107943834180092
1.3531076225855656 0.09608119713086237 1.6370881967075281 0.1849533784805601 0.7487514256111757
1.3548234375045425 0.07760964677402833 1.5288399511604525 0.33578049681875083 0.6500151715548264
1.3617327646658264 0.10016285775162342 1.852832438199198 0.234777020493236 0.7405435329518917
1.3573304114003464 0.07630593482550034 1.5316727222254887 0.27995336069417165 0.5727809352319284
1.3483608065843908 0.058703182350381085 1.5504802514533007 0.32195803258538225 0.6234909491217576
1.3483608065843908 0.058703182350381085 1.5504802514533007 0.32195803258538225 0.6234909491217576
1.3413243955531082 0.06222618432730755 1.516217966749264 0.23096788927758838 0.6093832516750044
1.3299595330649576 0.08459800730503976 1.6176517937954134 0.1852794892181029 0.7568529042362359
1.3471912988400956 0.07875373268917635 1.639119433451107 0.3808688654832791 0.6951190394833433
1.3704072610284446 0.08385145337682177 1.8464749659451378 0.0988500909529186 0.8660104105201503
1.3582174810527636 0.07197077023872717 1.878694375125543 0.16213802117061465 0.8261585330042552
1.350832951622833 0.07952476975021375 1.793454702594995 0.3100952341396205 0.6811546845550694
1.3514297244444993 0.08786433816959303 1.677004549195233 0.15307948489937998 0.7271979590519309
1.3773036594794426 0.08432422476256385 1.7336665605013377 0.23733316653955788 0.7391543473198261
1.3602354318410774 0.0781255502514087 1.6827884959795378 0.34596193990658697 0.6838353249950498
1.3635425402427055 0.07054144249902769 1.713713937922041 0.1954837515836767 0.8194254654776876
1.3251304706486666 0.07404551062693278 1.6800725351051469 0.18088823979882973 0.8288600330136856
1.3333392407223497 0.09107566516982878 1.7199683374705015 0.2922251230924809 0.8228591523012415
1.3153150406130456 0.07929710513340518 1.5732450760465388 0.24052582032983377 0.6837848748173923
1.3672654226888854 0.0985336977603398 1.6902748797078817 0.1824635687350482 0.8273671271128018
1.3846212298331888 0.10735554141202812 1.7966031636618194 0.18609571815642903 0.8355721228468955
1.3772906250998747 0.08981832278036518 1.7193784960023373 0.23675580382827097 0.7214783045627519
1.3503888136769546 0.0996136604862069 1.7005594818406389 0.26273492517510727 0.6528123669345484
1.323935499141172 0.07889333029559496 1.6412385731499595 0.1678758878341473 0.6625537339879161
1.3257379804672433 0.0656382671455524 1.6434886605776993 0.21299798449430266 0.5124205942370675
1.3562576819695007 0.06854906608317164 1.8485874866023977 0.19250806294094294 0.8126586039987208
1.3645474266039752 0.06865950532155984 1.7061049857559758 0.21106223566854979 0.7429567281283425
1.3512494341436436 0.09362955459269201 1.700164929772719 0.29923114782259547 0.8413102075653865
1.3685226672890538 0.09328628701799159 1.850057110435034 0.14852796699816312 0.7273070251207447
1.327071111527235 0.08421596831445922 1.6931123560112176 0.3198615695129464 0.7622040938716597
1.3561849017987884 0.09829970138459261 1.873074484428822 0.27097303471936024 0.80157621111737
1.3284016714113842 0.06787063307766075 1.7432124239770266 0.20966101053785383 0.5946855225571107
1.3423143352165903 0.08256613194015439 1.8715326128646401 0.26517234621156743 0.7416301724893576
1.3125193862812945 0.06340288773204324 1.6916190819291952 0.18669090161115534 0.7275980152589732
1.350038623204592 0.06275847454819622 1.6278916494440816 0.19794160719749554 0.6464079794782297
1.3482070400481552 0.0973649988374842 1.6201206694007233 0.21493763216858836 0.6525265169904395
1.3580658410967186 0.09583430720483377 1.705392305703126 0.22719188731457063 0.6445321754621186
1.357771459344662 0.10964840322610923 1.8265696155997717 0.2145656210719395 0.8713162585367202
1.3320847271908693 0.08387827050379049 1.6505628847994616 0.28792637865709253 0.5786725895008127
1.3710550529449357 0.08790749037419328 1.6131375014544815 0.24113045431235064 0.7280032407449847
1.3540612343533187 0.08509172381026821 1.7947279560075162 0.15444331987642088 0.6696899927043677
1.3709766343599612 0.10107013287271739 1.8348196611251377 0.11073570263021344 0.7677730673972019
1.324947242702832 0.06247718243575707 1.566058546591187 0.2528701080026027 0.4737171626843228
1.333399604916595 0.08001919809481754 1.6144760299418008 0.3513266188913028 0.7014185003999764
1.333399604916595 0.08001919809481754 1.6144760299418008 0.3513266188913028 0.7014185003999764
1.3444159069374062 0.0915514412076946 1.874262586765485 0.26935142700863623 0.7858221314865081
1.3709642973270235 0.09693722554204831 1.8266421621087923 0.1497062344877937 0.7312339674446254
1.3755233380894687 0.08031684184853273 1.8387741316071717 0.13753095802326035 0.8459538526131183
1.3292982740991026 0.0579182632057251 1.6072305174507697 0.27693585148824634 0.5098556888391683
1.3307029010276628 0.08080520306138378 1.8132743946969945 0.2961406652123689 0.7587090552763792
1.3455525118465215 0.1109049811854497 1.7582965019658614 0.19685779589697627 0.8253696832376286
1.3605454540797255 0.07858079054690884 1.8072476622363371 0.22559499100335206 0.6876638350101252
1.3486057510180887 0.09786005994562746 1.84394553841766 0.1367630993563907 0.7276919624838482
1.3324175521168065 0.08169228621895673 1.8690588560733974 0.24054640084954315 0.8075830166612391
1.3292108673714984 0.07832086125752848 1.5489240390206225 0.21715823063037346 0.5993750580466534
1.3541171832676642 0.06292356012504353 1.554136652304094 0.253779937250309 0.5623828858362272
1.3510337668941326 0.06216822229276673 1.7346003446076126 0.24438680680012703 0.7731150356444574
1.3317577617137077 0.10298933368834427 1.7056386014085367 0.24256916007507137 0.7390303927861227
1.3234070327477252 0.06426852579899016 1.623830098364952 0.3205845853483957 0.6786219131695405
1.3733345585346572 0.10706235752701823 1.8315306025063944 0.19918460341941577 0.8835751056690413
1.339957555883666 0.07040860120108819 1.7363315206706318 0.3417254857537072 0.7539249178072917
1.3458992928871307 0.06531503216322676 1.6043079189412408 0.3316722869020987 0.7345542193928342
1.3579081612345747 0.11207774803305093 1.86434511444866 0.16051546926003266 0.788635258404462
1.3544925866786728 0.07973347801879759 1.8900797365312996 0.17256432152770615 0.7508000420506805
1.339266850066772 0.08682537846744998 1.5437738092912578 0.28246018641499804 0.6874730797233671
1.3650581449726134 0.06956873889208962 1.673081752856418 0.25360759096879537 0.7395518792584505
1.336229715765985 0.08686336351440316 1.637467348087661 0.2084199710668468 0.8154534910084653
1.337034309928614 0.0816426048599128 1.5962971234829155 0.2944546095481397 0.787023383543499
1.350178041467237 0.06405170106460567 1.6024006219205797 0.2469359995836426 0.7602293707360918
1.3468808464423507 0.08784727835102672 1.9197609019051023 0.17204686307024816 0.8001174329907333
1.3607966068907105 0.08863678149076186 1.6934898566648549 0.2902610843547732 0.8401809353392955
1.3683735431512962 0.09290953032259759 1.6458655946673635 0.21534967903158073 0.7095127318151978
1.348409004347286 0.09105367814445069 1.9062309023794173 0.17408003395620936 0.883332399842045
1.369679598913115 0.08728308456883463 1.763894754159351 0.1850183856361796 0.8813571812167116
1.3637645904150968 0.07124520244537223 1.652321808969078 0.27985296799354564 0.7560979560464063
1.32416264733967 0.06511798321317074 1.5238656962509647 0.24983342271322626 0.612409223267599
1.3482933778008832 0.09749034657648346 1.8363439638582597 0.16563043471387626 0.7159332149151301
1.3809032965025474 0.09213487498194174 1.8318239590411918 0.11805318478933569 0.8726922287002412
1.3556350199086566 0.0951974427956545 1.7123237323323865 0.32475140093030047 0.7883610807028618
1.3627257247909514 0.10155007264047636 1.8293467839439357 0.14059509887101845 0.7371670896349427
1.3302708907803815 0.06688720725167555 1.708252332702807 0.29565002471730073 0.7837528510225088
1.3411905613290613 0.08929237006983572 1.719452430506226 0.20088218262493648 0.6208299972499033
1.3368420524429379 0.06249683624059184 1.5555346302215671 0.32524112268693883 0.609943814851425
1.3242476723115246 0.07168609912309007 1.7817743391516943 0.2602270298086594 0.6779482436413982
1.3177930155080786 0.07508769843358394 1.6393798974310427 0.1969587931191894 0.576436196465785
1.3581816924927623 0.0800442896584959 1.622848458881049 0.2987474238536702 0.7982528325660343
1.370213555715535 0.10706870249493819 1.8023088780237342 0.23677810336759172 0.8269171518061076
1.3400608576325421 0.08276295451349595 1.554992645309193 0.25208952022720954 0.5649159226125189
1.3569545354320485 0.0820654081764143 1.5823858883368165 0.22150104641968532 0.6330402616794356
1.3420612610633258 0.09881436535546233 1.7665026785520785 0.1766160838215727 0.6942749776709051
1.33437112796044 0.07067036788821202 1.7440166415843534 0.18609021754701222 0.6129367841386041
1.3605538444298766 0.10828407878270888 1.9165668241110154 0.13782631880508464 0.8957875983667151
1.355998984375157 0.10037967210633326 1.755012940769396 0.1452850226001342 0.865114785265204
1.3479750144148928 0.09801703061008354 1.628932649337354 0.23725744050921505 0.7835746040298974
1.3468044259988974 0.09460848128849285 1.8430140916990427 0.1070566708503632 0.7717746972619536
1.3486632341352534 0.09960048305930837 1.6896966518286787 0.19652343850445703 0.6821182099605195
1.3390145603527484 0.08864787811440525 1.5567752976070963 0.2689596359928079 0.6779935242113504
1.3454583776236415 0.07365718114703128 1.7429772442958398 0.14474378854344716 0.6740941185035632
1.3752515571089348 0.10251088369657971 1.8558764311003213 0.14974385521474545 0.9059051694492636
1.3561062903710919 0.10463905343377174 1.8434863165455297 0.10308687120506901 0.7962116007685702
1.3429199249416164 0.1036963822832412 1.7076722138402576 0.26176399185087573 0.742458705791806
1.3445502029617171 0.06630746579118284 1.547047360266562 0.2828981226019405 0.5366852937110038
1.327517859404934 0.05639495199329777 1.6018657354689905 0.26481430436835474 0.519862834280654
1.360539280186105 0.0955194757693283 1.8348557143563675 0.210068666372751 0.7247918887580911
1.3367532199125316 0.064092439622784 1.588636365728048 0.2369001353013382 0.49776439548586215
1.327738660287167 0.057691379970717556 1.5940855716612612 0.27790674376639496 0.6920503995758727
1.3519013644183602 0.1024662399487961 1.8800557952535781 0.21410727779783534 0.8531611050152247
1.3362710765128187 0.06326707467984785 1.665886316579837 0.3136308808874295 0.7404078700127174
1.338730257732066 0.08648199445305753 1.7836552900335896 0.15237328609506431 0.6780893446111196
1.3124039669655911 0.07374860695025379 1.7289953213461342 0.18519640191267406 0.7141525860989085
1.3605737021144386 0.08176560848126542 1.864217119636892 0.1367286042844763 0.7520498481967056
1.3665214020866079 0.09689527611818514 1.8267289468778212 0.2274726238142923 0.7475809386724671
1.3789763721454356 0.08720232551129249 1.7995326514904053 0.18199661100507744 0.8384488941954477
1.3345640975262567 0.08381138347879481 1.6428204547417078 0.2987621634252299 0.608826087165002
1.3398887077545405 0.0916454777664921 1.6276710308851454 0.21708569207739914 0.6161508841119606
1.3744409652772112 0.11143724880445686 1.8388985779500624 0.17516278468923147 0.8218350007400407
1.3250084101110928 0.08416658443515158 1.6342649391755306 0.2916437886315335 0.7344190964587007
1.3295711730969624 0.059421295255358754 1.648866526323338 0.25812473274254605 0.7512526510341062
1.3634182247857365 0.08842828219719076 1.8467301372037253 0.22295768934424232 0.7379763106812616
1.3345144943740181 0.09071664399827875 1.7933450866092717 0.2628200220051567 0.7155357167775921
1.3518062238316495 0.06752614793527591 1.7920497204703039 0.2604783884205239 0.7560948216848122
1.3523146772540766 0.07539122035839775 1.615104507179885 0.24779425971255023 0.5578188077012913
1.34248752698835 0.08174142993351996 1.5371445422539443 0.2735613139380231 0.6288969865133139
1.3449612880842081 0.07116487842091618 1.6368915838825153 0.25144883672340906 0.540556047417377
1.3395528595893669 0.06918107272913634 1.5525978373757323 0.3288113564180052 0.6556292999558256
1.3622684968887713 0.08909839544603293 1.7695833971723172 0.1509645731009302 0.7063711968991776
1.3340904070479072 0.0941855677213988 1.820072305419679 0.2220831707921861 0.8410753130381459
1.3690504678926676 0.08595708343166185 1.643881923451148 0.22273038795041303 0.727627321123349
1.3541572442172982 0.09309002793682793 1.653953014483558 0.24408647241389517 0.6311105229310782
1.3458861892820961 0.07359893245849866 1.851192434260652 0.13431832684625258 0.8454192614722997
1.3359440318529765 0.08351690169273855 1.7672814763934275 0.12725101632776414 0.7280625335573122
1.34544041004169 0.08515084010627799 1.7400607510721788 0.32723358727372953 0.7936896908438734
1.323830277374902 0.06000557424257665 1.6664256203031438 0.2083134095347688 0.7554498198477108
1.3269619155240715 0.0663187556276641 1.5956061765707146 0.24982718907070525 0.5056593301533319
1.342913227556834 0.05661800301503877 1.5729558547425058 0.26268402831084825 0.6562473560424678
1.3392470779897416 0.08220614780543055 1.6783107373045993 0.20458822944419097 0.8461998048477516
1.364836724740377 0.0841314544362821 1.8933776393217085 0.1622888586995159 0.7898621139791875
1.3360627922008121 0.0955051087870517 1.6903766721002134 0.2560391146433789 0.6635381548804801
1.3227083046812345 0.07517974057815781 1.6780962688463001 0.22347317747052126 0.8074984542308422
1.341649984240905 0.0958392195953732 1.8851168077242404 0.12752096517809344 0.8509461043607186
1.336254670095396 0.08367426570214652 1.6982124561244796 0.30845109098680673 0.7950850057843817
1.3461723020029803 0.09153708206150828 1.6718758155493405 0.17251076676960997 0.710749391465845
1.3444252606809732 0.06505690978953603 1.6958506416547758 0.2230188937801945 0.81625312386191
1.3442032835322226 0.07919890246064701 1.8936543618648498 0.20139288659249008 0.8171299328784281
1.3230326362888682 0.08514348698655722 1.708632449458063 0.26981377985513916 0.7656103805570665
1.356212987712569 0.09353715643998911 1.748315101867107 0.2804833679176975 0.704594470944464
1.3449974594710292 0.1072296964962635 1.7579607094943137 0.17464541660389812 0.8022012999813027
1.3532664735214137 0.08362362670226724 1.5980956215522109 0.23068770344151054 0.6047621462505858
1.3429263772372546 0.07629437035263097 1.8851009171818127 0.18251141017567563 0.7918031650135436
1.364652929755198 0.08071725136662072 1.7776346051427971 0.27399651425681215 0.8091247679563661
1.3630660636785032 0.09739724193491728 1.6547109225915768 0.25300218925719586 0.7113209359490807
1.3320978018584815 0.08639231362512008 1.6778274392955967 0.27928583006445185 0.7973634737551262
1.3441659489674784 0.0680436307037351 1.768885581138894 0.22752843580280505 0.6537389345790714
1.3484148355027528 0.07681278288465211 1.6217337086365986 0.27308048519368927 0.5676894973459465
1.3474284489625385 0.08401644800505932 1.6621615589823167 0.2364250268738295 0.8390631097978946
1.367918011580541 0.09134600354289056 1.8496276697068117 0.20196183963892606 0.7573433928969832
1.3470701531230969 0.0898260974755964 1.6476604619354949 0.26926444477401046 0.6216386411108659
1.3280155503208422 0.06759931464918885 1.6303829111799688 0.17719451187129265 0.7028766975374402
1.3231716425022686 0.08669382801377518 1.7442483475584134 0.24524346205547268 0.694013035338768
1.3461851526473856 0.08794358377859471 1.7289484546747644 0.24776011795429853 0.8568518819063686
1.3345968737470646 0.05695323366760934 1.6547766230578687 0.2782041248148287 0.6356849540641841
1.3414615585912355 0.07152440210407694 1.5384646703297697 0.23780083219436307 0.629714189093516
1.3667783048482502 0.10664400927172424 1.7949329349491572 0.21812598800479133 0.8251749500732639
1.350976212195467 0.09074107749971767 1.8883854216893279 0.23100557442610645 0.8090261591812458
1.3740255569323852 0.09884970223296503 1.7797546277659577 0.16271427476341335 0.8626646834109823
1.3370199973066834 0.08727186698511759 1.7411535289570501 0.1575978139092135 0.6808873298913765
1.3332830752005456 0.08089445926886327 1.6565599521372711 0.173470071861456 0.6584191143832931
1.3318259057084147 0.060422380661852765 1.6838279283781468 0.2859045644730854 0.7076426878917083
1.3429823049812497 0.09714378666930797 1.8692642472681191 0.11828219383605974 0.8200705787166499
1.3543930307775005 0.08083057985952935 1.8427163580627246 0.17157927063933023 0.7162754206372409
1.3584110189229497 0.07453881030846725 1.6509142176775726 0.3112141378654026 0.6931792753419774
1.3590841634096598 0.07407792713980259 1.6354642378585442 0.21751989033406352 0.6553487194817472
1.374729012153589 0.09751633800926728 1.8064311779208073 0.1432230647609172 0.7807385182404499
1.3748188224828755 0.107897856066362 1.895542474927651 0.12346553863290954 0.8331128563660836
1.3449626926738678 0.09893334035471764 1.7624453800467377 0.14447955463035372 0.7570041051451617
1.3409187699084337 0.08530610272136951 1.693854692936052 0.30943342998168705 0.7894322569391646
1.3518238259283186 0.0959175458950071 1.8908737763417625 0.13603149357347596 0.7928533110515253
1.3699076390612337 0.09824988952028385 1.7452548024807393 0.23648069516636266 0.8226904995363673
1.3687733456401387 0.09508998425782252 1.8668502650887442 0.15893414017355115 0.895668862415631
1.369874481363841 0.0781800905977576 1.7986101279096762 0.1846296977463675 0.8111956555417513
1.3487370670029901 0.07474187143942726 1.5539531342056006 0.2420352820615624 0.6730592586624036
1.3608232766047794 0.0886104526303324 1.8800612206273248 0.1997130468373832 0.773666734442997
1.3669106710369958 0.07862398349652883 1.7745310687935907 0.158833656483718 0.844389047525238
1.3631753719035773 0.10433620159487651 1.9011307312698214 0.12850276902585803 0.8931561077900078
1.3473889669678794 0.07375267445675751 1.7564375225434774 0.1624415439416067 0.6697647768100531
1.3442434861302202 0.0953231308665639 1.6329491148211588 0.2606317424680125 0.7524128349275813
1.349090445090381 0.07491338616555264 1.6443222989395405 0.2993992769991959 0.6138192275821955
1.3383484724557861 0.07959962369073664 1.6637740291454932 0.30352190982639193 0.7879608098989797
1.3559336151375365 0.1015829827612306 1.6866348053824347 0.2412466424463858 0.7493966015380346
1.3533998754225718 0.08284932704597225 1.815102751608869 0.1910090801164514 0.6945350282143223
1.3589998390149112 0.08528578125803726 1.676605272759268 0.18943409897838628 0.6901835444742532
1.3474024161795934 0.08870038252838032 1.8808534449185372 0.19784910755542087 0.858960752678584
1.3303144583439526 0.08146067744106837 1.636837355612633 0.19927668377261543 0.6103279159169942
1.3386939526006252 0.07040605144050767 1.7296465012881628 0.2907863484574887 0.7907085787872609
1.3290637384330064 0.07783869256093198 1.7063833156284598 0.22995976358059164 0.6021065938156327
1.3256202727168356 0.08837890674814727 1.7288697727976539 0.24773781500251127 0.7782725323278169
1.3385602260289746 0.059735581043534484 1.6727847351436007 0.26466971688761276 0.7263009428607994
1.3448585026057072 0.0873736815412088 1.8140477435317242 0.2816119097705865 0.7920936272478155
1.3440568852397412 0.08660251575527791 1.6853128370366983 0.2000828705072575 0.8391470791427917
1.3470393771808078 0.07967172880056016 1.7848901040697451 0.275328325564638 0.6951846426823612
1.353895847931448 0.0996241827646365 1.7472543207521498 0.2657481183666834 0.7725448608236475
1.362013626345908 0.08756082914633054 1.6488278800621217 0.21205798083192753 0.764652218934234
1.351410219323017 0.07357817485794028 1.818830056883491 0.1493445533141474 0.7312486186017437
1.3412424338722806 0.06660339921437337 1.609877365315815 0.31728910247557757 0.689233486370868
1.3173944932704011 0.07308814628679655 1.682123637941268 0.2649253102643372 0.6914522858911379
1.340844039003907 0.09261742783571689 1.616439085950065 0.23044768160646886 0.7100241069867561
1.3516252635258794 0.06933478035082802 1.7243281025906427 0.15643153923765682 0.780767842585028
1.3525214559135132 0.07422036285844132 1.659031347073696 0.20666121896809556 0.8055611511811245
1.367604529176452 0.10055839342614699 1.745892630787076 0.22769307393012658 0.8058228456097032
1.3508381631967807 0.084611224630708 1.5871304873066743 0.29100601657300934 0.6958722318911328
1.3439639696839976 0.07194728025130866 1.6411743562894108 0.3275201311775821 0.6827150546309562
1.3614978839635665 0.08153606274761853 1.821167237706033 0.24819456694553202 0.8173718915956066
1.339871617257189 0.0657845457687844 1.6953925661172125 0.2973989694652164 0.7428774780850309
1.374803679579496 0.08586844460410108 1.8269543588128636 0.14719016366993265 0.8173725021176125
1.343110019687982 0.0841376064766441 1.7834063257631794 0.23298068686470688 0.6742953567572382
1.3445867904538793 0.0632684958740391 1.6832241711369602 0.2036474540717042 0.7690126700811216
1.3587754436627804 0.07345742491884995 1.6840741706047067 0.263152854804906 0.7818794974581514
1.3643874916037229 0.08186042618797863 1.6826625352434177 0.2610827550481672 0.6975177963509404
1.3564782626692378 0.09675163855599833 1.6799015059764926 0.20487377169697396 0.7309795659025675
1.3599244388883438 0.07350583324529092 1.7304681930998291 0.2641986466971105 0.7651646802247744
1.339882474298956 0.08725757572744784 1.7785348360982083 0.1324812965518517 0.73883591863828
1.354189323318681 0.09002293260696582 1.6255083795152823 0.2792288121589454 0.742920218349936
1.365319563179019 0.08516126365578058 1.6671763285821934 0.25350807874230347 0.7754232312674448
1.371535957197228 0.10589272176084473 1.820003426339254 0.1664789128567155 0.8217262255536457
1.3566794244999918 0.08359260853755204 1.8447945581208613 0.20007621855823904 0.8699202150369647
1.3726740468419947 0.10627546629600465 1.83475753106053 0.15974481212599256 0.8563213999464984
1.3362137936048497 0.07242850734798408 1.5500505632790427 0.2527611868217845 0.6602293538872669
1.3392485040184097 0.06849775498252533 1.5867077758295673 0.3010542475653841 0.6111266280290825
1.355732185544896 0.06848210303922359 1.6851189915598113 0.2035123073766597 0.727220357673223
1.3601668761488495 0.09482828595789698 1.8670826993037184 0.21353753137413298 0.7993902982439772
1.3431992114285944 0.07822215992178311 1.668297810094076 0.25520066543097625 0.5940816486433202
1.3453104069759672 0.08035438193880458 1.667973366142425 0.30477217920002586 0.6542171176447873
1.3388527953454465 0.0801659521661827 1.8336380039164943 0.2340578080025015 0.7352425813779508
1.3473806618056519 0.08329439210642174 1.7478746516093464 0.2367902357075867 0.6537170529958761
1.347149113919777 0.0629441629186572 1.6053848910905784 0.2530486694770447 0.6015097200421947
1.346418212373076 0.07772947000406719 1.6968400539872985 0.2697260971527983 0.6257255872193618
1.3549087755777414 0.0893668264422926 1.7679239584761863 0.2762751538479103 0.735999600651633
1.3344152498883592 0.06713902305397139 1.5871376183873487 0.23957660463733 0.7261426535210644
1.3352847485161632 0.07774408892096737 1.7597511916892397 0.196761173029072 0.6510465193514912
1.3352774206113183 0.07516565341514143 1.5661090813624052 0.24483120262515015 0.5924882098380647
1.3727112933798287 0.09041078243726754 1.8091227005080097 0.14952719296623243 0.7843286143889057
1.364368481010197 0.09466738456724709 1.801072889160172 0.17646398902426214 0.8779949092969018
1.3216542293386282 0.0678630282259383 1.6442653805200091 0.21379696839094575 0.7439355153847191
1.335826828506438 0.08729511032516153 1.6550056458793914 0.2759864498545528 0.7621186253446433
1.3342516965471514 0.0610131753449176 1.6604579067482403 0.22814403575663253 0.5972975344419585
1.353308806387833 0.08595286511845691 1.62753846629916 0.22927655200701855 0.6514084919683117
1.3233008619674678 0.06463863151152165 1.6809609565883674 0.24107569409709623 0.6081511354211657
1.33065095059021 0.07078747872529807 1.7292022673840255 0.2703877038978318 0.777295302337846
1.3210461469298853 0.06262742203354063 1.6743952070234482 0.25086402337743724 0.6487920346492319
1.3331221227509042 0.07480982791587895 1.6290433903364323 0.19139285623156094 0.7420647101398895
1.3439780153272078 0.07976241659176317 1.6883626980548296 0.2217884400695586 0.6117818820890933
1.3461449956067355 0.07511965793412452 1.7524864912551583 0.1688941902113898 0.6721624244416053
1.34032125408176 0.07551352535487507 1.782470300098634 0.28323560754102295 0.7349101291944329
1.3221946184514115 0.06964873987524688 1.6454900853954169 0.279186112578602 0.6714718052487009
1.3506570235312996 0.06728345275456037 1.6179568457371127 0.24793244578325618 0.6152232539672029
1.3684844544764836 0.09125893743988518 1.7874684131091245 0.20013931763880707 0.7562214035329807
1.3290025061844886 0.06421773834697811 1.59220720324331 0.28376392780443976 0.6426621641603967
1.345650757788934 0.0809233319270886 1.720062195796547 0.2910284454043459 0.6770911272547223
1.3691424662183507 0.09670528125264248 1.8958792592222569 0.148495907057547 0.8532936487949268
1.3649735350739438 0.09855011030289086 1.7879061355125927 0.13385162023678276 0.8095870772156213
1.3324474619397195 0.07605345286212205 1.7990769664978603 0.2347554704213816 0.8089631691617809
1.3377233047704602 0.08323835887121733 1.734948479970773 0.14026580087735344 0.7635304397862397
1.3454067100971976 0.09931882572387599 1.7615984318894355 0.20110639352429188 0.7393487228609654
1.3290266906187593 0.06081775277808552 1.6466632304704993 0.19941661793568374 0.6430846462417228
1.3367539985284345 0.06618131508120181 1.7093430349385526 0.2565010040908775 0.6318963490383741
1.3665695532265612 0.08902553024686749 1.7939121711078427 0.23764708432905132 0.7859465771142681
1.3709869966958728 0.09598995688354087 1.8103318446022465 0.1497008073742693 0.8675512670170097
1.3328085634110958 0.09018570160979807 1.6638626614668395 0.25878125343911496 0.7246597999075051
1.3690427735713424 0.1024513193114019 1.8741554545229042 0.14150784840098324 0.822401306421788
1.3235230944679053 0.07514045890965053 1.693584204204305 0.25658333253579213 0.6433625534742761
1.3575751347350822 0.09548243476529729 1.795700982759099 0.19561960125021152 0.8676787341041843
1.3589800674221206 0.10233336397739683 1.790751019081034 0.205982792685624 0.791446753877289
1.3598838838655352 0.09266849462786585 1.7555771652065855 0.2348315579796318 0.7274343881063303
1.3518480622147715 0.09163885251015078 1.6994792357500872 0.203373687077424 0.6885121317107513
1.327404644218785 0.06415959174725128 1.6926098402670942 0.26805215329099363 0.6732313698436879
1.3518541781861226 0.06888969200822415 1.664987148158846 0.2066840686957949 0.6829474757458056
1.3501923454115101 0.07842404726125926 1.655592437431147 0.2970869435449396 0.7625114216416443
1.3657334337881093 0.08656899434127076 1.8407297075818478 0.20715485182134644 0.8295460562261393
1.33528894670581 0.07576424303529822 1.794964561901044 0.21068106734713182 0.8339694980940168
1.359540535272536 0.07856499159837335 1.7529452637060094 0.19776498188214398 0.7063485263331964
1.3728331100348758 0.10253625853707381 1.8614874678579363 0.12886475426725044 0.8629603857018445
1.359021204422464 0.07884304203271307 1.7967318487373105 0.23932467568279508 0.8116894052697436
1.3439154452332287 0.08314055186071255 1.6601672031287547 0.18336523396628562 0.7667316007763525
1.359688642217327 0.0940377816604836 1.836098100434147 0.20520724731695067 0.7719713398557557
1.3445152774867792 0.07993670424539495 1.5917378052479192 0.22741344715752038 0.6536537521051748
1.3413636348007718 0.07480910130698788 1.7269508036945385 0.16936723119915953 0.6680419060965596
1.331701991834408 0.08015059147813253 1.6206172449168128 0.2167060779742547 0.7401794338476888
1.3444194703253063 0.07590853056711719 1.8442862492231538 0.21696566856069044 0.8030388644574198
1.3460014115575485 0.08721008324074214 1.6701552495099834 0.22242541285722797 0.6468203309806466
1.3486442720895317 0.07165503821688732 1.754261387973889 0.2665084857544737 0.7818004421913222
1.3490375099350425 0.08800755822784238 1.8403225938420755 0.23605940142724555 0.8159570644361419
1.3416534023645137 0.08307248010288437 1.7170889557166018 0.21066269641837704 0.6433680262770549
1.3494738947924712 0.08035070417271885 1.7330843596294536 0.27482719557580304 0.8103022765196422
1.343341604958076 0.0661148104679557 1.7831492962122697 0.20486364166378895 0.7486558113937999
1.3498287777378584 0.07937977841052142 1.7720897127122088 0.27154835111552006 0.8039393776556257
1.3454569979318767 0.0913991672824459 1.7831684668233365 0.2358725335152936 0.7290503288817833
1.3575627306068652 0.07574627933539925 1.7103469852778863 0.2373234598739628 0.8020623471367467
1.330482789440122 0.06772769241713748 1.769411246914262 0.18436213642028867 0.7916002772232159
1.3530694549798614 0.08710266038244373 1.7227778850987172 0.2723095320709656 0.7090239844702074
1.3572286831366256 0.07792340572542752 1.6563197704789432 0.27060645730381794 0.6865294414796961
1.342902799503373 0.08808579169089421 1.7853377779292108 0.2592384492773113 0.7952622809497377
1.347499376128673 0.08020206654347625 1.861623631645033 0.1590441329934792 0.7848225262776687
1.3564462040336414 0.08330777361228617 1.7437536272638958 0.2700510459905673 0.7300661835674377
1.3431022836253952 0.09617320438099677 1.7381947078484101 0.2065979458043069 0.8148124806742514
1.351479792925468 0.08657437735936069 1.7069047264531378 0.26085741974704746 0.6842176093755655
1.3580374737190168 0.07597817618359926 1.7266569328121952 0.19082060048429042 0.7154579511030954
1.333041751264923 0.07503656074806225 1.8034532561762355 0.22157479748310402 0.7307455519296678
1.3500816261159636 0.09377503196861092 1.7228288857157628 0.2529376867202523 0.7917589516977609
1.353653635679275 0.08635527068234522 1.744456627828408 0.2166214308100601 0.846926278991589
1.344658607292565 0.08185258410450212 1.6843182894762347 0.29781221000833025 0.7320526255632592
1.331351210120458 0.06708519265834816 1.5940775389787862 0.24165259906234507 0.5861298448136125
1.3529689845780408 0.09944711093695456 1.78994422458553 0.21054064763587554 0.8041509324080138
1.3273786390761335 0.08059310613114845 1.7538360828053272 0.17285075139978875 0.7154422658400695
1.3469555612337545 0.09810362736833553 1.7682141962906566 0.1749606050307572 0.8280339312332292
1.358897092029745 0.0891142315065938 1.8233235677556774 0.12364863274750622 0.786790940782043
1.3323377832228198 0.07962368503634251 1.8241696827322933 0.1730305390242483 0.785681899776825
1.3533417787585804 0.0791713555712688 1.7112831199077907 0.16642417112434985 0.7948291284479583
1.3464407927122228 0.078643056964102 1.708616596005524 0.18394716807718278 0.8272378979093951
1.3593207084337093 0.09936111841165002 1.81957247072333 0.15098189258839173 0.8609809963048649
1.359989558278266 0.08016324522951167 1.7511424859582925 0.24209514593133374 0.7471265450808303
1.3481268340792483 0.0733752728047274 1.6335499875227222 0.20839453410960715 0.6828718655455509
1.34743758210741 0.07321120235709178 1.7488047157809885 0.2505308358844874 0.6981516676969125
1.3656545659985952 0.09146930676859047 1.7721470602738467 0.15833086576859096 0.8124426950638939
1.3356109237118843 0.07977382384201961 1.812250795845305 0.21482067144200917 0.748673031433252
1.3493827488760521 0.06895873672713046 1.6618460490980436 0.26541384076889823 0.7078030391788046
1.3526240906799343 0.06988199263906099 1.6866949477344098 0.23474024234732319 0.7042945651878996
1.3457170528278943 0.06764920890517054 1.6396646586165247 0.21461974308855128 0.6846155307033301
1.329704698182966 0.07222756010553541 1.7590465682198912 0.1966416065469206 0.8010498261640331
1.3449846808459847 0.08036953822031921 1.7371083868216068 0.21826768705596775 0.6675281856308782
1.3360873869761845 0.08150499829879868 1.6817601977002044 0.2717496767896122 0.6817323104796426
1.3458957207879791 0.0850961083712419 1.709702394351925 0.19150423518189652 0.8235474323162112
1.3557794047822107 0.08718352493740499 1.7873373639607935 0.1980871457591499 0.8525932731890403
1.3408530907702778 0.07786772531183807 1.7362336353299515 0.2646109393693068 0.693766488885214
1.3515285953859968 0.09280055045447298 1.8074885450852751 0.21243327241577806 0.7729064880812011
1.332560179320544 0.0761947725846571 1.6453081256664108 0.21818192651027718 0.6250685441246395
1.345748081824592 0.09326932825902433 1.824653984688474 0.14713631510880512 0.7868375546736698
1.3496498291593855 0.09783758525283978 1.8305993511482268 0.1546099526129963 0.8142739654476977
1.364525344044272 0.09131479307437314 1.82860037204141 0.1668523526529003 0.792679292417123
1.3556285070226262 0.0833107772806769 1.6942006753896748 0.22096509516014468 0.6998841132497047
1.3459176388558265 0.07860190290884932 1.7184314945831836 0.18234955827014554 0.6850325141848667
1.3548812189430384 0.08753378974292476 1.7209462620209361 0.18707978113328505 0.8140781014125951
1.3374374114508314 0.06924843070984275 1.6954298203851852 0.23739876500040746 0.6429517981178583
1.3441986145338867 0.07054498731070266 1.6721770768160735 0.2183089149720027 0.6490328272504305
1.3520373186512908 0.07078157702378202 1.709019159155587 0.21550940563711343 0.735074107510588
1.342173573028656 0.071766343251491 1.6574048636391066 0.2674823591628713 0.7418275227019379
1.3528624451625277 0.08415327028683968 1.7599423214103962 0.25173227611207344 0.758991465948654
1.3415321512701543 0.09056427056726206 1.7062928563964386 0.21930393681986637 0.7775104426409093
1.3458586030273048 0.06970835589239657 1.6930105635830008 0.2583732446481808 0.7056461890551761
1.328609056301754 0.07530510889219154 1.6356071568339576 0.23792772684767546 0.6994385772271072
1.334807221022151 0.07995153953789576 1.7517668006320797 0.20523722445382067 0.6950353861249974
1.3513866993091834 0.08188918543371912 1.7908661255408693 0.23501863250818428 0.7748707469062572
1.3463536957207187 0.0735540785135557 1.7066713740039807 0.25038809411636637 0.7022894401596065
1.337700553070098 0.08426254297800431 1.7027898193914863 0.24068340949583805 0.7596772514912374
1.3392730774400452 0.07313444960714233 1.732350312053526 0.24765898524140414 0.7101487034611458
1.3416294991578535 0.07590408511086469 1.7460353025328192 0.198724900212334 0.8173616119537702
1.3449510543073866 0.08238593344995115 1.6897487659463608 0.19012982056826788 0.7270944806716155
1.3509949285504963 0.07700327227691701 1.7030877430023397 0.22140245286220941 0.7027293341816141
1.345439750949124 0.07481674322775034 1.7567165208940494 0.19413667888663355 0.7148676539322196
1.346974142344359 0.08425898607262149 1.710585126760665 0.1856968039454099 0.7422932234199835
1.3552317720221292 0.09078773286216124 1.794363893841795 0.1897174121608167 0.8046532247064445
1.3435075152655347 0.0801426980768262 1.7479297188185106 0.22739587190106653 0.7934943042354865
1.336671035856643 0.07870979853471609 1.6819081950725787 0.2456098909129068 0.7236827112954716
1.339172800114091 0.07533390407004799 1.6979068172780232 0.20905811821330375 0.6902009458398678
1.3412675353127057 0.08141373555599377 1.7109919987539082 0.1945534494483093 0.7720317147327778
