mu1 sigma1 mu2 sigma2 alpha
1.3091480860652016 0.06594553190179461 1.4613219709225271 0.214670347956747 0.8377856627202698
1.3210921434931733 0.14398501819275994 1.9604311204969558 0.18420516996186723 0.6691125090287972
1.338618892264707 0.07269767130542483 1.8164529856677505 0.7483887932699949 0.6235127866983949
1.3831884235183038 0.09677966340855054 1.5514371978294612 0.6855377726500052 0.6372188107828118
1.400687375453058 0.10228447091975779 2.256554428680148 0.4398752232223672 0.9242016174602798
1.3483980947103453 0.09800396142384789 1.738002346480955 0.6223473188177676 0.6072393347737767
1.371353121086413 0.053943910753242924 1.7539659888259234 0.4550000634653319 0.6032490908423885
1.356752647874097 0.11364817164902125 2.267445250483532 0.29725024384520127 0.8956139617851387
1.3679179457331845 0.07369811127523215 1.6162124329399377 0.6213980576817865 0.6271827883875478
1.4035377243145644 0.1676849335985482 1.6614555710717545 0.303633720001369 0.9017001810130904
1.3155882089818014 0.11314129441675987 1.5959157137463418 0.4864623980212715 0.7737044559236491
1.3893392798771043 0.10197853968068746 1.9103640355962663 0.493742013703639 0.6707219616560253
1.3306735238741476 0.09526307709275045 2.057963559949607 0.5449363411044972 0.7870346477243455
1.39914747026924 0.1486731672260326 1.5142990157000238 0.24743075158947211 0.6555591592035245
1.3998872404813376 0.1355699453616569 1.60947339478836 0.3182840326016402 0.9280161572529637
1.326784227156626 0.08192847896808286 1.4259244796616086 0.20342343326342127 0.6030712244283076
1.3855532899055274 0.06298090213382831 1.6221035117818954 0.33059931768873596 0.445068229295059
1.3179926378673015 0.06286642566652254 1.528844223176037 0.3626918177552116 0.8407242137762627
1.4260287550119717 0.12729513632437686 1.7349981994848482 0.3937721342249938 0.8346476359044579
1.3768153315135845 0.05620409131963317 1.5721442236342515 0.4286646616175283 0.6676686732208548
1.3902899865910918 0.09029821277382086 1.920336089285517 0.4558419379111206 0.9170478338834429
1.3787652189105075 0.15749226161564464 1.5843977301047858 0.23586934189116587 0.7408731930105326
1.3466929760219843 0.07364564087536735 1.7776302384447282 0.40055659098027907 0.4803846343707278
1.3153809450922453 0.1333357149290772 1.5251164787550602 0.28051921247955197 0.568989172008648
1.3564718825869642 0.11102978105907566 1.871959961377109 0.4124099399805624 0.9459077595059104
1.3849374329914887 0.06459587495859596 1.4199118769309798 0.3369399121185243 0.6559001664928865
1.3638984105539054 0.0577243404238447 1.4224086522538464 0.20950158530319102 0.38221399008909474
1.391018969110956 0.10851714011162832 1.743670755560537 0.09419586995834599 0.899087001472997
1.349221286963162 0.10382999915083525 1.6389338415139898 0.6399981521524454 0.813886026735833
1.361364281768788 0.10805373821618418 1.4737890828442606 0.4568295700963115 0.6203263393292224
1.4213727301963344 0.12553240724787415 1.597580925924991 0.3160149789910444 0.8279988124633451
1.402583539062042 0.08299385058381135 1.6562862630214648 0.32001242958074116 0.8566880363365762
1.3551401758760602 0.13058318204379346 1.595542346480264 0.45367139815623403 0.8613400277423758
1.2999545557381131 0.06903136782437201 1.6837602009329906 0.38261362797745335 0.7624962450248185
1.3746094079424218 0.10300696395470588 1.54526597004621 0.6170763274335747 0.8368765038994176
1.3801303512538916 0.11530383755951548 1.5337214653338442 0.5643634102216655 0.8242368848781411
1.3701690766442622 0.12625189969918915 1.5359654476043292 0.4837487816660585 0.7511135335644307
1.365263658721192 0.13142122079230228 1.8618527097590594 0.4779250897299187 0.7756628925092159
1.3351966907089339 0.13898477086740904 1.7583482176650445 0.37147663316065316 0.8343639516217938
1.3458763208217155 0.09093291928485511 1.8384784812752861 0.3328353833538696 0.5321986031270396
1.3372441771266081 0.08003660439780887 2.007520071718752 0.4050947409661534 0.6851794731596256
1.378983097413664 0.09119003559915903 1.4262579580169152 0.43585662513671947 0.658564668183119
1.406170928950536 0.09567328325362631 1.9219877615315593 0.08605061475127385 0.7488346321215591
1.3289994639441671 0.0829037730921384 1.4632204158508717 0.2233745045116803 0.7604221232457016
1.3808817585430806 0.10810817113344531 1.7678387445133703 0.4553646239774838 0.9244950818033155
1.3343077912848753 0.06124887844957254 1.9689945454963365 0.2783247146335469 0.8100310260933139
1.3283616942776058 0.08175213207042031 1.4422448879403262 0.21952705532662217 0.35433777277049233
1.3316069356643268 0.12132655315461818 2.0288527724428893 0.23881058298913507 0.8518947228342209
1.3417976206872342 0.09247652640716023 1.875105691413085 0.5661337895710116 0.7796210122283126
1.3282012096244433 0.08273115492989723 2.0369505261090666 0.249116990026519 0.8191987600435521
1.2904315734575316 0.08285201458485651 1.6658108937675151 0.20467913454446718 0.812516015474134
1.339385627782055 0.10833393221205416 1.4898373633414737 0.44516335029598536 0.7671692180737719
1.322805173000856 0.0538307398734855 1.8641488183597281 0.20791341971373797 0.7304194289863217
1.3398955731043993 0.0754072359488945 1.66021155600704 0.45569583596271895 0.5337889985777617
1.361361469416682 0.070320333359035 1.9295256560738299 0.46102139094905514 0.758320425295343
1.3600280103849416 0.07024479541313615 2.0035712020749847 0.19784352698561736 0.8669234997559218
1.409367610753646 0.08952250912285249 1.759999820503376 0.21240467525785794 0.8581661484934381
1.3289433096685355 0.11910780596452024 1.855832786623408 0.2649328036966721 0.6622783696066413
1.330913748925748 0.10562215130152242 1.750703558986025 0.43974538167287647 0.8598389034019975
1.3244776478946299 0.07736982900305091 1.9506921416126688 0.38478426140335553 0.8241402783161995
1.3214918146102896 0.11983640818617185 1.7977897371079825 0.35240977719940586 0.7395764505015758
1.3628499520802797 0.11543338734670253 1.5551485603809692 0.4519940734260572 0.7061644042917729
1.4089679341329604 0.09980199927462373 1.9727965633720221 0.1982277854501508 0.8112240777312496
1.3568246767295493 0.09915045658339922 1.689813058175063 0.5051870234069566 0.6707268879490023
1.3727656067792915 0.1442687269724738 2.0227186771363836 0.13661279708914487 0.9302686337481778
1.3460874794760846 0.08659656035881715 1.925267316543859 0.5290713218425463 0.7844903011237051
1.3697507828881592 0.13020805592054052 1.868890538177176 0.3637842596516973 0.7507840002205743
1.3320666121052893 0.09023654108559492 1.6866460907837393 0.11784917377658105 0.8589881533050192
1.3543277086688246 0.08384559180848397 1.80212385306478 0.11845541819892354 0.5831969055923065
1.403545293415342 0.12718524440236195 2.0571807858431694 0.1766099525524263 0.9141254207222708
1.303577390230918 0.11281004319333884 1.589426751865359 0.2756541950414896 0.5615414953091875
1.3690257832251886 0.0847386447313059 1.5747229106016998 0.5245800728923147 0.7244233882815289
1.3580133709185547 0.12225665128661134 2.0345906758682184 0.34832397840245355 0.868674079024706
1.3822778007527734 0.08065866756745584 1.5877755507528801 0.18193024157824542 0.6268430295896058
1.3799281864682094 0.16245477715006706 1.9439155608306375 0.07246258976789731 0.8831853877218602
1.315798783468224 0.0847579218224751 1.7053561476398302 0.44768443045849526 0.7370748524039641
1.3870819617117447 0.10261237778073051 1.5723623127151822 0.47500209736275467 0.7686183860382297
1.3149933704896641 0.0998481240291952 1.6443516884602942 0.26392694361719826 0.8708867762837732
1.3917583866813492 0.1050815993632274 1.7588864912439486 0.4686181530738539 0.8611916938483203
1.390953872891859 0.11526377971373265 1.7337015134952258 0.3358395901802297 0.648819191617985
1.361336199948641 0.07058254399611391 1.8711439946400619 0.44238569802462263 0.7145151723640677
1.3618029245617405 0.0853896457222471 1.702296581099898 0.3820162388855503 0.5337243174473254
1.32545991150925 0.0819424925832794 1.6194460937309194 0.18409165708599845 0.8768984208453069
1.3324789800306591 0.058626322711720906 1.68509907621289 0.22906905231650876 0.8776585335643979
1.2798133161692848 0.07128648326830511 1.5824794880753235 0.20323677182671365 0.5419055010416733
1.4015638372019175 0.10392705262649249 2.039804718749213 0.16230495131496653 0.9135358989894052
1.3629129783142502 0.08862520902448555 1.6966924019559846 0.5334618647316122 0.8349612211773991
1.411700109184368 0.10705363964533146 1.7967672688253913 0.2809176328745957 0.7928933047271706
1.2915081705891196 0.07324364755436383 1.7205237391207175 0.18989406374711607 0.7693338964055343
1.3308584018324452 0.1386222258648528 1.8774354852742638 0.16232445661232836 0.817331860763528
1.3390057279951186 0.11478839483419878 1.9244608481899785 0.06461704020297206 0.9495076114716257
1.3529416261043512 0.05335752453822745 1.518098056113491 0.2818839606626829 0.7631497669500901
1.3594686478978044 0.11674347409188358 1.8414765490427425 0.41170498720904924 0.889219582826123
1.3183987945989242 0.10745091209368149 1.7007330012925534 0.20286548023643672 0.5529524474927053
1.38872150588038 0.08650323732279162 1.881371268327213 0.3511827512321046 0.8617579369866277
1.358855583847479 0.13825260053519556 1.9594759474831536 0.20210801301000744 0.9138065021213679
1.3006126623281746 0.08717253273734864 1.650206276573658 0.34352892250726746 0.648737233909955
1.3512829603966805 0.11782607422726817 1.79967854095587 0.22800068159368556 0.9383501103678991
1.3609890155875308 0.04336252901890509 1.5543672188096953 0.2874512409234067 0.6077067290749798
1.3739855082533872 0.1353615520624037 1.9829025169782186 0.23497762307291936 0.9101037833891659
1.39084765657859 0.08122017126598957 1.6031739034665806 0.36835255803333267 0.7413085732303193
1.32395383203822 0.06087939639326197 1.614550687296747 0.4236491511776891 0.619515455850319
1.3394207552000508 0.0566307092133399 1.7886451093435236 0.38700597018019717 0.6996270026620183
1.366590484821095 0.12016317043820014 1.6581529886004638 0.3520965362798513 0.6434158979294534
1.3979900601360793 0.10924490857099982 1.5878924375841539 0.3213675812673817 0.6712109892632693
1.3412790236788532 0.1300147595947752 1.7350563858256958 0.2529353592834942 0.8781221792911704
1.3570718579726344 0.12427225135389311 1.6841254310833245 0.3943563306913919 0.812246113596211
1.3826615548414916 0.06754231336967187 1.6611727700052912 0.2936757104505569 0.6148293511585593
1.363333524401228 0.1276527318732528 1.9108225655555229 0.3027026126535714 0.9002082509943812
1.3744792137378328 0.12362069147304626 1.8670989975273122 0.3376731739396279 0.9026431264679596
1.3810484806629622 0.07736505323247327 1.5331173389691166 0.36375945438599294 0.7629703415932721
1.317122482793084 0.0738496799856764 1.8497297555623642 0.35741620789498196 0.7715558535037659
1.367638530185743 0.0972178434789217 1.851119046658706 0.3725492418999237 0.9138224975057033
1.32302539830048 0.09127442721423008 1.7661240909007159 0.26774105210207616 0.5428591457112247
1.331164490730223 0.10481905637071802 1.763190549090667 0.40487127852706334 0.7256017048432666
1.3918712828351478 0.1082875512121997 1.6074676065849396 0.22492081250407378 0.6245233661419167
1.3574553777239864 0.13176183667262575 1.7660141709731922 0.33569958921751264 0.8356434289273614
1.357312115083039 0.10144281298399174 1.9297812593264307 0.39596185762656394 0.7404628597943094
1.322968533550319 0.05325054210155301 1.7809355116845014 0.2895164242240813 0.7456123122424722
1.3615641592543186 0.12140608044341493 1.8647917583430706 0.38493525914553045 0.840087628342766
1.3459136374884655 0.10704393190577798 1.6875978786440107 0.12755274987835388 0.7955893328597734
1.3708079109593667 0.09600213097494312 1.7160840809634386 0.3406123826812283 0.57906542778906
1.334803393392223 0.08727479435068444 1.6037771228301079 0.45800959770484967 0.7075975542428599
1.2966280048995051 0.0472658304065519 1.5179074602345743 0.24133863690423524 0.4507990390501525
1.3776749691503334 0.07981606249738327 1.5882484738206504 0.35645210268067606 0.8338468029163679
1.3752053167350584 0.15468665862000522 1.888700952056794 0.10511003848640396 0.8841239824981894
1.3478350034050335 0.0905755596593332 1.8563296947039563 0.34220875866686623 0.6305301840095107
1.317481063799605 0.06000840639192466 1.7892415168265565 0.1391117067681574 0.7202306038555442
1.3116834459623152 0.06922087800311857 1.8055922744918953 0.15415502574713688 0.657073945025292
1.3106252546473263 0.10708386039695428 1.581843887965665 0.2844675742390052 0.6777613459800693
1.3942284495368684 0.13034494517819462 1.9566510363248275 0.23011964278735625 0.88922545731177
1.3485912845556387 0.04519502831034527 1.4819549281312159 0.3046948195118065 0.44142409604614674
1.3514326614931713 0.10763677560867953 1.8407084632516688 0.4277596422399782 0.7922778832601691
1.3870814949825605 0.09175547885950716 2.0048798567844903 0.13505681119326696 0.8765425046890691
1.4095653158076986 0.12281603028415052 1.9112895229781661 0.09978639907938973 0.7901314274188702
1.3171540325617008 0.09599787910941822 1.6564113567452776 0.27032708895779534 0.5024667678579252
1.3719658568283966 0.1011286999286733 1.8141858097710624 0.22920691019873854 0.6277447029557617
1.3314593727836328 0.10705504721716358 1.9410932675815906 0.13139325937022264 0.7891033890100589
1.3808686098313268 0.09896216043448934 1.5669799112081781 0.3880060684574814 0.6943795058939413
1.3607230589165455 0.07731690626693509 1.5621138083382213 0.3563484495701955 0.5097716506888422
1.3179886332707682 0.0666573693675758 1.880942982582206 0.24476372674205576 0.7680685285882106
1.343654705829684 0.08774411265850147 1.9361256631337072 0.36102098899008683 0.867149961452051
1.3827934243262991 0.10360042272935277 1.8471944991163913 0.41201121507308625 0.8193903283226042
1.374957619930165 0.12551319239584535 1.817093146224928 0.2729357505435184 0.7310258793927761
1.338298100242389 0.10095384360515124 1.5206400611437674 0.27032468722801295 0.4856457078938174
1.3655151175328943 0.06803752186332536 1.50539122399038 0.2162044001855583 0.6619334568057281
1.325852026425801 0.05226329659223777 1.598906345538987 0.31768280406732186 0.4245899117357587
1.3159360915834022 0.08341436188479731 1.5843371706263403 0.32851311359054947 0.5070834251543919
1.3199139029407343 0.09153686528801983 1.5370747194443903 0.3061030895931074 0.5083162268778093
1.362382197334628 0.09631261066290725 1.8702082651353942 0.2458402399824268 0.9390993805493959
1.363864196424533 0.08881048238111863 1.4887832803572212 0.2767727265602544 0.48669290393726977
1.3589727571923707 0.11228962207562589 1.6008824087490088 0.18662874022971934 0.6711883367779183
1.3476761247267297 0.07369168361600957 1.9575004976385855 0.3153125176228902 0.836814956634407
1.3610515895016182 0.08874514953432514 1.6474680252928393 0.47191710768991285 0.733556069538819
1.3433889906084886 0.040977257244167765 1.4903492074567264 0.2899862643134296 0.5586839423695716
1.342111672791161 0.10900020302579831 1.633939897001176 0.3219098609412484 0.8604456605319319
1.3470921303051178 0.12013794514811812 1.7398047981550206 0.347324988833254 0.838404279645736
1.293662096556491 0.05337629056408395 1.624361216450912 0.2399705039498615 0.5403212816937484
1.3246856910643323 0.12152733938177743 1.8258163145069686 0.11288549339846653 0.8266066603583394
1.3429332288533964 0.06356832766046479 1.5913575569901854 0.427816170788147 0.7000602213576823
1.360479643800957 0.13607996098901198 1.96166099022569 0.14974560500902212 0.838449182605379
1.3138066915268642 0.07377837146552642 1.8150355902578648 0.18658941881875868 0.864494612965718
1.3629035657216935 0.08026090743805848 1.8763498796029965 0.41806122886994856 0.766008405697302
1.3254588093799997 0.048044440222835896 1.4759374290600338 0.2095033390504318 0.5103137407166254
1.3474708779617177 0.07589809414023618 1.444039843989131 0.35681061151666427 0.6691442220532681
1.3377960988110558 0.0844341471703408 1.9758865696877939 0.1800415852151632 0.791558894557212
1.3514439387455521 0.0856098526061557 1.507472481745276 0.41191552739687126 0.7713203481948577
1.376380450566043 0.12171565072590682 1.5832937300214498 0.24489896989458454 0.7381094983494904
1.3307746062810808 0.07116170715149478 1.767688709025939 0.35795761430458 0.5786806727900846
1.4105482808453207 0.13462540308386706 1.9012972139492343 0.05170071212301708 0.8882668765181856
1.3271847541183766 0.03702764252602036 1.5204670160879932 0.2583669296152404 0.33941479956849235
1.3254509500439187 0.09195071971548935 1.7772085094907304 0.24251926638388605 0.8994616385688733
1.3996376544177733 0.12938680649087259 1.9337530697805874 0.16696368364535638 0.8215851864804515
1.3010639968885387 0.07901948690750613 1.5689808167107693 0.2651999122730716 0.7195382408589017
1.321100263438708 0.052469374173572204 1.4719551421221917 0.2874476239905155 0.4297930297364727
1.318367260145471 0.08640767500062427 1.5316852473899685 0.2980949982184505 0.485260433319296
1.3696730335316762 0.08032677235423928 1.733059800367299 0.38467508963453234 0.8543480920542084
1.3094258101190455 0.0805754448652665 1.8513367664948388 0.23182110599304925 0.7184295197990321
1.3638673367384562 0.08470477714331646 1.4759510185229046 0.337519850279812 0.5961662953835518
1.3505363524321483 0.08118396309848941 1.6376249010948665 0.46110658626139506 0.7031090790354539
1.3920852124739782 0.1086519428879184 1.8997254904391596 0.1780038433574125 0.9439990649421929
1.304835263057336 0.09517556616837612 1.7435279521024079 0.15310526440298614 0.8000306989339437
1.3760713806648512 0.13034220109462233 1.9262456629907794 0.16577669452351304 0.7851443291847041
1.353227877488172 0.09530384143303199 1.5783766661362666 0.30886195155261653 0.5008039285441663
1.3972921550175221 0.09960979580993613 1.653947008256944 0.2515731644706538 0.7027535903437233
1.3643169862316937 0.11776894629574633 1.5809156219532814 0.2960422011804455 0.813082783843984
1.3514714255933713 0.11670514495011916 1.8494045961417322 0.3238775562653914 0.7541115685014106
1.3222364743354897 0.07051959870358679 1.7542243755815137 0.3911926697449106 0.7180017347023784
1.3391980862447257 0.10124307046682493 1.6193835157802017 0.3197090358678059 0.8566151426894139
1.339275103609863 0.08748028162768597 1.8003619950429748 0.16684817372421226 0.5872111262464736
1.4042045611179592 0.10300155604646119 1.965302845822249 0.1193416758873402 0.9191227254587587
1.3871514156869231 0.11371209193367982 1.7357488576373257 0.15754070442811183 0.7371912111664161
1.3804930577490637 0.10193804483711832 1.6331210275705095 0.21630618971931578 0.6037267365782137
1.3308052776492232 0.09053613734167391 1.628641852810125 0.3835054136899191 0.6199660270081678
1.389529516393842 0.09012139581639422 1.6153101167786907 0.2674998816958275 0.819728410078286
1.3915637059438999 0.08226238351775116 1.7842235802524695 0.18389153706092645 0.8551005122271513
1.3692390342892753 0.11140898455511375 1.7883876568202455 0.3606887936222597 0.7237159823354339
1.3342066572004632 0.07243502620605576 1.6643367412771455 0.1414038868383282 0.5884521392421986
1.334025533812663 0.07308712399471654 1.7939338163722414 0.28936111429209044 0.5606459362011799
1.3658104638443023 0.12087828643645787 1.6059436308391586 0.22572467835641458 0.6814321526615388
1.3662772019730425 0.09765857892416913 1.7881834209687162 0.3260044525297629 0.6398788126984339
1.3556365656617855 0.07077744019064021 1.466746029686135 0.288458879576954 0.4852629433344008
1.3683046031939248 0.12961956481473705 1.8868151475441288 0.21537450715041637 0.9099580831725915
1.3554536544448548 0.08393769192206511 1.6774252651287855 0.40952270934492174 0.8497214084602026
1.3319723498571652 0.059230615566388214 1.8058716191054904 0.217915454819357 0.8417328307612763
1.3302046936740208 0.07840237762804012 1.593015567463736 0.3459596416528441 0.8239838118642218
1.3372572543720154 0.1090431562297417 1.7823618864371609 0.19168152629702018 0.9140091065821856
1.3652585329196918 0.11451544388153984 1.5602965253866565 0.27352927821971557 0.7879998079097591
1.3095686593802331 0.05524225855611235 1.625505432488374 0.3189079044945367 0.5678823890043679
1.3407650433033909 0.07898302318793476 1.5589408289191078 0.4173941319349011 0.7579389378997641
1.3119899136824822 0.09762896217706243 1.636157627975007 0.2463935668496067 0.536279005308112
1.3531423855788005 0.08239162464327468 1.7380296024535822 0.23844901458096962 0.9182166431199796
1.36362302395809 0.12684538524328035 1.8370205294311805 0.27793577720497636 0.789956617731819
1.3035395538483754 0.060525139597280724 1.5581100936843029 0.3021034744664571 0.5542227783054253
1.383034827960681 0.10751198442907772 1.918754194356199 0.22873551839917647 0.9294160337851466
1.3635117826157752 0.08260079424089968 1.6659695454323418 0.14017788346827545 0.7127101697410497
1.3311899828065934 0.11701160765872787 1.8705452839680596 0.2239639597510484 0.8583732450074666
1.3582919819148842 0.07921271442041089 1.9286331852377234 0.12352512500585111 0.9032154899183634
1.3678880573621417 0.08206443643454098 1.60510825688101 0.34888703350933364 0.5665236847075108
1.3554460539495787 0.11725390719675415 1.7161154514166788 0.3083029494774166 0.6767045845440885
1.3258411608386569 0.1091060112053371 1.8213256178580295 0.17537142941361167 0.8943352719380407
1.3298559347352468 0.11004464891166195 1.8948009072990657 0.22912469296482957 0.7784911549431879
1.3446387529570145 0.10051507609870797 1.8503177408633795 0.3223637263097335 0.6913548696632754
1.341912556645806 0.10149055739125935 1.6337661767199243 0.3410324595907724 0.8434529165242696
1.3724164490037902 0.10860861214470423 1.925706044718043 0.3383822381715689 0.8292978647207636
1.3621172159234076 0.12756881895489028 1.8772720207333338 0.15446167721795745 0.9314590478530319
1.3126983231697216 0.0785376383965122 1.5605601090629277 0.32856548917122025 0.582217269698817
1.3877428477183307 0.1017942096266576 1.7284107173640522 0.22136108558216666 0.6753469822886093
1.3161460657717514 0.05157552997652085 1.5745107360786907 0.20086852177816153 0.690814475777082
1.3488069236498073 0.1215009974250759 1.7032598809612667 0.19555136983896496 0.6926481416420682
1.3444465837147384 0.09429035103651501 1.6998364659755705 0.3548846044438547 0.8670779556051266
1.3298930597043581 0.11145038165326752 1.674305138131235 0.3173482794996503 0.7514654784838855
1.339241715831412 0.0907689628120923 1.714589626912765 0.17672260853341829 0.5593255283279569
1.3554355992979463 0.09047234601824192 1.82052421518136 0.18311148149225373 0.937481564579408
1.3353635955203034 0.10012346312358483 1.5586739757234747 0.2127867063053039 0.5401924556426488
1.3215562376313197 0.10783211658472217 1.7380159053104034 0.2862104984622564 0.7075916254761697
1.391085598231578 0.12728624279880346 1.7822435624835298 0.15815616185648076 0.838174322079256
1.339620111116748 0.08421575182565497 1.9028756959856752 0.1475996159469475 0.9128742845034826
1.322627074569009 0.056023219031652916 1.4945234387858468 0.24053229062373332 0.6509126084745348
1.3741772444494935 0.11191317085225652 1.9583299653438622 0.08981608583206757 0.9499425829273365
1.3476170594644927 0.053308315722851385 1.5811329357899955 0.20050452865035034 0.6705980152387387
1.3080546348882456 0.06624740108360247 1.717982501304967 0.15561607249265022 0.7669357222554085
1.333543079639555 0.061845953038374084 1.5608222227375608 0.3650482796122615 0.5599035055633592
1.3720932825958299 0.10464921618119796 1.6145018577141603 0.3692603007688389 0.8031305252387004
1.328797157165475 0.08310535808883429 1.5551664156440077 0.37453993432121996 0.7006732519873562
1.3373766413037076 0.08585664908490029 1.7174035467363125 0.2357789797732602 0.9015629498156678
1.3270297029699074 0.06176230037157427 1.795978718081809 0.32204770677083877 0.7418927043175966
1.3426708874965356 0.07425372029792947 1.5643495356399368 0.35308151004464416 0.8082226315105387
1.364302954696415 0.13056353395066053 1.7755028978963736 0.19155938579760953 0.7822716636935101
1.3429560407860193 0.10970837117535616 1.769598707997985 0.3497717839525129 0.8091600859827387
1.3430858796393708 0.08739075721898228 1.6881745447214223 0.20690489576292337 0.9016608860230062
1.3612464048264528 0.07096528153096009 1.856708544156508 0.3234610883914016 0.7794678126720187
1.3535698114050887 0.06975806157139545 1.7545592738106948 0.2659672160488965 0.5657753413503905
1.341129534034505 0.05630522409261727 1.5680742994884083 0.35947610700525273 0.586375036781122
1.3205876770495208 0.09726797898029826 1.8122311925860841 0.17141526130982387 0.8837835375128524
1.3388257749422736 0.08375497027263419 1.7451093345529514 0.367497031676335 0.6231046775845059
1.3767364029614761 0.11287402848215418 1.6224200074179684 0.25002047321816795 0.8255827528484544
1.3243078415497465 0.0918591856794242 1.7471400472814127 0.1328337179263047 0.8679814607521563
1.3890885821116639 0.10535769566784138 1.787035491636043 0.24875145131888562 0.726886061203909
1.3827877883938164 0.1086079225331567 1.783450070890872 0.3365652513869322 0.7780366097917742
1.3816476027962123 0.08955999508551975 1.7660836600380587 0.16132980775541747 0.9090888295221232
1.3575178289842995 0.08272445122130623 1.961039489609731 0.1499940632433871 0.8030932350540899
1.3721890018638865 0.08641208491033861 1.5064979667413152 0.3062952833209245 0.7026560062487582
1.29909157038391 0.07238477162502155 1.6004712987418186 0.1918051177873865 0.6611033382575424
1.3289183352510658 0.09261189076936689 1.5466711401044293 0.21861546676001872 0.5012628605642588
1.3371546041126456 0.07546308345432554 1.7602291257179783 0.2673970513587975 0.8867616242175107
1.3586527440370353 0.0981101878032934 1.5822492596101183 0.3313570853647881 0.8333938998380555
1.3482414574918813 0.08549177301866137 1.5351842613541136 0.22290803925395364 0.774897832502166
1.3695841746727055 0.09537840863747737 1.841907439264764 0.2680052312936861 0.6786831836620304
1.3598927746466587 0.07836734893277454 1.5374984032160492 0.3000758236792644 0.49955180710459063
1.3961970237731576 0.10537993143640405 1.8678462750956868 0.07001148158899352 0.8177965266261994
1.341035971771515 0.10266568945754578 1.5961975636215335 0.33772923031425334 0.6512582802890601
1.3594264778508531 0.1202281827650085 1.662562571784143 0.20772161937128614 0.7160657158005117
1.3280790465527192 0.11401124289599981 1.820930868811685 0.23378376034839923 0.7794435592815221
1.3614922195886259 0.09170883296466453 1.5082376506083848 0.2469413811120646 0.5725494209830945
1.3216208495476869 0.0991695256320646 1.6511402699108921 0.2673398959432316 0.5695565628355131
1.3962906315632173 0.10149422133662869 1.9133733981220362 0.050911870094253915 0.8623957564270094
1.3264492547927174 0.07691409255866936 1.6822775186284749 0.24965654314471036 0.48248110286271345
1.3483316334713447 0.09285697315696219 1.8425775348369473 0.38782919183256953 0.8139263639569301
1.3836879501833073 0.09562828526929687 1.962415083931933 0.08251038476938102 0.8681130591134671
1.3786018270503306 0.0798757444428739 1.8352191638220203 0.2754834366761364 0.826946890633105
1.325908240261138 0.07570397976470675 1.5820257518123313 0.3691106728686734 0.6295685174008474
1.3582295736703136 0.10073405667277968 1.7260231016476668 0.31911432482097324 0.6325840174265653
1.3693399463654545 0.10615259300587825 1.7177586722826685 0.340069095615441 0.696600486309328
1.330624105021784 0.06586345363361185 1.718230153695849 0.3772985025047746 0.7150431479257464
1.3352020274846568 0.07189781409396721 1.5488347144570702 0.2197134780707094 0.4068718371513142
1.3737765797799733 0.11745646880498162 1.7831760229403586 0.20650269302354748 0.9088799710651233
1.3208471292418658 0.08172349080027143 1.6105392968545331 0.34072320293390695 0.7551652060810857
1.3848064917140375 0.08735129188424096 1.9321076981859662 0.19200870139706117 0.8499765348409203
1.3701949459506964 0.08216062938120623 1.5302990094465208 0.27745162570423204 0.7612303993490833
1.3544458882544752 0.11690989398009755 1.7414897549186983 0.2876125002415776 0.7120189231240198
1.3479737081816368 0.06665245931684123 1.482068523171813 0.3232484678064809 0.5878533845938707
1.3231998479956801 0.0851899850003449 1.6074518310908599 0.33989458610081047 0.6017551273384516
1.3654689696918025 0.0668038770390498 1.6394132152194683 0.3455731706375908 0.6618446370581554
1.3235515883227444 0.045145958861286056 1.5972033569325332 0.26199079868177777 0.4559172210670037
1.3575692094509921 0.0950842372024556 1.8755158740534692 0.3622488394515771 0.7700009903122705
1.3531805036880504 0.06243236330738293 1.5504065173796562 0.3391122425772457 0.7158894611833766
1.3645383728257972 0.11046210025959129 1.615351903259377 0.3292257494666642 0.7851449418900092
1.324222742958192 0.050664456568069144 1.5918557438672973 0.3151777752249241 0.54276584385346
1.344786359595923 0.1068093904568463 1.7932676897625939 0.34320588595546137 0.8101064136745996
1.3465376390143213 0.09493403317533629 1.8935843225993132 0.2999180524388857 0.7269592611271672
1.3312834301240224 0.08042601755258803 1.742209336294911 0.3786500437445955 0.7838757800294816
1.3695829795668548 0.09216650453048421 1.7141773884857994 0.22786849345353927 0.6002214409295623
1.3608542188574504 0.08877611064901086 1.6378231152258547 0.40678390909111356 0.7366362128238387
1.3871671066469924 0.0981505913364909 1.9193007499657955 0.1224488878185147 0.936374978174063
1.3659290871196494 0.10792054341740367 1.7653509532202905 0.308447855167201 0.8813521901930034
1.38239456043509 0.11201406082451532 1.8945796620528466 0.2760693197627267 0.8421347352973161
1.3687666686261375 0.06903782528990089 1.7877058187631074 0.13395228559229067 0.8073600886321592
1.3475843172930075 0.05411396410710061 1.4862298479453182 0.28021686936359447 0.5345378960976765
1.333600052009179 0.09279710890363824 1.7839814232411633 0.25319561361740994 0.8876920696210538
1.3438853338909256 0.10317385112549045 1.907592095031529 0.1113656593937124 0.922544979628926
1.32515013814371 0.061987500194057424 1.5224510254658608 0.2726889225161399 0.7180950104361602
1.3761003019098181 0.10290675244302847 1.6244828935106597 0.32522020707350213 0.6916886053759028
1.363394817228709 0.12414751357081603 1.9725458201749073 0.1383259279674572 0.8965054751376291
1.3359859601007869 0.064382522743342 1.7129064466567763 0.13929128393594922 0.8292859456412128
1.3392512345548384 0.0917091296817895 1.5688498501419237 0.362770596884716 0.728749739288036
1.317469724180961 0.09823087073423675 1.7514719917149049 0.26278509444216014 0.6779154651784592
1.3612306848696971 0.10710627131014169 1.8825069410149202 0.1713619258078886 0.9357263605006073
1.3769253317448469 0.08999744962777773 1.6472147168430582 0.26906059865342147 0.6016345862076693
1.330246426407617 0.08872969581888016 1.5053249339322914 0.2493195424631256 0.625223384890594
1.3248744137581001 0.07404825110788099 1.8230183058038838 0.3052168208044122 0.6779961723805891
1.332095985167836 0.10911036811888407 1.7545571479122817 0.2251905001594847 0.8631259814665199
1.3284662179580036 0.08729519261306466 1.5974478359210353 0.3443104687312809 0.6214647157225356
1.3438531184961502 0.06211330991890979 1.659426166565984 0.19608750740988334 0.8280845754901689
1.336763616556143 0.05966241567709922 1.4818049721658038 0.25017000029478487 0.622757795164731
1.378812154978498 0.08273330266900045 1.668014758091779 0.18882898511314278 0.7231733353673465
1.3533503097585107 0.08818133463622628 1.7258990193255817 0.20044637679749738 0.5746774944662096
1.3196419739092502 0.057417332090289805 1.7659772187317198 0.24893579223035583 0.6899645708300193
1.3773391047841796 0.1180098133640933 1.9792806451066451 0.09366302408205811 0.9144458915641166
1.401727731712719 0.11887195678818985 1.8716493104986747 0.0703649565704445 0.8647938047673197
1.3931209046860422 0.12608979650794788 1.9551350914203907 0.1152180255223539 0.8557083060106927
1.369777653835626 0.09430174502393628 1.7247301014533554 0.38047166175432257 0.8070759578006635
1.3583629213263224 0.09134038041628079 1.695015429339481 0.18159200242039472 0.600023738921165
1.3721888553393307 0.08191059610077016 1.9144392356083682 0.2200845314375208 0.7768034978994338
1.332699534349553 0.09733437949755287 1.7389362748057942 0.21771426862300255 0.8843658672710593
1.3472707435311184 0.07606641173162206 1.649250108006611 0.32550319440487363 0.844157741574005
1.3505110418796995 0.11753659521757928 1.730460439980756 0.2833352111934328 0.8184164635989699
1.2987057121501846 0.07401515101413329 1.6318086348091447 0.1972074631023965 0.6429324169988397
1.3818615751530923 0.11515088571147208 1.7492251191795343 0.19452248777845324 0.8792125696880713
1.3873222535298357 0.1203595109112868 1.8605127306791283 0.20221680832130248 0.8907968650857088
1.3672747308119773 0.08989495062617787 1.6923552108055504 0.3876513685901586 0.750745473278778
1.3222600390771064 0.08691760988213643 1.6969249757332165 0.1815237581171343 0.8541915074762159
1.3865945935075839 0.13100073014981897 1.9337909506885378 0.07662615186354266 0.8496813606514989
1.3094225547764176 0.07551584324257284 1.7770071711217836 0.2162560203529208 0.7881718538106558
1.3246781320605467 0.08913363427326312 1.8962748316430122 0.20028053270186405 0.808061605160015
1.3339702987904745 0.05389211214119821 1.5011432208489528 0.23949712421919753 0.4222964163522605
1.3123193902513677 0.05786976135915757 1.6748537864306292 0.25427434787505604 0.5320180273838796
1.369752828526432 0.10124677950147438 1.6487629257923064 0.35677663991224423 0.7547004647407491
1.369752828526432 0.10124677950147438 1.6487629257923064 0.35677663991224423 0.7547004647407491
1.3828438591054906 0.10606245796809624 1.666384975375387 0.2891038151337752 0.8101574694027552
1.3322909005996646 0.09699760373844069 1.7306619818803006 0.17567660157588752 0.8808230548808984
1.349116659066478 0.10301452215972023 1.7601809610917165 0.3570553397012978 0.770859089257355
1.3480657635610491 0.08153947425135302 1.7362152806513798 0.3667886014975514 0.6496556785143222
1.346835038606342 0.08004111938433658 1.794322451528354 0.318453723232833 0.8642222324136221
1.3262925221562847 0.05818976057569193 1.7651109712646273 0.1602572073334693 0.7435092853415854
1.3507655316625584 0.08536143325839712 1.6691108681231182 0.36594944681462543 0.6311479901176567
1.3364105827300516 0.10252671704966404 1.6916210094401531 0.2768623793637457 0.6180315015703095
1.3502260893720954 0.08518072970906015 1.5655757960484524 0.37522174438884265 0.7229053620918948
1.3638045087824866 0.0797940143120901 1.5570788814524783 0.2959359314522645 0.5462193246960672
1.3134810149712524 0.06118343078943289 1.7268893512125891 0.16695350663438757 0.7409101000404833
1.3590998726661794 0.07375587908818378 1.5752168672236655 0.35966343227448877 0.6457433729114237
1.3842511155125956 0.09881391361302982 1.637821771925546 0.27455588281230164 0.7926176959923567
1.3398510948948505 0.08857081774418595 1.7279104107830576 0.24072223158500372 0.8909953446600595
1.3411571156436464 0.06732035613704852 1.818832231510608 0.31076219289307533 0.8016207489266847
1.3654172469086074 0.08767097182040258 1.8427236586299793 0.0807927070912905 0.8824277651868456
1.3686600343159587 0.10259689884319902 1.992971524916212 0.173847099315442 0.862346362614029
1.3556342508151586 0.11532843208663049 1.756209539358824 0.15109381198301877 0.7422487961067291
1.3573808790571684 0.07224992485360864 1.7196241833226669 0.36972220523702837 0.7001153715124878
1.361908567272075 0.09414643764821062 1.8415080781217257 0.11588581701494681 0.9329203990918727
1.3458573309367343 0.11645209073110355 1.9028199951305949 0.19816471462902574 0.827991444468834
1.3530325014051796 0.1089794890373919 1.6776727020080875 0.30558387625135786 0.6823115349754182
1.3519748729703303 0.11434277619578775 1.8840252965746624 0.17436925032798783 0.9126675841850328
1.358952108772566 0.059958822931927905 1.5763709830238115 0.3108678270389834 0.6426998179270932
1.368838154673408 0.08790697674911606 1.7497370442255558 0.3134072334808592 0.6621011888427013
1.3395918994719822 0.08551034623132373 1.8692079558586951 0.306241816923267 0.7186337859222398
1.3404412519237239 0.05558082481264117 1.5639648396232704 0.21550416032222677 0.450878297399414
1.324106783722909 0.0664098680799768 1.545974877861516 0.328661186439301 0.5931278024216715
1.3148715832877642 0.07472513403536342 1.722349467143128 0.17234405374349765 0.828310308166017
1.3819838930036095 0.08868926664174531 1.6269141731597578 0.29841264475681606 0.7316577068890232
1.381836073515485 0.09509546113950633 1.6596660772665621 0.23503929155247796 0.6759344192772461
1.3707376608530593 0.09598151428082213 1.5920616715879456 0.26544441230727245 0.8114679875794688
1.3681140524224575 0.07917565337004066 1.7478393559491365 0.3151218214615162 0.8384378456842924
1.3682708404441042 0.09614067179752148 1.6305628624038824 0.35748529723307215 0.7323014581937967
1.3827589048464763 0.10165830196845675 1.6344551932800364 0.24330858976602937 0.7234780299296968
1.371186912941356 0.08760921122087702 1.6577385633960826 0.25149656857849145 0.5917905279649341
1.3841466229722528 0.0857055893583409 1.8054303248050032 0.12120606271511956 0.7917289755643734
1.3396631033462438 0.1088935179668213 1.6719662963565463 0.2769168444964052 0.6662546570645468
1.3875088954346566 0.10309847617288673 1.9226775278525698 0.11905443088108834 0.7940749956061179
1.3350419845180068 0.11313966307195499 1.7395666036210775 0.18907235193508395 0.837753356050808
1.3371033609167169 0.058984045906413506 1.5118171482805294 0.29246685661457333 0.6659192180947962
1.3431841751953026 0.11044196010058935 1.635351629053544 0.2340279056812834 0.7876120889053149
1.3371772076997526 0.09901251425683767 1.6377287593454186 0.3344605767258385 0.7471119352182116
1.373129017484748 0.10061752622893139 1.7727289999502613 0.32531543518876227 0.8457089609580517
1.3606863200504813 0.0870967701248489 1.689034063436245 0.22925569175750463 0.5728708081517919
1.3170530581682116 0.062442729863167214 1.6452914351940786 0.1648914696161283 0.6013748200125907
1.3889896792433056 0.09155038740464522 1.7678605507175296 0.19702889731949283 0.8452145188509056
1.331442530818303 0.07965183163389697 1.6498476597514915 0.14788884021267476 0.7203550883586067
1.3557885866614923 0.08029124273507283 1.9233392216657434 0.17204707536958788 0.7599094548798948
1.3718723617501922 0.10776563508393525 1.7617819105145363 0.32165735564716386 0.7895211713755131
1.3279145567746966 0.049848242405752106 1.5498266319397982 0.24768655471935255 0.4266147481187851
1.3372117526834353 0.051825558623783005 1.5930915323889066 0.2317982277233021 0.46377530484665247
1.3435161487219403 0.09470780068688138 1.758489212604645 0.2807282657652594 0.6301902257398014
1.3219101452942377 0.05464903934533373 1.681962597917493 0.20873392321482906 0.5617716361172119
1.325676358702272 0.0853545406213473 1.8017558885445917 0.3112205288776311 0.7277716722407962
1.3771259075199356 0.11080575794966581 1.9857019023006122 0.12851281730458172 0.8814006624819747
1.3308592838242064 0.05872127873693496 1.6432513289097337 0.33477318644717824 0.6666338095045544
1.3390077247215528 0.08882405288929379 1.8426311760534575 0.2800445352419021 0.6879157079414769
1.3379736793775208 0.09258410432844082 1.7065749146471898 0.35949113969483165 0.7272161042780075
1.3293485896880204 0.07242044074695639 1.6071955208515512 0.3019153935361599 0.5056965498864088
1.359265970763806 0.06562413240987973 1.6941087165684412 0.309393057439619 0.6432090244329401
1.3335159375035976 0.050664607882883114 1.525314250979097 0.26805754329964043 0.6089176561162115
1.3399380988574627 0.07156742817703916 1.492254151475104 0.28518948297559565 0.6644367142598117
1.3200348405731805 0.058850212379177674 1.5336022037285164 0.2833560374041714 0.5047333881736481
1.3208233470435242 0.08509844736115542 1.7309606401293214 0.27723542760861875 0.614568929416193
1.3341639656617426 0.07343884185124086 1.5206009671545226 0.2666208742249219 0.7317600791288259
1.3310478341119296 0.1050799310097045 1.6763448718074683 0.2524851138129809 0.8046555407956311
1.3630199816648267 0.09964088810128113 1.839214808469081 0.3294853002390212 0.8307456189721515
1.3767062535812402 0.07918042217795011 1.6790535571205942 0.24952977365083076 0.6717979128038368
1.3338482599102366 0.09390233515658429 1.6987704190059716 0.3280151189145171 0.8007238547869231
1.3467606362498523 0.07340143746963085 1.9039058561288935 0.21972483327333445 0.7547788588325913
1.3684942844339647 0.11266220386291342 1.742060869022942 0.24706208844591904 0.8670654453310114
1.3715935409855076 0.11423243044050854 1.880778675057979 0.15997321586200547 0.7650406603833898
1.347821340301987 0.11021004002451572 1.8702508388426262 0.2427246074143781 0.8556984050107709
1.3733205169580638 0.0734683433241203 1.6836752500742653 0.2777995687757745 0.7105767864108912
1.3455682448592925 0.06969408177622033 1.489327547376679 0.27372365520518477 0.6172429219633906
1.3441383555724786 0.06805844289376889 1.6658740430757522 0.368128758484584 0.6786421169129608
1.347791148490994 0.06064724604346173 1.545835945450964 0.20885711746299127 0.5773134918040645
1.3510771717328203 0.10575601444298 1.8980801895349158 0.25399358020275975 0.7991292088842706
1.3734295848161582 0.09589342587853357 1.7435739382497966 0.26308276600964425 0.6741450612083774
1.3515121472254472 0.10113997387825474 1.8666606461176407 0.2993095475991464 0.7818805790465067
1.3197473112114748 0.08852063077214516 1.6488760718651565 0.20644354557127262 0.8021578647239661
1.3319970004359463 0.058067114907289254 1.5757349790573796 0.24784262725519046 0.74024503485215
1.3798848875758356 0.09101175351981597 1.6229431440892648 0.25930589747259786 0.6878056367728076
1.368835159765554 0.11812717592734785 1.8654427450683597 0.2213812633562913 0.8731292866122408
1.339711085625051 0.06816663258563997 1.8272023778558362 0.18466195221907086 0.8657630316834386
1.3788697750592074 0.11514673419267993 1.850568513554438 0.23733243937111612 0.843567606176318
1.3520965314660485 0.07382735813024677 1.515055814052265 0.2817699668902789 0.5436423240201157
1.310870589018637 0.07551194017676448 1.767209368442615 0.18266170251807898 0.6914025326994636
1.3801473066402512 0.09787358900074264 1.782613135192589 0.22219264032038538 0.719115255782103
1.3356669136667179 0.081141764952688 1.736587821467478 0.16461632560067377 0.8847206931400485
1.3372622794104463 0.10931857565106988 1.8337700939105979 0.23363608193319238 0.7861097171392878
1.3773668050135797 0.08366508272532021 1.7906267503683106 0.20656270703322852 0.7193739501791347
1.381268471833646 0.10784555587098595 1.9562705864833814 0.0804597972441314 0.8573598344032506
1.3527221571190735 0.10510669456092672 1.7836692142242918 0.10633682662890033 0.8535715250897612
1.3224137049682487 0.06516270054820077 1.7261998936119463 0.26955997854261393 0.7901330955252163
1.3427005173028939 0.11031940590630246 1.830468921154793 0.16227916164748118 0.7394636135429958
1.3444093892131224 0.06886179942281953 1.7626958481773656 0.244125659723742 0.5976724347833348
1.370977115660764 0.0984587531777638 1.7387231456660004 0.28165784885302564 0.6851574998668393
1.3480116795208248 0.07323502139730974 1.5488977718653416 0.31413008700413214 0.7569171259228336
1.3372783922730307 0.06768671584762283 1.6370985401942786 0.34843302334866655 0.7477990240868302
1.3382427392018883 0.08459224618570643 1.7828163895834446 0.3171473721342497 0.8362506491363056
1.355617465607546 0.11495523095702434 1.6989379352223761 0.25899184531554986 0.7486589995740891
1.3393280150018612 0.11165742861633986 1.7696702291853543 0.22467411436553017 0.734340869335192
1.3750843661666254 0.08915441359881063 1.69410310964264 0.25789854490872655 0.8505271829007869
1.3411629269750371 0.0961183460958279 1.7257825812709875 0.3292979394676444 0.8105681133051201
1.3434558722627128 0.07928532604716682 1.8580246033974719 0.1921412070101917 0.8920071280738837
1.359658457135304 0.06518244610480242 1.7010837462855184 0.2894844171893846 0.751569605641468
1.3612446983808142 0.10532304458164798 1.8860985748390027 0.06961628960143174 0.8207591825857504
1.3233558915494914 0.07379973441902742 1.5199287354527564 0.23412471395672946 0.6312821644375142
1.3770931392556978 0.089539878011044 1.8681900322929756 0.16314183824139017 0.9091387394134481
1.3603659500381726 0.08872090081338405 1.555635536759512 0.26256216424601975 0.5829138458273365
1.3441375044570512 0.07526256464065306 1.5602633680574245 0.20124667356741924 0.7150607861282854
1.335639993416195 0.09260304728839047 1.6167549178675187 0.30109322908702957 0.7887051718171278
1.3662856270851673 0.09376792036480723 1.7351317742117425 0.27444616254794935 0.6544781785975882
1.372256086244938 0.08724174742691203 1.7868407059317075 0.28075917537851364 0.71345409452775
1.3072897247159105 0.08342062880572111 1.6711908975349261 0.22171720168214315 0.7309189879392868
1.379265072169846 0.08336683751371626 1.8893752318242867 0.15091610043685777 0.8333777328272137
1.3575821590130668 0.0826130002681229 1.8209331224848682 0.29645843537809663 0.8575019682395246
1.3270997536106135 0.059439911383580256 1.6296692600901972 0.3002799065546174 0.5413871249476581
1.3073699705997706 0.0748633079630419 1.6752424383224005 0.18611282259051423 0.6280314840487343
1.3465608218805007 0.09726405570979041 1.5723236714765707 0.25327504510330934 0.7560971131707902
1.333853618788572 0.0989422139064015 1.7427925545918934 0.28779444751947386 0.8153986547607153
1.368435068530061 0.09812711143690457 1.6115233509236968 0.30853215437778747 0.7202823785986548
1.324512414149362 0.0908854256690718 1.8284315560164803 0.2041385868089861 0.8456655489059963
1.3797191246012481 0.11759602901052679 1.8385452174590289 0.193766592733788 0.8154443073685096
1.3220623103280302 0.05367060983149568 1.5249292703765203 0.24813993376170818 0.56125494635245
1.342153824401456 0.0831586473185361 1.5335017610935537 0.22565552428940924 0.6776166320098432
1.3236641192714378 0.08523799965206923 1.733408190557092 0.31111593597371967 0.7554487620843828
1.3323926583643442 0.09079015969386833 1.5480393787133755 0.2472209429450991 0.60662662743083
1.3718458135018068 0.09297527446820417 1.7639773151718057 0.17295328845194569 0.6905894658591063
1.3554271984662187 0.0645427111720115 1.7452452969060324 0.18429486251065302 0.8148344128998906
1.3280406122168238 0.08319543564182526 1.727262489890519 0.33283039624600436 0.7165324280066205
1.3874254763071503 0.11234647959856466 1.9559579645111462 0.12370190961687351 0.8716315863026846
1.3264125525020087 0.0720925948064365 1.762211583707415 0.3180931896485175 0.7244664478827975
1.3544511148401093 0.10722454163021179 1.7887362825376003 0.2949205798005502 0.7788138506166643
1.3392561812012107 0.07977432301046086 1.818575936342638 0.28699075117374784 0.6728881713665683
1.3512027147661008 0.06957480421704791 1.6207228989581064 0.22250037797671376 0.5242760865369308
1.3252081414720558 0.059013563992220144 1.514383709056498 0.2397736440126613 0.5788183827865248
1.3105950085840945 0.058800623983943666 1.5793621213005438 0.2534643808956996 0.5277892914469062
1.3507840889521228 0.08557108116832886 1.7772240961240824 0.35138507296703425 0.7983431090155134
1.3412093666329374 0.08500154340239452 1.658906288113028 0.29358314616470516 0.5679907268244957
1.3676331863697957 0.09386961193142951 1.598037764436281 0.23163586649846601 0.7627584075982285
1.3545323293779927 0.09479382703389312 1.7869903807604859 0.21126939957004745 0.6550893356792531
1.3639940508293638 0.1096420882288642 1.7821576509593848 0.11569897702773184 0.8266171559357337
1.3808609442548765 0.11348105997707222 1.8065421138361817 0.21213587100659506 0.8551218203037301
1.3209929039072934 0.0762821682086213 1.7424252838889482 0.2995802835720644 0.6720600037166974
1.3149323756544007 0.09274719333815512 1.6502739950148495 0.22810140474127666 0.7231146948120113
1.3321203179855363 0.0835365619528466 1.5972721421380531 0.29106024012940435 0.5552643637129907
1.304218012310951 0.07250071407105715 1.61225558681221 0.2303569195689784 0.6240905133913113
1.3180133480372138 0.08342675912979904 1.7668171942859092 0.14443874022839187 0.799617781624394
1.3587884375260568 0.11720418739229424 1.7565712771438626 0.20226173798028757 0.8326696289549392
1.3200076002670014 0.06769809905647861 1.8041629547879032 0.1967274917111389 0.7325170994823548
1.3170405164180763 0.07147134554859544 1.6358304349030157 0.16890730744172439 0.6416880061065202
1.3434640014550536 0.07674417820373418 1.5948761878526008 0.24638949344204397 0.49284844551882934
1.344773973490314 0.09020048461879802 1.8972355287988747 0.11333056907633964 0.8714921079478993
1.350160499335357 0.104351350140108 1.66408102613008 0.26173640415325333 0.6547183503294769
1.3575370751185374 0.07573394382091424 1.7000029530393201 0.28739811834859835 0.6040158390765165
1.3507001080692889 0.10105991443787966 1.7412120563619897 0.3184085651856569 0.7402813109618641
1.3558440204730173 0.07349288965269121 1.7348663409853495 0.1442249984127416 0.6866319997984524
1.363034901135949 0.10938575174174049 1.8332505724483301 0.10813204426699517 0.7727175990320712
1.3829804121483122 0.10443724718684434 1.7670879284185503 0.23379559744058281 0.7890196902704792
1.3760662029679134 0.11954894914224783 1.867545432298126 0.17228829719877523 0.8285856859762222
1.3162487825223799 0.06207110604621858 1.6733827198643065 0.28156025137122764 0.6155750205463785
1.3564561144309635 0.09192920873103817 1.6077951291135828 0.3334845935792653 0.7423707399551434
1.347096665142332 0.0839937721322479 1.5392052278398536 0.258411618948674 0.7309727075111053
1.3154346519952083 0.07601079952194671 1.7379456260720594 0.1936249165330522 0.6308081873151892
1.3294772469634122 0.07828976860953639 1.7663835068973397 0.32142311943634366 0.7128179003100676
1.328842610791384 0.08071409639079627 1.5426405282594189 0.2301223210947924 0.5458050277282153
1.3319826349396942 0.08573357824993523 1.6263388897950564 0.19718906883290546 0.7980066447212584
1.3279688236396212 0.07399177401311391 1.7748867854548163 0.25576004696248905 0.6270629431290925
1.3565961278447105 0.08791616317995568 1.673441528098414 0.33748058088392857 0.8067228394072543
1.3479814158042362 0.07670323463553336 1.6675651582451292 0.35021664828972615 0.6566187338804756
1.338661875116867 0.10791283937908197 1.8261763275446574 0.16423932284916157 0.8726910845922359
1.3312561505593834 0.07658966267808628 1.7086838678675402 0.16001830365533865 0.6169542177659809
1.366530895643749 0.09018207744964798 1.8218735561476835 0.29109052364707666 0.8470911067724016
1.3314626977848316 0.07831837804588877 1.8088766780222383 0.3050914458018547 0.7579594510077384
1.3699862489199437 0.08229491918003712 1.7258118013089434 0.23701302209809086 0.8539961835557068
1.3778953115334416 0.11574159500504645 1.8346513881718907 0.13754587041644747 0.8994902355937704
1.347192057190028 0.06800984487126732 1.6097437828112922 0.30485339462877625 0.5538249419009897
1.3202808440356826 0.055637655831400054 1.5834791235950512 0.2731202869103392 0.5366899334179294
1.354598487530936 0.07703572711770681 1.5975878509031713 0.3429060399729162 0.6912618115868542
1.3415756203246478 0.0666373189516653 1.8202714969552705 0.26151841175953144 0.72109158244245
1.3153716302457972 0.07609837417418218 1.7404534987466993 0.189419214220787 0.6417464220598074
1.3533357961602959 0.07560828089151078 1.8379644346129016 0.18201369075183305 0.8848135993612057
1.3611007776284254 0.07987521106809711 1.5596251778556218 0.25020274598824926 0.5865213366591584
1.3370640896250137 0.07995769530847012 1.8699029708549757 0.18637544588470667 0.8649764668587335
1.3488060993705955 0.11466254677691798 1.8031461515719673 0.16445538202938217 0.7768875515016743
1.3198167999246508 0.0834610781643677 1.691699585204307 0.27548156615076325 0.7759636422179924
1.349420988886503 0.08688828128307884 1.5604663951732891 0.21654627346285862 0.675854677606561
1.3420206085435888 0.07820418097213741 1.7186555979475515 0.3331694878229759 0.8039235809606091
1.3685953142625307 0.10628431738739963 1.924548023818347 0.15762755312472404 0.9090678065432684
1.3391101719528014 0.1115485975143928 1.761155675403776 0.17657087996505996 0.8021880465231467
1.3215328533922748 0.060890818045239374 1.5431713813049517 0.23370520907956166 0.6432741893378267
1.3204174259236205 0.08243011645288398 1.6035852879095225 0.277609685941911 0.725410885174725
1.3327686704022572 0.05569988766882667 1.5477877486316647 0.25668035331213246 0.48542210179642864
1.3481997730722122 0.0922504498056135 1.70054459309769 0.27958330485763916 0.6193976801135421
1.3613837407850824 0.08832552519579484 1.824555593425732 0.15696287008218204 0.9124958183671812
1.3521064369028204 0.11006601066672332 1.6868047019594203 0.2559720587786687 0.7747402746496863
1.335700091956909 0.08079377374329189 1.5957917065682723 0.3289803599888902 0.6442914212494161
1.3488940838047783 0.08202141999723346 1.745280958024166 0.3522957471189266 0.7628680578848713
1.327708589457237 0.05308982811572956 1.6382598087377656 0.23178457080318127 0.5534230916050382
1.3297173819643513 0.06285534133358725 1.7831349742025255 0.16094871438051325 0.7451978570812169
1.3239805432917398 0.06469879373370269 1.6120945658824666 0.30036764671629185 0.7064546872470017
1.3761263119266371 0.08256539017609948 1.7413190043872353 0.23916292523257682 0.742717923901971
1.36262290928798 0.11694248642070686 1.775972640457995 0.18173425745112282 0.8298617798812418
1.3463550353057328 0.07420755755140224 1.584501025685214 0.3269263026061227 0.6142669804335216
1.372213460394986 0.10450550522016298 1.7590957670010932 0.19598158027708773 0.7312232145360978
1.3473315968874588 0.10661136240614533 1.77342839178046 0.2702979114210916 0.7966487984088045
1.3239153220023567 0.0563465155527237 1.6174911479700056 0.2724288291260165 0.6712538776611578
1.3348195847889295 0.0798437585954497 1.665221255622105 0.2503076845423644 0.5419809917963748
1.3776670568086213 0.08418114714982626 1.7987116142827733 0.1340279055712103 0.7954108723945045
1.3304225981904614 0.06652481837640739 1.7420743243778647 0.23649170329347902 0.8198367753571649
1.3867769454811607 0.09985411644486938 1.8999315063926911 0.13561486202350978 0.8920275134905187
1.3667319454339484 0.11051023598803816 1.8751910499141977 0.13484309916259307 0.7784594842201108
1.3388315419385055 0.10203213419275117 1.7215332959530087 0.2420706430278898 0.6794930983163247
1.3408560808209546 0.05688653013199447 1.6096777100413098 0.2695904921602059 0.5406580669785068
1.3496989455971624 0.09002683077091542 1.9002725561089306 0.11133532741520032 0.8480748084668271
1.3383045179508493 0.06836794380176721 1.5192759694139686 0.278408017054888 0.6134085574164946
1.343072069586252 0.07762055930847385 1.5220370495387527 0.26373371973012466 0.6358295183251446
1.3651365331622944 0.10650624936085112 1.9208055305540084 0.08774863602401133 0.8354072828748271
1.3360596453402127 0.07366888306910224 1.6940381877435278 0.18721270988519467 0.5773651384734036
1.35135685379484 0.07433437875164778 1.5615170975781618 0.28940694709828985 0.5730053434476123
1.3697556692783401 0.11175157777247653 1.921814753939314 0.06925449303129087 0.9079583145004756
1.3393406101458762 0.09024945416162677 1.7084425919368513 0.2158230200558964 0.6053903165042641
1.3461481188006714 0.08938696262452914 1.8218372406675631 0.2349823173716834 0.8782085305515609
1.3144790875572174 0.07813962924666076 1.7451694390089827 0.24526508856338222 0.7234437925793397
1.3271189405144284 0.08996931709085276 1.7448344860279317 0.2357345753541684 0.6496142969497675
1.3847350221046886 0.11216820369860574 1.881606220483825 0.1327147697641483 0.8214705952283792
1.337575161763209 0.055603625023310094 1.6022331978764779 0.21025328738235 0.6121756234076332
1.3585181751491682 0.1025697999368431 1.9386444275912722 0.15534574616565092 0.8439121331464429
1.3205551125576123 0.07956915549742956 1.7190302998790914 0.2110212452237732 0.8204698460389832
1.3863827897183294 0.11180574324716896 1.8721530716645325 0.0897491168587843 0.851098114965505
1.3462214408711115 0.08166823424197549 1.780008617896072 0.23420034977726445 0.6353849874488601
1.3555408468160033 0.07653122268390097 1.7728818782532558 0.26044808676862663 0.659763417276128
1.3428980593635311 0.07433933872485211 1.535494857998747 0.29536433107649696 0.6700472942222153
1.3531888775723915 0.07663548858936438 1.5840989113168793 0.25619380144333803 0.7772770623844824
1.3356045252262831 0.09767856669910586 1.7085746553721388 0.2763715109318906 0.6879770112484269
1.3603014663292088 0.0806588781602571 1.5669895588749618 0.24926500390135223 0.6122239114853845
1.3187511313106874 0.06419351877428021 1.5976986144698277 0.28453134942297353 0.5952666079559055
1.380880553774245 0.09485543608696342 1.7606922360996835 0.16603862974566824 0.7956728939753176
1.3277343813406164 0.07040054446915837 1.7112727460747665 0.3147440153433429 0.6942080087371255
1.3389522050195997 0.0884579160218301 1.5710661497083713 0.28995161339188363 0.666907921219736
1.3428519194690915 0.10929021759130497 1.8533522622441794 0.12733493902328355 0.8180354232714204
1.371741168180396 0.08078108818610985 1.7026113709806072 0.2282391481671853 0.7029391903188832
1.3472972936509373 0.07699749225805877 1.7545812187812073 0.158702619341821 0.6483017118922101
1.342598806873204 0.07918535975891595 1.594835902092405 0.2619386625812543 0.5327797473330063
1.3207564227034367 0.0688314047897547 1.6191962805429663 0.19167571413584783 0.5596063638446247
1.339152213318565 0.08136329908515026 1.5976474010900055 0.32623125207448556 0.6977766156802296
1.3328604533030215 0.08325008238728844 1.8434999119060929 0.24756515784902808 0.8128225345726668
1.360078692682967 0.08782896637553908 1.6033339786070933 0.26383010543717195 0.7856331287877407
1.331951048006424 0.07039368205274331 1.5369003204031169 0.22655666280997772 0.5510495416291493
1.3512959602403338 0.09709051351546265 1.6118250971682642 0.2550931309210222 0.77369003719647
1.322984842880338 0.08659276341711422 1.7477287181931902 0.2626345770565814 0.691717054407167
1.3538468612201702 0.0872560026970633 1.715399839038531 0.30543612869060965 0.6625264620545712
1.3196585964654792 0.07498592096202612 1.7040139432165748 0.24932640474077541 0.5985849726898885
1.358054260203259 0.06867916240602967 1.5761464978730153 0.24727268262681165 0.6818996588320801
1.3514961800219447 0.06239436738504007 1.6904366398665318 0.21304056175824798 0.6777556687847992
1.3431586204604873 0.0805987577522602 1.8250521331431377 0.2935053516147351 0.7353873970463969
1.3378919639935385 0.07580411554003551 1.5861743456638833 0.19096429043549804 0.6593493560473753
1.3484395471509258 0.10032745288230342 1.7212592274507368 0.2902706605311845 0.724115744561796
1.3514387997056065 0.08540674447417249 1.6744102954904003 0.21068649965017 0.5984240948807775
1.369210171987302 0.09757919184836374 1.786142921239003 0.11967212288916221 0.8666272631664916
1.3645961218545595 0.09098718068803104 1.7037098608539143 0.2725980634723425 0.6699175018244999
1.3232010241185845 0.05764458556514784 1.6553796327014212 0.24460074828692713 0.7057268326034027
1.3195369702586466 0.0714073596205378 1.7530099791359937 0.2605908078008718 0.719740992404967
1.3705597040888318 0.09641748431072385 1.7126129642803787 0.23553769153406437 0.7030342296293299
1.3840525891494488 0.10019067354430018 1.8417849469005125 0.18679713989779648 0.8309691041071747
1.3510378715190314 0.09224493695530835 1.7619390475899315 0.12007292070663005 0.7625703391884875
1.3419432212081306 0.10394652227610145 1.7233359311139058 0.2401467414310915 0.7103647506278399
1.3457866716665363 0.07818194642738013 1.8580045527121245 0.2613990220339632 0.8111737745106203
1.3651314394358351 0.10034317230950905 1.860852115793417 0.0941165043201925 0.8996755468038202
1.3578255830763148 0.09937337673857023 1.6629139176009575 0.26774300414339175 0.6793111240306001
1.3527528959391817 0.08207011533810377 1.717146726071549 0.2388859512656962 0.6101464194286187
1.3414635629372338 0.061779831136165 1.5987789251574442 0.20890127048187387 0.6978622855479466
1.3279704037783302 0.06970237293554256 1.697411861937422 0.30638185982533633 0.6533754145325412
1.366104940367928 0.09396092656654485 1.7008679393996666 0.28637423803710027 0.707380220457675
1.34673107824268 0.1055464198543611 1.837473631540477 0.22388737094067432 0.8180987622902128
1.3130619929300043 0.0696579406994165 1.7051645350732545 0.18669640294467152 0.6809939228038338
1.3672864559121805 0.0991879242832423 1.801588601754439 0.11423628339244866 0.8749051048612925
1.3713533209813646 0.08944353396559172 1.8444650851466693 0.22386479974203471 0.7722854467710554
1.3569486609994297 0.0834683258282383 1.7149713930341202 0.24064380304026445 0.858422613849915
1.3372817222512876 0.06682925120956475 1.7408727123900447 0.2995588184876137 0.7003963687865924
1.3591682023791556 0.08992811245087584 1.5924779391648674 0.24776695755311473 0.6524761240858062
1.3443458158967836 0.08354349229569658 1.72142145745232 0.31819219947867805 0.7963703598236495
1.3634941005016314 0.08476506489341644 1.6058909100543586 0.24055049649744026 0.752297683353592
1.348676965795417 0.08283995864235076 1.8710191674258965 0.19633641758249115 0.7343884994388039
1.3333129108145139 0.0867775985913876 1.8651594387879138 0.18636569315574877 0.8270182728486875
1.3630286465751462 0.09120278990941502 1.870243172550596 0.23472692169758844 0.8553801013720287
1.3464461073660696 0.0918651613401653 1.6731565828558241 0.1756838116534111 0.8044885653204692
1.3682419610904455 0.08694781292614885 1.8047182025672242 0.10944737941904603 0.8136946832632241
1.3307020503109646 0.0894386285092534 1.7276041477590733 0.20433122321085337 0.8399493943458705
1.341406113717858 0.05940573613341965 1.599269831999531 0.28542966495819666 0.6313801481265503
1.3206341053996926 0.06710889510049237 1.7532447450906807 0.1768587163550044 0.7153031497863284
1.3167795321075617 0.0702803832449616 1.6224847119044057 0.2569582747657559 0.704259378196597
1.3146816663307037 0.072838890717905 1.6918338338089371 0.2555743392287367 0.6747994296255968
1.3400630817684172 0.06877170544053521 1.695830837367966 0.3124144379735899 0.7423430753134181
1.3545852017536455 0.10271187896862514 1.7088834720750627 0.18471655115983837 0.8182667435923566
1.3627593718844264 0.10200784224847395 1.7167732068055472 0.17393201590121238 0.7818102727935652
1.36992729702273 0.08840852490690651 1.8411081588068527 0.11448948183393849 0.7845193854227601
1.3204451730221387 0.08658710432638016 1.6506681342076455 0.20978726599652123 0.6421494255483552
1.385391763805941 0.10756700969588476 1.8912472785857934 0.09765604149624946 0.8681670281477956
1.3215323799018075 0.07087395075619515 1.6753995916749571 0.2884504874022631 0.6871168970813073
1.348571719522347 0.08213601949709559 1.5938392279639886 0.2112718792699805 0.7338271061495222
1.3352094456005952 0.05888453203884294 1.6504277628000585 0.2596995041863093 0.712064202994989
1.3704857962414763 0.09544804069423049 1.6953701960058156 0.23301960144889516 0.8102971579551926
1.3443834052434984 0.08181624374881913 1.8465362206531042 0.24298400182791266 0.8368026836870911
1.3450153046722155 0.07066350761080996 1.7489367577454242 0.23126978979630652 0.8370629709772981
1.3246661749295727 0.08506156563001914 1.6800425805809855 0.28163375478833746 0.6992529114283658
1.315964501671205 0.07539783331337699 1.6074533588351667 0.2106445976399836 0.6582051900067379
1.326357570912598 0.09177399537649575 1.8018155352857144 0.2070263481699263 0.7761832481826955
1.3279142280901874 0.0923352333374249 1.7109334338974267 0.25575071904141694 0.7687337282054768
1.3492640632065724 0.06587314270910874 1.6225023287559548 0.2880345510793333 0.7172027877854268
1.3389233621273837 0.08957350971663905 1.7892614272785412 0.11805378927323595 0.7846846822535353
1.3778363961313163 0.11054642928425472 1.8591521613672877 0.11431744027372362 0.8334087174219947
1.3419263176341718 0.07219807589816628 1.5862016226010722 0.2031963067150364 0.6132235625356987
1.3575144043351077 0.09399472064383615 1.7357597787058867 0.22777164282026338 0.8610690581661009
1.3319862902805126 0.07575490102515074 1.7852884541988607 0.17932326248118735 0.6702159789285784
1.3499804979252927 0.10222722548522777 1.873474295788915 0.19816409569697424 0.8374970558890176
1.3503522342113248 0.08861106989674189 1.7494262104283391 0.14134677511604285 0.7134072243533577
1.3377212915070658 0.06842769805570525 1.6709744395185995 0.2962202496481677 0.7560073574674734
1.332972954531482 0.0970729792681419 1.7247360314690403 0.2423147346187415 0.7830210412834351
1.3361935273142342 0.08641142362824902 1.6291011681605219 0.18914271199707366 0.7151438388865831
1.3553946627478217 0.08460575483609489 1.6218098269629926 0.22378049539919706 0.7813664057228187
1.3638987959569557 0.08098542327125278 1.7943842758827688 0.23488828608294648 0.7296721668211306
1.3389352624726523 0.08004792450173619 1.8455666177790784 0.1637929830966551 0.8565198085385093
1.3565827324422726 0.09610487773943462 1.7813703187427237 0.28129415831218946 0.7992378675540085
1.3521344052972295 0.08231483922613021 1.8708450036337223 0.1415244928598851 0.8685699663693736
1.3663353120914294 0.09456975489604723 1.7377743985133884 0.25810599677098217 0.7296607778219174
1.352715544474945 0.08032798530109664 1.7838518687336344 0.19073195181877534 0.6710665566150931
1.3193351651083303 0.07807733926191655 1.6446845880448908 0.19605393453211717 0.626894478291473
1.336902626364466 0.07040029445573541 1.703028630485337 0.2966795593297452 0.763378555527897
1.3341233365520437 0.09411047822577308 1.7340096722498506 0.25943332645061024 0.7145789866598617
1.3334260102662834 0.08311198733572808 1.739813733866401 0.2048063403513191 0.6354379020645875
1.3449597201759849 0.06644361418103548 1.615924532953495 0.29896881368514316 0.6446428486317077
1.344785362725191 0.10124685935295305 1.8334702116962216 0.13401330847827778 0.8692541683252137
1.3326061388357868 0.07529838247588205 1.6778428978153541 0.1936165587842752 0.8159979037975346
1.3244586951244495 0.05828146750422407 1.5894481072467186 0.22402973574838947 0.6114557662605724
1.3294247935521883 0.06217833640024176 1.6851925484392778 0.27391759196264726 0.6543598082863414
1.3321782155838195 0.07570271271792936 1.801374453259816 0.2602637725566697 0.7587591357575552
1.3485737693609665 0.09006967846840742 1.8884098101865066 0.16618319858904454 0.7849237236771611
1.3369588775659493 0.06357478286808167 1.5517748684690598 0.25066380991964954 0.6079424772145388
1.3638028623167275 0.0832800150100933 1.7352876836624649 0.20270173173516695 0.8505901249685192
1.3426024758125692 0.09913560090775335 1.8290909423236938 0.21911414413670408 0.7853022054332335
1.3461762258211718 0.09551653719410698 1.7216688532203246 0.25692924141137 0.6874986712704375
1.3586884849333072 0.08460980148929344 1.7596656965919832 0.23586056590417404 0.6803833749195151
1.3325009201972395 0.07743469953533245 1.578338601048798 0.23569667958205612 0.5701528773407906
1.337241451789631 0.10115654581033588 1.7389584250040953 0.21147782649529723 0.74801195110728
1.35450273013512 0.09670938906375079 1.6634450879028637 0.2714382513835991 0.7177289619628134
1.339541831022805 0.06973940937051472 1.569284931971755 0.286143590545671 0.6644959825256885
1.3703427924728804 0.09014731901922322 1.7275838541634583 0.17973209959301173 0.8166418109765466
1.3632561310728664 0.07736891403329103 1.788643099295276 0.2376910236091161 0.7968555783476035
1.3576876309271635 0.08647051366557751 1.728926441418747 0.2750171344293779 0.8250098335372003
1.331634296121446 0.0797417145709942 1.6092543814529447 0.1963829416842424 0.6463181880838866
1.3493447345445393 0.08327228171266277 1.8459390308969836 0.2327972902414862 0.7420430234724862
1.3399955174275575 0.09111588650513468 1.6126930805717459 0.23875046328768587 0.6492916631867752
1.3393033748965015 0.06394842166162637 1.7176417896802385 0.1802030224564397 0.77896499227394
1.35044690107375 0.06364056922606151 1.6181620439571387 0.25300562136455707 0.6568194648513643
1.343231607684258 0.10085016633955976 1.7405044561712555 0.23903167443270099 0.7967075433278336
1.3671559249249536 0.0899384170654063 1.7870794526658125 0.25732988035814014 0.7832824194184462
1.3288533859510556 0.07805506273306606 1.7968690071153495 0.18047238096083243 0.7044841379882143
1.3249039840924672 0.07827615505751688 1.749982265555948 0.1526925785065691 0.7390883337562895
1.3363956900910463 0.08242741429291563 1.6210303444488576 0.2768656918823443 0.6161821575528883
1.341716451432428 0.07476588954999755 1.6931332199478848 0.21742109550483932 0.8317608863188579
1.3250383446009804 0.06852953146623908 1.6625033504631181 0.28385425715434165 0.6827921065664485
1.3524866123123236 0.08300847051230796 1.7548048744398241 0.15552609365955808 0.8647641770536377
1.3643911115804561 0.08950002457465397 1.852235366242024 0.12218619487140453 0.7793585767176082
1.3551093693168337 0.07372116159867928 1.757376619815572 0.26254316747136563 0.713447058874756
1.3399971692419472 0.06615778752500122 1.7802690995378154 0.2336162892329726 0.7373471773901709
1.3489247599187135 0.08085209045073194 1.6145116353857305 0.29164299929874743 0.6470311004464351
1.3374984449202012 0.0963161525699022 1.6821564946539032 0.2108236863511649 0.779006993464695
1.3680359383093004 0.09072629467604279 1.8457528780607597 0.11948675667367965 0.7896827019340333
1.3459465244374447 0.09326671146292297 1.7612848221535762 0.22325360154388646 0.8523230975456945
1.3535078986976339 0.098647234600113 1.6628943851656495 0.2273167866571182 0.7405138867730148
1.3380012761914197 0.06741830987464897 1.5929341068236207 0.2787006182466118 0.7019219791741776
1.3491763263830427 0.07915045688200102 1.8161595062072458 0.24368942863350576 0.8308528035107664
1.3280653340898634 0.08541414315887456 1.6389256087654471 0.23185058730611807 0.7524988514882122
1.350394636258695 0.10124911301085392 1.7053069910838952 0.2073218903479147 0.7926129595877853
1.3331696395503183 0.07775957851445406 1.8354502469656884 0.16163935251762584 0.7895104952484053
1.3443772287995954 0.09504936792344026 1.8340420190477773 0.21866213159271972 0.7687955300727899
1.3737889887559884 0.0997373849209335 1.827925073040746 0.14597685806976973 0.7916266869091975
1.3339686526209316 0.07540307569770952 1.734121809077287 0.25461939414177326 0.8080610692639332
1.3425577360202803 0.07841623352322648 1.6189731155851539 0.3029620552123318 0.7059777394404796
1.3516001041937187 0.09544385911410874 1.84639090517084 0.1660429770404081 0.7513868904713947
1.3209945583756497 0.07644845364935193 1.6593398833641118 0.2107603281886783 0.7517518517868952
1.3474271731776923 0.06644903764710663 1.6594760239318838 0.2837347574400001 0.6931970963664666
1.336441952078272 0.07698697060957042 1.8383222361721931 0.16282938183432183 0.8202599468388642
1.3384805901801025 0.06578603406929956 1.614517547178267 0.28442073672983964 0.6161014931254175
1.3496127065796184 0.08839197503863251 1.7345465568077212 0.28062425060314916 0.8089792603859444
1.3440439959361565 0.09045195052609535 1.7675145738332516 0.17428189438918135 0.691794459893846
1.335419079998487 0.09039817696097216 1.7535652021736177 0.15427970202551086 0.7287201396948005
1.3219504310521717 0.07061960726133837 1.6930346505654081 0.18029998788652468 0.6655934940102952
1.3255758949044334 0.06672116892206972 1.7248237995157836 0.22418932492278448 0.761610046870299
1.3478559502536194 0.06971023291686965 1.8089775822526861 0.202463509057184 0.7536402475195781
1.3403143839750662 0.06619565690370634 1.7871464274542785 0.19808805727420228 0.7656851032304149
1.3439421081190421 0.06308507785444376 1.6257442087500993 0.22035690092653873 0.6449806338995989
1.3512876178774889 0.07410673016216196 1.7409102944175299 0.1455973139151357 0.7481304264208362
1.3313653678354502 0.0765561999158034 1.8114279299391072 0.21842253898474895 0.7407820367477015
1.3341917688005642 0.06656717509646502 1.7380181310544596 0.18159678801231718 0.67463506557363
1.353030465186607 0.08938069179819814 1.7055374886070331 0.1816788255376627 0.6940747334531223
1.3228092879464937 0.07036188278629621 1.6154889783029782 0.25293043638247253 0.6927979706085116
1.3468683546458657 0.08526068098492927 1.6930895361709517 0.297497733680056 0.7072766708186548
1.3610172917155563 0.0808947897862051 1.747758113847988 0.17087132156081175 0.7184432040706548
1.3450686811177266 0.07297314048862194 1.7430435695511624 0.17935698135010122 0.8391999951020226
1.3599338784846884 0.07969519008221501 1.7136170951085954 0.16671051286582883 0.7825525261612108
1.3563070282341814 0.09683162704825109 1.7037061289023587 0.19012485779239705 0.7482007719215402
1.361850346316223 0.08339828571465768 1.6414221366540003 0.23793510153771963 0.7159303605874593
1.3525203219933242 0.07905386426396736 1.8573542288921363 0.2030636634264993 0.8088075373396608
1.3466373679343762 0.07525908814445624 1.5990375650010287 0.27677903748074056 0.7176501610137022
1.3234166398593836 0.07890841544139157 1.729461579827725 0.24621575831095194 0.7044526302968183
1.3631874753857145 0.0929291457077741 1.6996127466910371 0.22286341045335542 0.7226698388024235
1.3619521045939342 0.08840197828409681 1.8669147214119768 0.15828208810287706 0.8713035464723928
1.358022705179133 0.09507301563786134 1.681634427100807 0.21060052041769953 0.731354005923848
1.3426810891726628 0.07863529384067354 1.7681414421069284 0.1697677365020666 0.8563666085766779
1.356227540953729 0.10528739557973107 1.7914925577895136 0.16549535404917567 0.7996062402721197
1.3543297850503278 0.08423023864009231 1.8588476138297565 0.18669853495602381 0.8551036960788044
1.328986871959531 0.07046370794389982 1.7531166999660037 0.25145819663214936 0.7187210409570486
1.3334367001260299 0.07176400886980491 1.6324851917446934 0.2749075317909947 0.7364505793182075
1.3466895248058992 0.08214933545069328 1.6274124604840121 0.24952307397850876 0.7749042831726851
1.3455514970239861 0.08097686434528803 1.6814399559917768 0.25161364122768176 0.6232925311155306
1.3455514970239861 0.08097686434528803 1.6814399559917768 0.25161364122768176 0.6232925311155306
1.3577429678284838 0.09944904714501712 1.8220410587809326 0.19052324383558972 0.8623201772122372
1.3646501890812404 0.09846213398853985 1.7993563185951076 0.20465228620435633 0.7732878350648235
1.346732435424025 0.07451429038800024 1.6613497626869076 0.2981243975222013 0.6966122606832384
1.349405241608049 0.07362638199159666 1.807631020000957 0.23093126450069792 0.7600100513001448
1.3647611165615154 0.09897912453119459 1.7689009193228107 0.1775735461888175 0.7716822963592093
1.3496254908474596 0.06993411629483655 1.6866413605642083 0.23014222620194413 0.7837130260458028
1.3453764614690917 0.07317637231994874 1.7612582688953826 0.2669686177982922 0.769746084584323
1.3452292468554643 0.08000714462527883 1.765138429521512 0.2816638203290546 0.7554812603372577
1.335291362893902 0.08148647831490151 1.737349578176037 0.2506962747216469 0.8050046167746325
1.3544453233677411 0.07264454796796262 1.63873190019704 0.2514243296668502 0.7294908353003595
1.3565544612252898 0.0908071996367646 1.6608814499433122 0.24932890174738723 0.7050500380991817
1.3552182366052827 0.08965523261447376 1.7475367343701538 0.24144384689513715 0.7073553581002963
1.3518093654712118 0.07939543927740375 1.6836759165495538 0.2092721469030518 0.6509812915026221
1.351686484967893 0.0865958337171728 1.7450133025661243 0.2595802187508221 0.8159417501922349
1.3524155095856583 0.0928937758488375 1.792942225698944 0.1755709392988905 0.8675164077795426
1.3610041677691462 0.09546734509244988 1.869373980154581 0.1702434203479718 0.8605478742365715
1.3578041337621958 0.09498785063571104 1.8000484797427283 0.1314963133263378 0.7783175334946381
1.3286310029762078 0.08199475438305172 1.728046749320736 0.24118870226044836 0.6833004422453733
1.3556679542209462 0.0990305579480001 1.776868867183613 0.19092286363764094 0.7540514049357924
1.3568095193087344 0.0902350021725072 1.868453326057023 0.19133842858032482 0.8339758226972412
1.345265913018335 0.06710636665155864 1.6699287024265685 0.267434926391923 0.7107559723898371
1.352876187658603 0.07290715425998523 1.6215230899892203 0.23732830147261055 0.6710903863850323
1.3333572477988964 0.07073859721659716 1.7222956452032236 0.26329033093292387 0.7505831203129871
1.3382521689515974 0.0671149162988862 1.65706419245311 0.26640953213124474 0.6298033781765972
1.3590972361175377 0.0952429784321445 1.7516423526681262 0.16757540566091345 0.8335656788768967
1.3397454581780115 0.08460034942729454 1.6326982178969436 0.22454895262623586 0.6408229809355191
1.3690527120022737 0.09436546163972385 1.81342758807582 0.17781826388404878 0.7881354893654003
1.345895127376884 0.08362390411626326 1.7503610365911815 0.17632673312861127 0.8506629497585066
1.3574745599402147 0.0849756498173142 1.814993667945273 0.12197916183979311 0.8376903458776105
1.3572540811177105 0.08602992282096743 1.6548976424095905 0.2524717768043574 0.7005691768435235
1.3456938606079554 0.07562823737547643 1.745733006555215 0.26758025914004685 0.7024339802414311
1.3354157594127147 0.07330164896116821 1.6413776393068802 0.2814311219671259 0.6548412107596598
1.3445361574961678 0.0822501368221477 1.6163190311209745 0.23926270792105997 0.6389511408318442
1.3480624783224056 0.08992038186204486 1.6532737622771525 0.21461180214647177 0.7032237040675897
1.3545925570556117 0.09008783510056254 1.6751685433218886 0.2617893259644525 0.7389868833544148
1.337299148983786 0.0753514423540411 1.6311918289662402 0.2763460000604237 0.7222835289118529
1.3582226319669135 0.08113078881390132 1.804771214585331 0.22554344421811776 0.7664611164386096
1.3454688454380002 0.0790442028357086 1.7597156796106344 0.18023859516519067 0.6830386263428713
1.3635708799626682 0.08280395276226811 1.7542132720372252 0.22942131783324535 0.7676288099842599
1.3322148094158108 0.07414091011288224 1.723640284232645 0.18959316225550382 0.6576483562954687
1.3356665104170657 0.06938732587885378 1.7439727437177224 0.22503538432769943 0.674904147272794
1.3637230683863557 0.09396978953806726 1.778393494651774 0.14889371323330278 0.786079876507272
1.341729808871576 0.07720993948886969 1.6239289996509654 0.27900696317531554 0.6674942778847675
1.3424961694855397 0.07591779848312871 1.7610229323278825 0.23548131607390857 0.6831622963669418
1.345156883487084 0.08731735042954879 1.6598583018608075 0.2635942463059909 0.7558996797608464
1.3318824732865693 0.08633493533776278 1.6490646696399573 0.23911732448059092 0.707381224068925
1.3438454942209268 0.07390451876652221 1.635825685000506 0.23548594698474246 0.7621323181517646
1.3333941273536998 0.08171764260542125 1.7988695223558933 0.2178760074195688 0.7528682671355923
1.3354540390768257 0.07479463651044234 1.6074653580865617 0.24180593088164493 0.6071780671201096
1.336904907973545 0.0658834618997392 1.6326154406842064 0.24544954241589503 0.7137690661828299
1.3457021494241233 0.06623457199376065 1.6790234638226722 0.22067645177487719 0.7239868361039321
1.3551787219020033 0.07980746283363918 1.8129423425000153 0.13507129670448756 0.7848387866666776
1.3277192169740442 0.07246401554318789 1.7425402487725603 0.17260343874478842 0.7588543464959253
1.3367575459229166 0.07412983275252805 1.6572642409855654 0.2530157209138741 0.6163499952360796
1.3377430886548705 0.0695897987445798 1.7135872136863997 0.16778050798061692 0.7242360649854218
1.346736886255456 0.07982646435707837 1.829247172969211 0.1677100294714257 0.8397319627801649
1.3640911213220814 0.08677738947508433 1.7284228263903518 0.21543603433918818 0.7793696403433126
1.3602595218300801 0.08599907788421679 1.746045917881011 0.23984565419775303 0.7496273250907078
1.3382904889540872 0.08684186374678697 1.6529182785720469 0.20950171972540357 0.7133503365955954
1.3509974198569015 0.0942912742906922 1.7182929814725756 0.1865546251944093 0.7784664214086692
1.3529703779479882 0.07669869559039637 1.738287235084917 0.23688275286635238 0.7989607880692828
1.3353128759880717 0.06990828496313083 1.753291359127355 0.21348841107623506 0.6990801080488754
1.3575171650644582 0.08478769837980865 1.7130918936344057 0.17928565011349243 0.7688145055837641
1.333766822796147 0.07221835050939165 1.7377038384050403 0.23525957502845568 0.6850222388250832
1.3389618913602472 0.0784765916406318 1.7409750934132053 0.2582821855986887 0.7715160937271591
1.3314907318790556 0.07431534508454324 1.6405812032795857 0.24346889638807126 0.6263715389933302
1.3496186970888764 0.0847162715834136 1.7971897963580132 0.22447293716871367 0.7429530553907959
1.346216253627068 0.075838875088342 1.6415071743570526 0.2093181241408098 0.6831320703154895
1.3565263042019895 0.0942101406981411 1.7845766621933894 0.16222768137400184 0.8431471282792534
1.3476789185707714 0.07393404402674406 1.7987922100381988 0.15996787772017015 0.7785034483761284
1.33888199091797 0.07946368559294324 1.73452349444864 0.261930486660294 0.741881825656764
1.337212217423033 0.07203627779599654 1.6502904104822842 0.2676471188358479 0.6930947981010637
1.339761234720179 0.08534616282257505 1.6870883631351457 0.2181008809922046 0.784782240457099
1.3432135516868324 0.09069011513366987 1.7122208536265835 0.2316700603415713 0.7266729410297424
1.341495404706373 0.08516429442028786 1.708630587762395 0.1836407135779176 0.7097938043838606
1.3504683901312882 0.07714336191127966 1.7087910428432407 0.2142111468306842 0.6855870803900543
1.351887764681553 0.08254956510374732 1.816524626922308 0.18532742421714019 0.8357268389927811
1.342652508344778 0.07290019492517938 1.6845597592642079 0.26378525050925156 0.6952337456825284
1.3334165277464565 0.07370963285506973 1.7305641406633454 0.1719235426129345 0.7286178133371183
1.3346466381040694 0.06750042692485117 1.6558544075013137 0.21780632347265652 0.7053152546109374
1.3486026789012375 0.09048232977300169 1.7463303408710338 0.2284897285429273 0.7910376751403303
1.3308734387234002 0.07235667229621062 1.7360533709116366 0.18188136109758568 0.7459725610873237
1.3302592024811877 0.07754000534851746 1.699794485465422 0.24114099475122938 0.6990744161887616
1.3333626965870091 0.07022208187613417 1.659573357748216 0.20800488181769203 0.6611794698772555
1.3402444455329992 0.07462851767738661 1.7294084889745147 0.21371847495197516 0.6787032433077053
1.3444913237735636 0.07016581702526764 1.7003329609370117 0.21825001028338792 0.693140804509964
1.3299087408972032 0.07562069144946318 1.707814089301917 0.21477052208451958 0.6831951006761243
1.333019040354816 0.07484177360879189 1.676428622712879 0.21951002452139046 0.6559625251245904
1.3358850634166932 0.0742975936116702 1.6660536229709781 0.2129322407899543 0.6583417951765389
1.3413636078830484 0.08032969979918539 1.8070488049601747 0.17653848664148855 0.7738773411536967
1.3582974513977595 0.08935810036815267 1.821118482483291 0.16509690977977245 0.8042387610865266
1.3479241811128444 0.07830016387610506 1.7489873020603817 0.21692697407738254 0.7194602879966814
1.3424271138974766 0.07692504655201507 1.6703106639165552 0.24192867711761257 0.7421243895337771
1.3441514842324591 0.08044049731494643 1.7418337287981003 0.23017820814400802 0.7870106876074175
1.3350099030960998 0.07720899610764387 1.7233577504040376 0.179334934707476 0.729518544536374
1.338369586941797 0.08024664627030646 1.6944622335480517 0.19191209296790604 0.7475862887539296
1.3408643726496219 0.08312644086041815 1.716818865311435 0.21078676759146747 0.7852088856422575
1.3531854396731233 0.08470855490198317 1.772469321220608 0.16595005659759357 0.8087943942722334
1.3413474092798578 0.07713147426584234 1.7256335964679086 0.19154113821986818 0.738353641241721
