mu1 sigma1 mu2 sigma2 alpha
1.330626240882649 0.4671240130078684 2.8708173683647895 1.9961385743466487 0.9735507967409714
1.3139417784779515 0.31182773766702987 2.8256414547044955 1.8688357007361742 0.9162977205551655
1.434361560637475 0.2483383026477359 1.4469318623698089 1.9449338112522692 0.8747869757411176
1.4676808218329582 0.17679032259989738 2.85589290946538 1.91539684572996 0.7692576595151125
1.5120963977209871 0.20658927208490926 2.2462095182529254 1.8739903159757882 0.9854823777749684
1.4736375075398764 0.17478178122447918 1.87641777366566 1.9174292347893178 0.9367639920395742
1.4365679149171815 0.20698946646928096 1.6393240610614987 1.9118894000837254 0.8887053464550765
1.3975387165269413 0.09254539212208023 2.6375953521331605 1.8893744616976873 0.7521482755997024
1.4555162483158357 0.15884481838632983 1.9707858897596178 1.943265094010245 0.9112970118959219
1.424416079401225 0.1555637418658843 2.1207017324023205 1.9622153855510687 0.8287627071086799
1.4022128087938646 0.23517304431546562 2.2764845451146702 1.8559239661233007 0.9578914206695535
1.3764231029367986 0.2115123544979117 2.7882403249546086 1.7435509717122302 0.9107887529526656
1.3766462773167287 0.2106661321788658 2.8354358834689335 1.8933755188261867 0.8173792879351796
1.32171775538116 0.33321564214710375 2.873474073144976 1.9422972577612687 0.9419825507624078
1.305913348067354 0.30162205349171045 2.6949284676580496 1.9969591897102235 0.9543047155241159
1.3334372472313443 0.1067635781862047 1.927068571232034 1.988972322459575 0.8367821254807886
1.360494915748845 0.18906609076557682 2.862541653934615 1.690151115079887 0.9493686653911573
1.4191502028193497 0.24140624782394837 2.173558165412802 1.9431916607369228 0.9338690763015142
1.3540759929906492 0.2616039907355138 2.88873154667599 1.9939240257009658 0.8415243447723849
1.4901143331240299 0.19793920193682774 1.6061625523632994 1.9221517557491379 0.9590131623134353
1.4536592261123507 0.2695243560946818 2.784345952728938 1.9569776764440263 0.8698172197817824
1.466095620399323 0.14084600447186518 2.8365068941656366 1.9169009073007062 0.8643886679004034
1.3799621005787475 0.26201585563326235 2.6135443080564165 1.9429618870141858 0.9138057852453195
1.434040811626347 0.23176357225641783 1.9231269670011688 1.9768614147188952 0.919061175709504
1.4719826292710085 0.3199246871614756 2.828452365631779 1.8471247349632751 0.9910689131080105
1.3672202544581542 0.08244298541660114 2.0751786584498513 1.9646008310978975 0.8541216129823743
1.3990538683288762 0.30653771401548735 2.494201339808956 1.9870855617933325 0.9629258032033378
1.3328665134964097 0.11413420782820981 2.6568539278883567 1.8828264701703599 0.8229719651041935
1.393343537267295 0.19585590657891708 2.4736842977423303 1.8126154541490989 0.9887682262000065
1.450845887797159 0.19427225221443145 2.6648918972665268 1.7511336712593162 0.9369625631334827
1.559384083497494 0.25251713655729324 2.768008207921953 1.9245825190524248 0.9979793146716046
1.3716534166637717 0.18507878943445977 1.9739971874079956 1.9699747503556808 0.9558669815088525
1.3978819242467995 0.1318395328954384 2.7763833965564126 1.729495341833004 0.8376314735109885
1.358467276412081 0.105739441789786 2.2554381737866094 1.8833476719672189 0.8672403070988093
1.4196892621671302 0.14908028987851712 2.787732823587475 1.6968383155788953 0.9106413915290004
1.3526772389303319 0.09832827432988099 1.4001300556261111 1.8694119826466469 0.8883601705526053
1.4916460441424269 0.2032394682616336 2.6480882270035604 1.8207057095380192 0.9511671506426032
1.4086090635924347 0.2936709115639049 2.7449157092763334 1.9860158591216217 0.9025859833107079
1.3462141617338854 0.1379520300134596 2.8961373142420026 1.8399489186818554 0.9682041821620779
1.3732110050467732 0.12349219592702183 1.6616180527977793 1.977670734137753 0.9509878516887217
1.3435173366137012 0.1350612971569175 2.8204374952319133 1.788267065606716 0.8638169754312098
1.3943020893140878 0.1629449786702461 2.584685573488242 1.8117558289083935 0.9357192234843946
1.345713453738123 0.13458640984656475 2.6847635564289494 1.8712911136819546 0.9283246001979142
1.4264212580340723 0.2590981649616283 2.757620773369763 1.9220250742452367 0.889148913496486
1.3497287109943792 0.22414038727524072 2.489598728348843 1.963005363900226 0.962136059935927
1.497305024212809 0.20503664843904124 2.07895236937036 1.9914034990891616 0.9586753659308725
1.398335761008072 0.12319013676045468 1.6693378732851092 1.9568056238634408 0.930931530592218
1.3789563800364304 0.24758314147083085 2.7639443820139085 1.9881131233112193 0.8640649153159977
1.3481718860153404 0.14632989454352727 2.4951068453085967 1.957918605470989 0.9187865855949496
1.39194627116337 0.1315077745817944 1.9619524285235022 1.951965371618901 0.8835107438049471
1.344393339999732 0.21251195566798647 2.8990289860201446 1.8759902334785414 0.8910364849164545
1.364438748765404 0.18856176874064412 2.179791296395455 1.9994430616266783 0.9663993534860997
1.408459862064552 0.30282645317124224 2.7453664385145085 1.9231845712936289 0.9533140990481129
1.436541980978389 0.2378097489208151 2.64672187437781 1.9720827850672218 0.8720729944993316
1.4033482952885548 0.21006631460411918 2.7541879303183547 1.8954335252020003 0.857734644088113
1.4144014976417676 0.17085289594108233 2.536487926164564 1.9068597622915846 0.8689802815275159
1.4051844856178444 0.20150179164241322 2.5662254084530627 1.8334054366251824 0.9437632822901291
1.3164759755410982 0.08580457307588776 2.893511311105044 1.9667186536207852 0.8372303090577906
1.422883016427603 0.1967599757140805 2.5307645250854156 1.9081968267864966 0.8921573802781306
1.4129173259463088 0.20836893017342165 1.603242761325474 1.9773076555522031 0.9144770203499489
1.41674107042329 0.15184697247681633 2.8801233260773356 1.936422725658597 0.7507585387601111
1.3877559560127541 0.20741448290125328 1.9346358083932453 1.9637352236781114 0.9705726348322988
1.369237242206334 0.13064967594258894 2.72942000126263 1.8031470079679315 0.8434343027236209
1.3846301768613205 0.19387165609533336 2.494805236379589 1.8835156232750982 0.9636468988781549
1.3819712226676955 0.16794888986147558 2.711988241123384 1.8516520895404003 0.8746024053726988
1.4242738994569462 0.1598205105797988 2.1690099339367266 1.9782425733717486 0.9894993165654854
1.4969536136281052 0.25493058975191163 2.7346801478570653 1.8866629060522886 0.9547921917484337
1.380453855962748 0.204620442820408 2.773857216126428 1.7685128661214535 0.958543891684957
1.4225289941789427 0.23601153766151794 2.661067710743187 1.769738262073876 0.9807874328290905
1.4579965781016493 0.22357391011926267 2.099320605367382 1.9035657239750416 0.9900218482634638
1.3602661304418078 0.11079801104542801 2.8589862680659537 1.936657967274382 0.6911990107848539
1.407520758427536 0.09088862258027199 2.6786004047654575 1.9994954153022642 0.9118615431215742
1.441352144409576 0.2567736062847493 2.7334862587297732 1.8335097841261914 0.9527075032175178
1.3221701862742665 0.08888563180606825 2.7850020331268523 1.9812233614797277 0.861521316989303
1.324269757045601 0.1070721982616879 2.8575475701480975 1.9126676765043888 0.8070940157276247
1.3951478496810945 0.10958084052303708 2.605466555757247 1.9239209450709933 0.7852688345313762
1.470194122921753 0.2288181808108715 2.8787428288984453 1.901584215237256 0.8674008547268206
1.381325074956638 0.18160534730492006 2.8838172416760086 1.8323794469300712 0.8466653071076354
1.4511630014579042 0.23780470037375814 2.772943203021718 1.879156323444329 0.9035876792974764
1.3896430610048034 0.07722635993377354 2.8966140054859815 1.93699207457184 0.8868336239881534
1.4601135717402554 0.17695840727786805 2.8676045519923123 1.8485026383031458 0.8636153048813832
1.3628079676144877 0.20659570968347915 2.444448655043257 1.9554522153469485 0.9920812929451829
1.40548681396092 0.2435392328807012 2.174065883392718 1.9506279439472956 0.9824199097527702
1.3641186415538216 0.10307988579415804 2.805440932473671 1.798944097597927 0.9425806312739342
1.3694835786916184 0.2672437820805337 2.257383351674197 1.9954639713855695 0.9957453206105263
1.418222190093099 0.21794633116730838 2.8897979669626976 1.9911114778270114 0.8040244785095689
1.3938568648008673 0.09715269594366424 2.5551344590978218 1.9243833824922065 0.9101576449763883
1.3369349538393072 0.10367038709858531 2.818727974406774 1.9967465532436732 0.7144741480824564
1.3729519462542812 0.09982686072554213 2.503050255035409 1.9133805903765337 0.9273368800405937
1.4523240822443784 0.2946577931085304 2.889051249946554 1.863481196751117 0.9539444866488338
1.4217351196954515 0.21616934666792587 2.4872422136508834 1.8613262020623977 0.9641499432618424
1.4463257100742186 0.18328988168958485 2.4835204855449935 1.9926600187925616 0.8713472358420057
1.3772975024397747 0.15985477389972264 2.4308432057878218 1.9491004502225933 0.9160703208559287
1.4343200054654401 0.13846341704656012 2.468986287808337 1.9715716011357578 0.9379909515094933
1.3697146588230904 0.0954302176828423 2.5498486602696766 1.8973561050567733 0.8174073640821812
1.3897003946438145 0.09082976420515385 2.8455214280589383 1.8202479889030867 0.9186786801195684
1.3705258484326328 0.2153205246718218 2.399694705182237 1.9788538886363545 0.9577826216032713
1.396994874252092 0.21373999841071303 2.4753736559112394 1.878655035690502 0.9768035077202968
1.3834837473012755 0.10920862230461206 2.0035243405097787 1.9861183020287139 0.8470870691192023
1.4620499464391818 0.3163187031576078 2.865089918558243 1.888459678039832 0.9906256731969837
1.3866611977106953 0.13664555317051758 1.4983905293927264 1.9637366233032696 0.8842062928343428
1.3869040796064998 0.10772188728184758 2.1113698536663263 1.993187768297538 0.8360557544846671
1.4369328353910151 0.1906455681772655 1.7200628881087279 1.9757439071724454 0.9382130753671891
1.3931313526080995 0.1329464405589428 2.5514239089346034 1.9867786737841295 0.7894090819502437
1.3340781503503276 0.13305520819903735 2.892121993028533 1.9265836564907899 0.7988934879425187
1.407998679918574 0.21068495237714632 2.853098376211737 1.8069553526837203 0.8970300116705255
1.4916552184975616 0.17526885333607609 2.7478227612770807 1.9645875487104107 0.9163707948454033
1.4499804364999411 0.23811719082068433 1.9893530852266044 1.9599774721407948 0.9861422228617504
1.4432106621313232 0.21647610236666034 2.665424030397959 1.8005242672961244 0.962320937365319
1.4527857103018984 0.12860676361906562 2.895583526935629 1.936165837065814 0.933657838418297
1.424405546024003 0.17215851497448628 2.8360730784972343 1.709289401050724 0.9532674658523121
1.3439073213764339 0.11917851821726519 2.6059457787777087 1.967860313992539 0.8139516044384997
1.4806015067962526 0.24163766444713997 2.7977839787014886 1.7979553379243742 0.967951939861524
1.3724580892505482 0.08950184096911772 2.6849686254647147 1.8617689966709425 0.8609356836613062
1.4591072259327578 0.18476075769486902 2.79641312659761 1.7198035026208416 0.9814819745024258
1.465980552430917 0.23318410452544028 1.7525857381167045 1.9914641010084124 0.9701042701966462
1.3733308306192868 0.11857132876939486 1.7902197382726786 1.9958180306595787 0.8633661226979413
1.4084014675985506 0.22923833476015637 2.7656406837382734 1.8521508946406378 0.9249026650634294
1.3375540701957989 0.21467502334883512 2.7176997003864667 1.9705778718435618 0.9797418521556922
1.3932994682627042 0.17346081734167218 2.565455594195179 1.9775452238169697 0.8593618027502047
1.457243910379678 0.25708419326892035 2.6723970743788517 1.8441151582569586 0.9863949172348255
1.4652974196910253 0.2064072325509354 2.527489227076981 1.9208080771494844 0.9390913443516891
1.3371403962430384 0.10258049927095818 2.8591651155187368 1.9157169916457992 0.7654827641951674
1.3493188482448577 0.08316156972157994 2.6351687798910195 1.956108156019421 0.8184076799417103
1.4413050573650859 0.16970385662059345 2.3406219035118454 1.9873203467098592 0.9172871618575292
1.3994250863519282 0.1852480510408366 2.3197281659305955 1.9479566296272433 0.9756071499498946
1.3899892396390026 0.1128277706310502 2.5131887910215545 1.9786954090736224 0.7915071516604065
1.4082129819333145 0.16388307590296378 2.1071358066997763 1.9962782234589747 0.959147468544552
1.3723351764816676 0.11911853292205778 2.744408697099213 1.802770443968361 0.8911194602122008
1.4423823910851317 0.20139871637137238 1.9181486526144407 1.929775529193785 0.9989217192643821
1.38310440450695 0.127436041599808 2.8915229512622793 1.714456159331808 0.8768314254355772
1.4273540856695461 0.17056317810726424 2.8506536680793153 1.7171565252523928 0.9551998788638912
1.348662476632163 0.09511712921524072 2.852386602954264 1.8059013739633223 0.8285160228721616
1.486071088524079 0.2188682036116003 2.6622767376147576 1.881511392894047 0.9599408774945524
1.4879933368462954 0.1700622480471847 2.879447635786359 1.9463818432651374 0.8989193557724473
1.4056108345949059 0.10468197599965914 2.791375338225201 1.8610526667917349 0.8773304431551587
1.5042586419640673 0.23106374583994035 2.561940707677583 1.9247248990363304 0.9893491227325203
1.3488412296030148 0.11403897557644296 2.826364879138881 1.9055530658341457 0.9505565846300625
1.3563944867170465 0.2448952611659627 2.5774318403456933 1.9791413066274615 0.9750501100456113
1.4491622084694225 0.1788356369375445 2.439813837439384 1.9328554046947632 0.9507221352455413
1.4142990077752389 0.24682440370245276 1.7387289987952506 1.9888100909164572 0.9911320654387962
1.3896676273806159 0.14515187727535922 2.6992715420968034 1.861712894678642 0.9384266231209448
1.4203997071044299 0.27670961625426316 2.867671424316756 1.7877695055687848 0.9849511781652581
1.3773502552998622 0.11109189244586024 2.623120798421006 1.8702591243137836 0.8650947646003114
1.3686636825471965 0.16897504930844887 2.662558133963233 1.9655182700531748 0.9807373766989428
1.4005609706645061 0.1316520603203886 2.649569774575129 1.9976795287799014 0.786297428216634
1.3748925912283148 0.22258520790297875 2.6583502144343165 1.9796648207594592 0.9188509689343098
1.447274435010176 0.21720430022258083 2.623344427734012 1.941556162307486 0.9132007565600491
1.354918608655091 0.24037184565476033 2.5972721671991987 1.9744040297084589 0.9803307535825551
1.5091479801964063 0.1960964876951179 2.8499344788382683 1.829850057428628 0.9809070955581648
1.3945896075152113 0.13706153760932835 2.563657030987646 1.932637960700949 0.8734966579283133
1.4281098739001288 0.20057354049017356 2.2555929150322584 1.9260535401492567 0.9871623136883442
1.4027069002875632 0.14882712186832664 2.7217092520536346 1.8606447466163711 0.9605278416930453
1.3961480743169137 0.2152053066400261 2.846495113957814 1.7060471751654653 0.9973920492430768
1.346273508119482 0.08585669476393132 2.7578266163441127 1.9133770415875135 0.8647414328692887
1.3831992808430225 0.2291855122654458 1.4967325603383204 1.967985584587515 0.9999659049348936
1.4695354592956367 0.16924278323424835 2.8527418865313727 1.8142287401143107 0.9552411958268504
1.4351656743289238 0.2846873452850351 2.8079977272994556 1.8639911472362118 0.9831738769894238
1.4278548235984898 0.16439062685930653 2.8720591953807357 1.9922672849671372 0.7878142670379413
1.3744834845392224 0.1862234436901971 2.778794878552217 1.8557310487853167 0.9641349730899176
1.384464617401741 0.18667502486748996 2.6659757913987714 1.8863347043306098 0.9712544108528369
1.4647443463252934 0.15120554225608565 2.82109248503934 1.946122039280651 0.9174708477801321
1.3888635399199722 0.24969763580038393 2.8245701918646913 1.8493338688908276 0.9573001122816969
1.409809919042378 0.21285947582916218 1.9099990935315327 1.9757470970425803 0.9929087767067749
1.3859267882715534 0.1521681922593218 2.744244353788512 1.8590836967732232 0.9088773937287539
1.3446336491317974 0.11412257231920271 2.8795925312295694 1.881404599237474 0.7924198924659699
1.396223671239203 0.15987328428391143 2.438181133848466 1.988600750747945 0.8974245357868494
1.440996166162531 0.23861089069245886 2.883410835918588 1.8889097609147119 0.8976807128939451
1.398730995032551 0.2218991543887343 2.898722067806383 1.8276998593644211 0.9116352087436906
1.390419908979197 0.1321520985010668 2.519498158540756 1.9466117841797999 0.8965798949721957
1.3238242372055646 0.10001405982944009 2.8774031019601245 1.9725206918639882 0.8789259911132078
1.452561848698636 0.19357378229283825 2.3734509910875494 1.9476010086720603 0.9631122612985883
1.462405595910076 0.25035149137663193 2.2010593715776157 1.9996275033432638 0.9928259163551518
1.4224058000932338 0.20963894938500832 2.431735817150915 1.9318232933468629 0.9627478822800347
1.4189002435012084 0.20174920223679005 2.8920165715917685 1.7834034287090623 0.9108807483983515
1.377286649260611 0.15565424005861103 2.8819826715860053 1.8816748097114193 0.8311493057407446
1.468873127346035 0.2072796074234941 2.3988820921811738 1.9853099584348064 0.9489997270174778
1.49690883272836 0.18354597637906103 2.7286083916506243 1.8829295454485546 0.9968838788799662
1.4268844300190522 0.22452545619731065 2.860026054740212 1.7817124653371674 0.9413985662935305
1.4567492401530777 0.20396213117543607 2.739338396619927 1.752929546818107 0.9976224461378194
1.432517138802607 0.132018869742136 2.888976915727795 1.8624467419434787 0.9014965864784035
1.392448784003447 0.19749652013964009 2.744263224942218 1.8432112731740782 0.957762156618327
1.440088495749833 0.1955066834551556 2.575218795368948 1.8660067768050612 0.9721935247622693
1.4250627845840231 0.17333784140670133 2.887850929419555 1.890896717807688 0.8400264266276226
1.3847611818764938 0.21222121590472195 2.6402963874068144 1.9519820778236354 0.9342604826941882
1.5232787552511438 0.284551675277769 2.799704261786268 1.9856327251266486 0.9985147185000465
1.3664974216663421 0.12057805913814999 2.4917942871251384 1.968316760691296 0.9075517507402157
1.4137817514575386 0.21094839894081432 2.8655307373244656 1.7996612063931166 0.9246802360477192
1.3956877155978311 0.09981836285154165 2.8006887279182915 1.9596546131714945 0.9503516748983124
1.4133801480422745 0.15673075037268094 2.7561386630078353 1.936187258751332 0.9969539660386866
1.459307746070639 0.23690923374564146 2.4418097263311127 1.9678190180718682 0.9678753454180797
1.428253984503677 0.2471097820605103 2.859546537845322 1.8253602842803491 0.9464655220365681
1.38008957426389 0.11105161196043263 2.810630966677859 1.806202471001855 0.909751577763449
1.4423900112253505 0.1790893761109012 2.6098010661971776 1.9533122286590996 0.9058689167887384
1.4900703385036516 0.20476338489452603 2.8662947365294498 1.8542617570771276 0.9364502875849068
1.4244806379113446 0.22368572213797006 2.5114121395026983 1.9794304212063174 0.9321592398355667
1.3663516734185568 0.20235006556033033 2.8241710119426067 1.901043495130461 0.9324491513917749
1.4770402950529409 0.26389434472877943 2.8938357322446704 1.992565954737293 0.9042958392339137
1.4346534032426304 0.200131439470722 2.3609783518607146 1.987114645839668 0.9388675532045473
1.3567902638752494 0.08424337632622368 2.823080760010416 1.888337614561018 0.8353600453974219
1.426685837336741 0.16862785036723943 2.8456820913147594 1.9521109551738534 0.8267083337415606
1.3510196064446645 0.08893278245274576 2.7808573978918067 1.9900909782431417 0.9361081785766968
1.3902962642236567 0.1106465337339849 2.733165690534716 1.872892637577202 0.9093575932499662
1.3647677346212252 0.07134719681796468 2.880101938976449 1.996046568953688 0.8352029968800915
1.420791539588979 0.16606587238819162 2.4794758183614936 1.96286754341769 0.9353703074799784
1.4285412037077636 0.2762662245971793 2.829650487575361 1.8560534153842545 0.9810475171204992
1.3984403271008512 0.17185576114671844 2.7542605850898028 1.9232358695728724 0.871754423509199
1.434930627937892 0.17313420463426527 2.79422324777936 1.7902500293880854 0.9825321403467815
1.3272019425816464 0.12822351769349707 2.8979425011453506 1.9700978143719399 0.9033007892535392
1.356125236269621 0.09270247917373654 2.872234220194315 1.86068413958732 0.7929264042332779
1.3764803665003635 0.10713419035433543 2.7623289589091624 1.9213591569857407 0.7790541918592494
1.4579090468506803 0.18733866066541385 2.3472873621279193 1.9504371515014847 0.9902410421880937
1.450070074753886 0.20911287284494826 2.8624222338557406 1.7406957651191395 0.9623074475111164
1.4525274940249968 0.19991768910801852 2.5887162542140603 1.9239770122698379 0.9438170263323392
1.349595763244341 0.10080736883153016 2.723320990846324 1.9173745609979551 0.8459224677705457
1.428515189590791 0.20324792270525102 2.5950459900605294 1.9734406525231603 0.9077529749453415
1.4869534721257742 0.24627570327066 2.675207206834912 1.9703236989492088 0.9581551704041332
1.5019112423128618 0.22742696100739224 2.7752297372351147 1.8809648519740276 0.9785461654089986
1.4276818410458971 0.20701906440679296 2.7302963846580477 1.9763205160394726 0.8787808106033792
1.446006447127473 0.2135650985648546 2.814499688746658 1.784703740090702 0.9597943113615707
1.3529821098186605 0.09979868056355347 2.686182598140515 1.9551489433545013 0.8075528337525077
1.4175646060472524 0.178420206745384 2.88186582210409 1.816329614917711 0.8955761000686985
1.437493024264704 0.2759009940616733 2.8766322561521354 1.8660778231774415 0.9668749585306847
1.4534734474222608 0.24928042298309533 2.5358790814664767 1.9393467146291958 0.9862203338608182
1.3944245301764333 0.1936112173669608 2.873816448306092 1.8985851344070446 0.8757503513524361
1.4345360088762336 0.21863756355427982 2.726599484371012 1.8838813428759347 0.9378259576886201
1.452858539986754 0.22160484787288398 2.079781207740804 1.9840680369586485 0.9932722542467667
1.4171738102265348 0.17373984863191888 2.742494539514985 1.8562029489658434 0.9363496676436522
1.4414483272300482 0.2290159031615634 2.6472140760006013 1.9213630142882854 0.9489662109093
1.4195040402564802 0.18511759262542438 2.7984838589546337 1.8309456885342668 0.9299725679948089
1.4875568254039817 0.22585740156311054 2.631756239878941 1.9870764532768335 0.9456813234735567
1.3663632541044313 0.17218604927063386 2.895792292056403 1.8581734082677517 0.9638087068478359
1.42067738685842 0.17674525124918214 2.7432845396483416 1.8769442945715524 0.918340440540707
1.4558314348364028 0.30348560225012267 2.8727360977273895 1.9049133772313118 0.9976397495635713
1.4504266994150081 0.2660673506403638 2.616328129215782 1.980399850508449 0.9713737643810653
1.4630409005437106 0.1842255959114403 2.734756808202928 1.840471335481738 0.979045945743149
1.4199653696735677 0.18404533466288495 2.8234160645609343 1.8201152403517566 0.9288224826733179
1.5026827969346581 0.1756652469532604 2.8401212258618598 1.9471797659946133 0.9744308573947271
1.3399573331694357 0.09459309016493693 2.825801504769075 1.9872891038354334 0.7774173721084159
1.49748731629141 0.24706352536236 2.628724352149306 1.9772381707217042 0.9810564277924888
1.4389957037266004 0.2671217180125429 2.794861040827855 1.9364138132185647 0.9514773125268584
1.426890585893313 0.20113794703967208 2.8583810531522187 1.8860147300568777 0.8885989115549102
1.3928335134535685 0.12901176534172085 2.5994899632554658 1.9555879367866882 0.9147424373293346
1.3695211513650452 0.10797822371427968 2.865007340110493 1.8235208895984087 0.8227476339089854
1.4124767550016109 0.20342088611608256 2.62836884629771 1.9335118811513243 0.9371269211292711
1.4638012927505444 0.22289693601105598 2.2746174382433595 1.9903062956983686 0.9838959910617175
1.3806299228426542 0.126018914053579 2.718328449045352 1.9791380018700349 0.794460216810604
1.4328149257087448 0.20242012605671725 2.5424531383762923 1.8979865156441273 0.9793909433856548
1.3732461900394954 0.27901911119490325 2.71719576151651 1.9473830567602006 0.9997207027096888
1.4278175674377644 0.16832108271734264 2.6714955458164567 1.9271729112232028 0.9190707895129232
1.3919745911787023 0.16367464200722298 2.88401814540173 1.813333211045712 0.9167851892727783
1.3694994325667889 0.1215599136703828 2.8024974378055028 1.945824435082022 0.7847255033874878
1.4946391913630808 0.23167585332331453 2.477545392013594 1.9941615306073195 0.9884829683746952
1.4187201008124055 0.14095383264125025 2.647705178852344 1.9595054787286625 0.9251770316647882
1.4545710158267597 0.15021391353281038 2.7825328097679893 1.9555321345443424 0.9490760501628969
1.463131026341932 0.2266646539229229 2.4512954658679553 1.946475429341175 0.988301315868733
1.358414026163111 0.16658233938010097 2.8897519116008943 1.9309501092116443 0.8844603474449059
1.4301798265268935 0.16014499812144395 2.6583608442339877 1.960140017336334 0.9049790792577247
1.4086787977095314 0.20197494110374675 2.7726245320532854 1.9399556829941442 0.8957316425397112
1.4141353822405367 0.1371200326534517 2.64961265444357 1.9942708668379938 0.9633697332785495
1.3558423707372034 0.09721788704767512 2.663273668682241 1.966774131657495 0.9059297244026558
1.4441112664848508 0.1812524842993059 2.540691938301191 1.9730292002400174 0.9365610785533717
1.3775993360287968 0.21507029447588466 2.806007401115873 1.9505598745147157 0.9202172517903383
1.3926574276447423 0.2121789672511578 2.5860590796904384 1.9574308182928228 0.9625483165827303
1.446758541559757 0.14919483887997573 2.668852481568899 1.9969834795144776 0.9448656519463171
1.3714034001979059 0.11508734126173427 2.5533100732041194 1.9844113373420007 0.917952399118204
1.4411693913360235 0.2586690067951187 2.8552600576827083 1.8064250809089624 0.9896902505756153
1.4389049321379517 0.2169804412028263 2.4497996239352036 1.9233598755012917 0.9933786748571568
1.3942262890606378 0.15234252832778408 2.7332394401389193 1.9083832548555877 0.9159919345200069
1.3458445146824993 0.08895299286673242 2.797695080751951 1.9513375636133705 0.8462231544081933
1.4043694782995249 0.1511576457731993 2.8344245568819515 1.870300716211525 0.883974057628253
1.3703188964060247 0.28828287192323987 2.737316838318898 1.98464394960515 0.992333281718065
1.3723278444365623 0.27708757606828505 2.8700350673780646 1.8965490277165946 0.9854129121811862
1.3560896414781136 0.10872582418879805 2.899188673049844 1.936576438860901 0.7567649985671526
1.5001833771188622 0.22005236693892502 2.5212927473968474 1.9847524359435575 0.9922507797366072
1.3979858486677934 0.1232569408501007 2.833458407249816 1.9149924210987923 0.8198556386425551
1.3585746486983235 0.14247971743194773 2.7701520550950005 1.979887667840473 0.8619563108348697
1.3689125186705606 0.20906554876213052 2.839391109851313 1.973895701426788 0.9102703722467098
1.4849627280791018 0.21245296912275152 2.5286549923697397 1.9698655205003648 0.9806177972210015
1.3871183194711612 0.20757972730731752 2.864305946062133 1.928842447781056 0.9012665777885126
1.396392373724313 0.09205805653157594 2.887488888445606 1.939078507965892 0.9061684432020963
1.3668417238315644 0.10434388409223065 2.4959934707670888 1.9998683544091311 0.8700369572416559
1.4873046199713338 0.2057865771755159 2.8731423408033185 1.841805522890912 0.9604484107222974
1.400696315534738 0.12215088962969402 2.6932038132813685 1.9696411867614307 0.9335934665072504
1.3902133353415727 0.12168840395699008 2.757268282945828 1.9870341142784673 0.7916201789140573
1.4009167510975367 0.29940833421982005 2.843609734436389 1.922789185337709 0.9988751240103791
1.489900555670828 0.22662022761212025 2.811013420250636 1.908840302541841 0.9573509089400901
1.5002474220581092 0.20809476586144623 2.6706458391917614 1.9216119707973138 0.9988239004375736
1.4614380438640047 0.21088029077186624 2.315111311025579 1.9722995103356609 0.9957076427475997
1.3999142040741808 0.16987846915774096 2.6570921434912633 1.9643693357479501 0.9121947066261853
1.3911046895151267 0.12207952597515431 2.889161716148679 1.8273218980822614 0.8674925110385746
1.4694577157131445 0.20201021007681724 2.2510028718420823 1.9973280442388135 0.9956216963423312
1.4713447319396433 0.2795500220981052 2.862693824644107 1.9816397990695027 0.9557034214923938
1.4107868204078124 0.26802930895100563 2.8034154927465416 1.9850794847045707 0.9422480660778553
1.3577865477481832 0.08259841808772099 2.857718373008426 1.985282848575222 0.7762943989936983
1.464929879466202 0.22161824968500085 2.667857779768713 1.9793905417314415 0.9355714323320621
1.3907394767497012 0.2299590613629721 2.8742250577979327 1.7896065277418585 0.9913346456574176
1.3724807785268713 0.2655555817457083 2.892336603733822 1.9551071745739677 0.9474827358005193
1.37121935097263 0.16110919258122625 2.8499413648324636 1.9260898734721903 0.8887396240001941
1.4113959673809164 0.17019094807283944 2.8738195218202938 1.9465070416551746 0.8436049829799057
1.4115371601944764 0.11335192013663391 2.89835084947812 1.8961031859942168 0.8968833320066069
1.4409299726777143 0.20620138961965218 2.748368555319239 1.796708804275483 0.998933202463283
1.3851661637099264 0.12854957421906973 2.7235960569419944 1.9403562197639372 0.9304145174405622
1.4564036206877773 0.25778154811582277 2.8635052892817328 1.9536125106955424 0.9336413782974031
1.3735473679793064 0.12020583920735282 2.812797692756846 1.9595502450740772 0.9548618288717153
1.4168258251382344 0.2380715772189026 2.7478481678853584 1.9476769403968441 0.940706065353858
1.4086733256618609 0.2643756124818801 2.8141596156551425 1.9006472842662026 0.9771373225573147
1.3807967060675626 0.15862086391522484 2.738611780036723 1.970082403662946 0.886885781315317
1.4624474267268406 0.27589692672577565 2.8157707559795413 1.9380877670587442 0.9803896928729975
1.4531860011147821 0.18751416063293966 2.8052945664474693 1.8385096516768695 0.962022474943698
1.409360912355449 0.23212629515040695 2.771870676562847 1.850788190680628 0.9833140907054806
1.3852148795183354 0.08893590640947137 2.8370536139723215 1.964769686972848 0.8261705328257077
1.4119147861032553 0.1847881066106048 2.8352384335128145 1.9770324052397816 0.8561737206946287
1.4694611168505727 0.17559614098493714 2.7732876493176075 1.9849086372809361 0.9167056932830784
1.453905168875211 0.2067293193509871 2.491061390674086 1.940348630951637 0.9862850317041203
1.4817504562932244 0.21585369002012944 2.557946993646301 1.9873775178325421 0.969401962746503
1.3915204862499684 0.18935715823591284 2.603548377278042 1.9834983472532652 0.9495010142716049
1.460686888272015 0.1881681421074739 2.5314454383047456 1.9477275038034896 0.9867607819569776
1.45109449162562 0.2636956885450866 2.7590910720501767 1.9134165482360364 0.987450724483821
1.410701281627698 0.18923311538652976 2.679584030919888 1.8951762670266112 0.9804765539130249
1.4446129036230109 0.24976528904255346 2.840287344866062 1.9021616428822428 0.9523334256009198
1.4664337272933754 0.22062080471374487 2.693824995084869 1.8682391991823022 0.9925553600682593
1.3985269026384566 0.1369200478394638 2.7462498971172926 1.9294365882326032 0.9227335796560949
1.441417437516185 0.18200790144514295 2.7895728048081145 1.8743900310336075 0.9425979004821964
1.3655724204292916 0.1664242351114045 2.8275549169422467 1.9750658705759854 0.9720513650548751
1.3984764769709215 0.17335975291666925 2.6750605940498646 1.943609879764823 0.9583883089054361
1.4820964996854582 0.2658961394479934 2.892010202986657 1.9285666911475927 0.9654885902247327
1.483880218826399 0.2832139967911033 2.8538491852109433 1.967403911147371 0.98363344796002
1.448557272715993 0.2459796765206 2.560749604437258 1.9894321662993575 0.9742477203831774
1.3963183023340284 0.18392579637782427 2.5993638367720835 1.9786160247242301 0.9528251175612115
1.3834360904054903 0.12541514570542822 2.898444949865507 1.8389903406750039 0.8623825081941391
1.454095641577905 0.16296089234601308 2.6718285407684594 1.9930235038889277 0.9450959672286684
1.4852569562646774 0.22247603423764478 2.796032971969157 1.9535565686529452 0.9415400734695792
1.428379412507848 0.20683214422605298 2.4714811123334144 1.9440545405789735 0.9908627699399459
1.438948429854872 0.22348996576591243 2.8854873782729613 1.9358881917614483 0.8981584560829469
1.4562526082328808 0.2643126199807498 2.7657151022287207 1.9311385567798671 0.9824280742130637
1.4799545254338722 0.21206703431494256 2.6763226756461007 1.9768950779019876 0.9502861414401685
1.3673500572990742 0.1422113878623392 2.8410832529529575 1.933019339758158 0.8706276894077937
1.447199665772219 0.20020313995689729 2.775523669262466 1.8709662457567633 0.9518699797764049
1.4489253902202057 0.19148322006667812 2.4612594799386196 1.9582493887004597 0.9903871554691208
1.4658965655982041 0.2148007048532027 2.5599866560841233 1.9409928558183775 0.9846352444882203
1.4178234885866785 0.16165225928280277 2.8812469196296235 1.9509699988615556 0.843968539187109
1.366162532399588 0.16285878278090946 2.767343387617326 1.985461384316998 0.93013352339587
1.49721468947702 0.2140516233262896 2.8397610946945218 1.9129281552074042 0.9622483195332662
1.4935045947844157 0.2015345598052814 2.8880584688207254 1.901288516806363 0.9492260437260611
1.4114653874812721 0.20383255171655246 2.4988155647957138 1.949271945773703 0.9980594738261964
1.429500802351558 0.2160082046765853 2.689808346821106 1.879922147268058 0.980516927718697
1.3509838897916686 0.24746942913125852 2.898988392373058 1.995382573825199 0.9456561084067846
1.4572512406445466 0.19228990719686115 2.5639496203272136 1.9545091483849955 0.9734162531105381
1.4218933828646407 0.29758481112667556 2.850038059878532 1.9368430782269164 0.998522520860683
1.417905092313354 0.12691876152611758 2.888870334781124 1.9188045048837175 0.8816524294680566
1.4648980422221345 0.21752695103129052 2.798506078226617 1.8453693398145208 0.9761280746563967
1.3779310157772071 0.22899676642564767 2.5787985431422107 1.986048217955634 0.9977444705168481
1.3896521756405427 0.12223042255684476 2.6842322387855218 1.9739018962601 0.8623425465490817
1.4670144961037057 0.2639578971231957 2.897290155756973 1.9231309954790672 0.9585170738746577
1.4366262281008455 0.17820313871762614 2.4891763760754277 1.9873293160527576 0.9763245851225546
1.3601202134231452 0.11611691353017792 2.885659814964045 1.8881628416335963 0.831515576320957
1.4186335751805736 0.22604843117419926 2.8899245730525562 1.9893780671537722 0.8810680597461529
1.443512998042659 0.1467679494662976 2.8585511240756922 1.9900708953681234 0.8817038292360749
1.3411959488640481 0.10434726349444377 2.8381479336690694 1.9739247638041655 0.9003095087461439
1.3663493564228237 0.24768870907299975 2.8316142457341233 1.9110883640453944 0.9930393414306391
1.4733042631073556 0.223188753131016 2.7851565876578173 1.834028293045592 0.9970058188349389
1.4128983877618464 0.15301672356350873 2.84879666848182 1.9332034431687881 0.8664219978432635
1.4151347962282919 0.14541174559481884 2.7958307060748346 1.9242257346793907 0.9128819293923357
1.4769153986152066 0.19499004386500235 2.8447193074621673 1.9135988801404527 0.9390199590164094
1.4715671244136048 0.19039790063897427 2.693299141514338 1.9719277889158822 0.9474819684909516
1.3726220024202536 0.11633912659711629 2.7480454158038774 1.93738161707633 0.853646482185502
1.4482874000215409 0.20931310027125374 2.6444251384487165 1.9624477851292954 0.947047109509106
1.449546057820716 0.1483292695922226 2.889536616170173 1.971605119627889 0.9002758943614785
1.3600535412768915 0.17943702165249828 2.899325034316324 1.9953043449195076 0.9939118390193065
1.4215219836940403 0.2775313018019311 2.7200561915260084 1.9842652690723948 0.9867169566609927
1.4129025878394756 0.268841354016528 2.6159364596779904 1.991515536285833 0.9967142962365212
1.3849295789338472 0.2276937518029529 2.7843149675944403 1.9738311965064905 0.9408686004368975
1.3989541765020268 0.11962331465036825 2.8398851639138116 1.980726590933899 0.8028905009433154
1.5013752457523752 0.2241845840982305 2.887408188073827 1.882695116884408 0.9750341668592476
1.4134857615851233 0.14424421685711963 2.747500624509492 1.9659552848298982 0.9597378881512861
1.4128125618812721 0.1539306994603117 2.8618176431755042 1.9407108661764567 0.8592615405706222
1.390468393324291 0.09499515388709528 2.8658483571981472 1.9361534593614271 0.9025630155479719
1.4098504855573486 0.23819641628632982 2.854739189661142 1.944794396374876 0.9287619865405672
1.4883135432820398 0.20300723873278687 2.6107934096934793 1.9691851036219383 0.9887221743067023
1.425906169646161 0.18724465917448344 2.594377464690513 1.9593639286356193 0.9612320323269331
1.4970343895313227 0.19010165040182592 2.6594729071046106 1.9851038054971932 0.9956286267006387
1.4332952347968302 0.26505989275940783 2.896098181369571 1.9937350772132385 0.9249943985532444
1.502331829854953 0.215927990314597 2.6747033879704882 1.9593927660288368 0.998179380362617
1.4133283458624921 0.2491770621060596 2.693748769021059 1.9738973370384405 0.9684154528710981
1.3780992311290883 0.18374171601619366 2.7104926215847236 1.9972561634220454 0.9889773222570958
1.4127935896988384 0.27159959856079025 2.8756501116192323 1.8848312580666142 0.9875028318368742
1.3766168205603844 0.18356441569754697 2.8908705923588385 1.8950722270214884 0.9848998632586057
1.401261757375989 0.261085764622812 2.781646964919618 1.9527317035132676 0.9745297864255745
1.3932297542267267 0.2088256768540098 2.701961023688061 1.9489750572629665 0.9657726652657956
1.4946568877412902 0.17374620790330114 2.8694072581759156 1.9713819069893694 0.9734429854551276
1.4431132046039834 0.15439169867860444 2.8565630272288627 1.9995628336271178 0.8717835346610598
1.4244363368166528 0.16454584981905476 2.857358173300648 1.86575526224092 0.9820042724556924
1.4420215179384321 0.18190048816507673 2.876136152331377 1.8821123077430242 0.9188886739994441
1.441083953934894 0.20563898763759875 2.877064964605266 1.7989017331043524 0.9665597754093295
1.5077115523185365 0.2209942003065852 2.889746429730037 1.9718433501736101 0.947735025751053
1.4603145390296302 0.16385209678424478 2.7939939988846145 1.9469602355174114 0.9934521338605765
1.3986909147920414 0.1522310629826078 2.7398752003233477 1.9544649321798462 0.9434798398991958
1.411742455203925 0.1342755586086525 2.7500105850800836 1.9926725039869173 0.8776260166815752
1.370510631469968 0.18012857420599585 2.8895750512982636 1.921131687278974 0.9494383291776198
1.395371735393993 0.19670341937781924 2.815169612761448 1.929122892462804 0.9308939007557822
1.42368307077692 0.15911322564556862 2.704776328170828 1.9615005488423083 0.9498535870184306
1.4466182396776956 0.2496987820575101 2.613037240969618 1.9598494161175473 0.9958017013795214
1.4084917513979391 0.1394773066237772 2.8859668484533048 1.8835683101371952 0.9367002788497263
1.350400427941048 0.20065076661956543 2.8923676505677385 1.9844145918446598 0.9971300696065549
1.3996312650340221 0.19353319053799262 2.666113698676085 1.9789723140394846 0.9457790026353307
1.4660611385336642 0.22455830280109293 2.8353229857313176 1.8284102523787786 0.9880881676463446
1.37658076719541 0.19938610636098755 2.7454166736802104 1.9950280792811053 0.946423188145186
1.439031979190497 0.19734326782709674 2.5709325345514387 1.9424051819030148 0.9847846894156789
1.417318488387225 0.2135951950939718 2.7476521375609524 1.8668391575946843 0.9876837427307854
1.459965230586821 0.2231163425797999 2.755525065660708 1.900687669867968 0.9720661416870758
1.3469961586938535 0.0955411283142956 2.8712060281611453 1.9580630299229025 0.894581928754061
1.344044453669656 0.2884757773940297 2.891034129213339 1.99593756239747 0.9932396514881986
1.4241738975627003 0.16692171431587982 2.814895051772892 1.8922936582041523 0.9494061780119206
1.4090760918858427 0.11728592450953486 2.8782518199911618 1.9934919274704812 0.8190411411571039
1.4778055790039897 0.24190983345860476 2.885665474101409 1.899226521697367 0.9635261846912602
1.3818480804244024 0.2621387567313738 2.8922993786481466 1.9742659076557685 0.9499395060965241
1.383833490349324 0.16406423457600816 2.8605749935108653 1.9704591406040954 0.8685262989458198
1.42471544996631 0.1447269329944669 2.886495853805537 1.8997839917766706 0.9423798750505546
1.4639164188372407 0.22812115425458226 2.876245373613535 1.7902978065120019 0.9952802696854701
1.39652647688593 0.13472852799296872 2.8680452772154625 1.9087989199546787 0.942030763752115
1.4990468497286509 0.23938821087234216 2.809679227342458 1.9962180226219772 0.9603417303887702
1.4073866893907052 0.24519970800473576 2.8599567371699632 1.9376278814009666 0.9458307823996069
1.4714899734933442 0.22307931073002282 2.7647731147296435 1.9580370108342642 0.9513927724296818
1.4123335326671782 0.18409688625003007 2.737144503086094 1.920289237501145 0.96129166410473
1.4180860274759206 0.17050040035508615 2.7117747475673055 1.942528564518083 0.9700630559574247
1.4350144524633706 0.1909670159253065 2.8493093948440222 1.8082804372211434 0.9845831441009117
1.3836787414370302 0.1912388823831503 2.7137462832941015 1.9733449850440234 0.9837715829433931
1.4213923392516625 0.20329319487305225 2.598258474992369 1.9549623837456993 0.9750994060649025
1.3707425759216378 0.12093287337776217 2.848830193305337 1.9249459555987116 0.842737520741119
1.4503578538458426 0.25629303028725653 2.670631287997223 1.9723685703878564 0.9896809715940703
1.4398849478043556 0.165641033392131 2.879307444694105 1.8888306521197515 0.9322967855136658
1.4176234096076639 0.19165833558598364 2.864380292011261 1.97234956107721 0.8784637432743848
1.4814326212367717 0.1903495219797593 2.8260510232168508 1.8878988516531856 0.9825096623898958
1.4706889234253195 0.16041943239130418 2.837285568815031 1.9859418930924577 0.9940467977418785
1.428151390793254 0.2001500948220075 2.7373533699695525 1.8808816379187931 0.9795451627100695
1.4452676018710746 0.21103002466682141 2.835248772723715 1.8590008034189545 0.9599422077889469
1.3738669598177522 0.18562076593686327 2.8013728621555 1.9809069532177355 0.9430069589738855
1.4631491747836236 0.1562666456163447 2.8931767425457933 1.9562450534096132 0.9756755290878049
1.4392914294600887 0.139165293339613 2.869442261141122 1.9986392461457765 0.9062488542886769
1.4557615770412524 0.19615580390957035 2.5593577719051557 1.948871107796681 0.9956901560029255
1.4902943253495398 0.17557023700550276 2.85438912501473 1.949069372931185 0.9872340474718471
1.3555821694278898 0.10131561939341631 2.7555098655650196 1.981072878319963 0.8663971315033556
1.34898613140283 0.11605933712394458 2.8416563650124096 1.9709546459079956 0.85568139757963
1.4260422603952252 0.24937875420763522 2.788589760566912 1.9053509725909459 0.9846608346131206
1.3415918223017966 0.10235235997705522 2.8789992835483766 1.9773921658875764 0.8496656217950106
1.4935392219657717 0.2409627215807568 2.8854937382583623 1.9089912041335078 0.9771277508390551
1.4502887274865794 0.19390403418515276 2.7502351853020652 1.8791959449638702 0.9822277864046628
1.417323614540512 0.22946393048594374 2.781557664387947 1.8834624350169094 0.9818681598824006
1.4875183398456142 0.2582980027746774 2.8199201744965614 1.9356495831015592 0.9963478028884238
1.40060840284995 0.22135007386888314 2.8220156726323067 1.9722899570924688 0.926001830698847
1.4119736590875034 0.149009825724913 2.858827656288346 1.9929120682779025 0.988697534485193
1.3632906263010471 0.12878961677652084 2.8818178385334488 1.9304633865095366 0.9182511179800594
1.4275549253104058 0.1561492242272992 2.783564308243678 1.953957651049888 0.9717874451958872
1.3781781702444607 0.14887579484261731 2.7608707853352503 1.988616857317661 0.9170300453931433
1.4655635634471265 0.15986086156945364 2.8740226412991277 1.9703998307321038 0.953823584691128
1.473818469907194 0.2274651212377956 2.6935355579775218 1.946177460143808 0.9833920968704767
1.377436997560127 0.20281062607647565 2.748431686630107 1.9718287867173079 0.9790647052582824
1.4700009907126281 0.19225312070211212 2.8793538796251803 1.81055288944498 0.9928397832623558
1.4493545850526193 0.15292127904747013 2.833702935013199 1.986046519632298 0.9330782474967376
1.3668496359066196 0.2064872585416824 2.8592351391107615 1.937825656637502 0.983941982673715
1.4779370320294238 0.20589481318622146 2.8154656503963738 1.957137302464032 0.9416140796316885
1.4493809183615587 0.18640286252346067 2.690173053566639 1.975450293130755 0.9431941570066802
1.5016230272377427 0.19637970269063537 2.8289551609561148 1.9193282972752763 0.9966721592202137
1.368840040859292 0.08692644449321009 2.857817627890266 1.9760266728826135 0.8338432794003056
1.386305687698778 0.17274333782975776 2.770483135489254 1.99031468925792 0.986680437842122
1.4193187778528893 0.24681089799194972 2.877477251694592 1.9838105052869874 0.9240363871879377
1.3665899726985686 0.19075047562899772 2.8698987134533867 1.9837215639400738 0.9325220739856022
1.4478144170755356 0.1635541629758448 2.7795142581071617 1.9967360747961382 0.9185141465285797
1.443339858832264 0.15933669870280331 2.892361187645664 1.8978783105958088 0.9787913017986076
1.4468657861658423 0.1749660937672285 2.885527214908988 1.8336222173290486 0.9876633398955108
1.4689197663156022 0.1999352983478708 2.5989295765324023 1.9740066634099749 0.9816188048786338
1.3609506784749483 0.11145930819708609 2.8072911059860863 1.9863783540325424 0.8141350882790851
1.4237429582833472 0.24201496161236782 2.834731462046774 1.9477099209840345 0.9468330031712454
1.4012188166450952 0.20321356824488948 2.598198773612279 1.9906753581808971 0.9751432829784332
1.4123050898896055 0.2150563780222406 2.8832997518385857 1.8801127312993398 0.9444890995850164
1.4828040447109307 0.24326151480145042 2.8656691995342216 1.9287687115805299 0.969304429546993
1.349334447062812 0.08814885177215552 2.859039400217864 1.9925744368684115 0.8594387257820518
1.4109276383180145 0.17591198757621826 2.815670975811377 1.8942463036276136 0.9802567170284948
1.3672842589145822 0.11387337248623539 2.690902746374721 1.9990088724550863 0.8970836132970459
1.3708276301006705 0.21625828122028395 2.896969682348842 1.8781983346215378 0.9998472968359726
1.4006665283163484 0.13276632169712532 2.7821266786557572 1.9801827000154677 0.9386141626488934
1.4047955668314458 0.10834684524137937 2.8937731058821354 1.9870963542554685 0.9315952511287269
1.3689568503497371 0.23144076200878957 2.846732558286415 1.9934450153684344 0.9522831165354256
1.395623380307407 0.2910568564488907 2.847526092356713 1.9692968033665148 0.9988299167335265
1.4286221412387174 0.1720081458766824 2.832920185965716 1.888673229313072 0.996858527127457
1.47170316429604 0.20994441287160392 2.639137948864683 1.9579679133048495 0.9848623548277489
1.4623028859444087 0.23504194298777123 2.768733853384351 1.9863708735166477 0.9483594294864544
1.4975065374594916 0.2474426589651526 2.814749235264884 1.9821337172097562 0.9794309004819981
1.373971720915712 0.2112140531521761 2.7540060609626535 1.966812811974037 0.9964632966916255
1.367801504914841 0.2747971883151718 2.883952844799523 1.9760936865195862 0.983358475041257
1.4334658276767778 0.16777890792967198 2.801405839289254 1.9599464816590104 0.9166510062430883
1.4162323887712245 0.14687752320702735 2.8558004377477633 1.9731581434728855 0.869707051852972
1.4598377011217667 0.20811757740991754 2.5581853459218933 1.9663174331736206 0.9909192794825913
1.3730874863604492 0.11235856695178387 2.774952239553058 1.9941240898220218 0.8170755053332264
1.4156785197773218 0.16297970284743837 2.8246356840692664 1.9399561523632514 0.9124053166679366
1.4510083727823826 0.19718069865116927 2.848031447207801 1.8241459152181787 0.985270411327329
1.4992220199511987 0.22528444263959985 2.8473222452046696 1.990250824570016 0.9539158449235875
1.4435425446776338 0.2841507408381838 2.878507471732297 1.9360100278125343 0.9963522462533847
1.3797226600497319 0.19557356273561427 2.8356286360686513 1.942022378776078 0.9649412721420153
1.4603691370315035 0.1640222364986802 2.8062970616497243 1.9680230030762706 0.991870457057083
1.4597985766455517 0.1866375809729357 2.840001100951571 1.8478100685661325 0.9908025716854341
1.3877989124027672 0.13227870486731289 2.890250410537469 1.9033188236740146 0.9152200481726561
1.3707313590173595 0.15825075482826398 2.8536224821945644 1.9793607912565068 0.9113330706189968
1.453697475394895 0.18192762846657634 2.768582773807295 1.9351544523013393 0.9591065479826428
1.4551544969746981 0.20502816623454323 2.8911663148202877 1.7922284972757974 0.9870456509311296
1.3477629261927677 0.11200544423582637 2.870247739909021 1.9700096935943345 0.8553875262609762
1.472071650018977 0.16861410486235262 2.898084282653323 1.9947312464267293 0.9240260136131354
1.4208491914395127 0.17969451674036693 2.7734831426230726 1.9547275682471221 0.9268337575407125
1.4435190164915603 0.1715230999009513 2.808126999345826 1.9988668807632355 0.8992362189565016
1.369395956579339 0.0988359429153008 2.734005556542799 1.9980265383024347 0.8471541192666309
1.3606855247513852 0.0951676206813376 2.809642281677937 1.985528725657285 0.8328807712835502
1.3561895215758446 0.2660826089576573 2.8840942074240195 1.987951557748265 0.9849072631880111
1.3805531123895882 0.15248464831348535 2.8580360434520795 1.9659198335843462 0.8871444375735669
1.3976223629167217 0.18113894778340683 2.8620146283451517 1.913026631814794 0.9370088048364866
1.4454083655777705 0.22582402058589565 2.8742350590628205 1.905628473609802 0.9453227868166917
1.3575167683103502 0.09349327162945563 2.812262592712587 1.9938489658400897 0.8377654993027001
1.4126862329614402 0.21596171066376102 2.544876494408811 1.9977314557292252 0.9832832367281459
1.4328263230117209 0.15940000115931452 2.820914817465167 1.9402186266691683 0.9702065796726724
1.466584791784963 0.1673016364568292 2.816390239666765 1.9600624252166141 0.9902222200993421
1.382603532933317 0.23640574310763943 2.8537425075892533 1.9402737995446235 0.9698880792025937
1.3818506151035332 0.19400760242853687 2.868276012571287 1.9754965454515774 0.9188296870891366
1.4738713423173109 0.20304905132337636 2.703175080093099 1.916463502784236 0.9994948587821828
1.3634282188778923 0.2565680666477995 2.87009827234275 1.9464996868823814 0.9966805043829489
1.359153548030187 0.12406702135121454 2.8819548862363145 1.9427450701171356 0.8920261985001339
1.4110748371800328 0.19115473266114524 2.8467016782218035 1.9643397502600703 0.9038065816745602
1.4175967624317019 0.16671144356220882 2.6631321346117685 1.9985249409548964 0.9679038211375361
1.4441448058096662 0.16873139007578283 2.7078342299088853 1.9791168633939715 0.9914610455620352
1.4808671643076856 0.1891310490385482 2.82245096523297 1.9647472210930315 0.9556048407686342
1.4894240907936518 0.2535963813835243 2.852050920645302 1.965613869260243 0.979992287763113
1.4407155444723618 0.18882521873643154 2.8725172121191007 1.8322804202217384 0.9765592191258762
1.4455324456364294 0.18387599123619613 2.8093140950209956 1.9019094436226143 0.9626545661320253
1.3965209330083543 0.22785003426980283 2.840371353091774 1.9220061495895528 0.9660341631321518
1.4820713359413733 0.25889429419034143 2.813620457810437 1.9909302419133086 0.9791654139390349
1.4200583758475331 0.2868408764133051 2.8588297363386506 1.954238619888606 0.999211066758203
1.3957536976936502 0.17958850374344737 2.832894167347875 1.9244161642091375 0.9574866236959138
1.4585295656471562 0.16042283193571638 2.807497548950069 1.995898427221239 0.9865702612672744
1.3638359192415233 0.12546878464289832 2.865999736616783 1.9477495513830207 0.8969562675147157
1.3765843301834866 0.25961756132716646 2.847375930934752 1.9549264591014044 0.9903351267941775
1.3715860120451304 0.22923610652705279 2.8250802491112523 1.9667699346219871 0.9788908620635692
1.423223638668568 0.18519426537364642 2.6720753829835857 1.958825224626665 0.9754952733404139
1.4168997955444986 0.17812774217566515 2.8419236152116314 1.9553780431249637 0.9050718328089384
1.467828066465581 0.18074413612538273 2.742688503187842 1.9744199365926078 0.968991545356031
1.4231704112863615 0.2387606732028933 2.8835583425625684 1.8681330609779343 0.975528534912086
1.521005005799315 0.25972206421072214 2.8965869271197415 1.997560812134904 0.9987190003145154
1.4221444872470643 0.15072133059881007 2.8679128909497127 1.9595155279160432 0.8956783518934858
1.3893681463324843 0.20782396223134705 2.7592193350798193 1.9422214889079854 0.9904177663463531
1.4729396069911187 0.2214713623673543 2.5567260846281354 1.99574646951848 0.9953377716002509
1.401143517349198 0.2319606651712694 2.6460916630647304 1.9918164323140986 0.9852716343131774
1.502718071108382 0.2112546713569284 2.8577435253673342 1.9105376566082386 0.996565806916691
1.443588358630692 0.239894199708816 2.8030051371680327 1.8850900527853713 0.9939690388100942
1.444435468495374 0.20460434251504367 2.714989923585392 1.9445779028702976 0.9649846651448848
1.4008689447288076 0.16740942149887406 2.898434680766257 1.9090698942455402 0.9180819007758201
1.3814069425196214 0.21120875858476215 2.871306036845759 1.9635410064792813 0.9427632497714784
1.366629686281135 0.1592709616637804 2.8671508791206786 1.99919392137089 0.9153254173139322
1.4100630568744812 0.13492149997330233 2.8797192731200596 1.9556615174471812 0.9450357326744822
1.453848535267018 0.1872040677061356 2.7221439450251346 1.9436600975368568 0.9750381378046391
1.4349876455900898 0.28739933529632944 2.808306731087798 1.9977750354594845 0.9980261403910203
1.4358395005892584 0.21844818068515823 2.880941087107935 1.9185332870915732 0.9354581702585905
1.4103139494355295 0.16912812107284458 2.7941497963852324 1.960643908969562 0.9274634983452601
1.4023339110017616 0.20262867928482695 2.6622264590242373 1.980856648568886 0.9775555623146394
1.377322336228958 0.14751997065233144 2.8590512330755566 1.9916002771621681 0.8705136475046479
1.3690336509315908 0.14944465760707265 2.8919252059767975 1.9677514639466178 0.9112164533554832
1.3529713641288565 0.10840150650319258 2.8389848382500666 1.9766711529152368 0.8830648010345789
1.3755440800538827 0.230242835706048 2.886992809920861 1.9981713997904418 0.9393108562239004
1.4414517079171005 0.23111533051952102 2.7372317320395396 1.9480809335574516 0.9737273703077923
1.4182767659145847 0.18935883291902866 2.8850094324098787 1.9950168608978105 0.8779643407153218
1.4139858272127497 0.1857615763966379 2.828102867948046 1.88145479306112 0.9915949851468042
1.4358746139053746 0.16808283711634947 2.8854287199850455 1.8856889933772782 0.9891337944096315
1.369377950021565 0.19188814274360452 2.846170923810302 1.9941128924106848 0.9597283609521995
1.3773714489891364 0.10520512888861884 2.7354573791993384 1.998971527053726 0.8958145604717872
1.3939582284607437 0.20183391073159762 2.7687814001734328 1.9516021248609245 0.9739102327117996
1.42544791286734 0.1895037924420756 2.8711351999666004 1.8607153145110267 0.9638573493117871
1.44653880595778 0.2600731594775627 2.772014456873106 1.9460949641291254 0.998587827017465
1.4292790478774893 0.19523565074215035 2.85117218125518 1.9348108386875074 0.9249209614723914
1.3762709683185461 0.14056063404507935 2.8909506905078555 1.9772923129104696 0.9534549539209457
1.3976118437558676 0.1234460811219877 2.885114461996782 1.9541689525426442 0.8566872720167503
1.3681409506460733 0.13403163486106867 2.8398077722399404 1.9842243248891993 0.8869113585168319
1.3570672336243426 0.24644377809450346 2.835719288345035 1.9954496351591624 0.9932081756042217
1.4843916886319213 0.25560817832232047 2.8476739953060055 1.954354341215008 0.9893055107315256
1.3907121210784934 0.0988709001448723 2.8709074324881083 1.9894885641714826 0.9154753522961931
1.367435176844013 0.11074279452028853 2.8420142214115502 1.9438583853978126 0.8698183895068506
1.4469846312574242 0.28826000877022284 2.884319849541035 1.9752130682552058 0.9934842036117941
1.4327313254340779 0.24213157240713828 2.828350538355779 1.9547840479639835 0.9578400771172633
1.4510339000802106 0.2413617126256089 2.7324801635740057 1.9422202831742172 0.9912744527616695
1.3876194772697477 0.13639897344419438 2.816266930805171 1.9782936286988433 0.8899598510132968
1.4523979011308827 0.20634160390918846 2.780375224264098 1.915425374678732 0.9691267247457813
1.4511630289473585 0.20570833267720698 2.7033572962656875 1.9946325295509586 0.9471976538687485
1.4981365753344313 0.24544885209785988 2.809622371291622 1.978929910487102 0.9921420533089294
1.4880343802072935 0.1947068135359795 2.697683654107086 1.9974457653703215 0.9874753985013293
1.4590395306739896 0.209780722654332 2.7333588567053395 1.9605544758376041 0.9634254685739478
1.4022418911196408 0.24000960895674356 2.853049781503567 1.8910890164303533 0.9904333189317583
1.4490494478244624 0.19517030381533323 2.8066442683688964 1.99942004342395 0.9139190090706663
1.3786891664656193 0.10728333340955391 2.799685976463378 1.994348020493788 0.9234288471209975
1.3952196890347281 0.21814486164831728 2.787126061509897 1.9285234364272106 0.9862451790036368
1.4349724536937318 0.22058102367280955 2.8431839678869437 1.9338431978010895 0.9451428471795077
1.4397426407099738 0.217422561445199 2.85514340208272 1.8855039091065282 0.9633494138929174
1.3931604931497275 0.13298695571323468 2.8965434670007757 1.9920753837013108 0.8261807801859429
1.4370828408309508 0.2133829332235645 2.8146278069747677 1.9914364615892863 0.9205225298719055
1.4191555539352096 0.25256887778404385 2.7079884802100564 1.9893880358779534 0.9869479626301574
1.4188513732425097 0.2804453694835614 2.8469612185511632 1.9678087733337564 0.9954060290284251
1.368755193895764 0.11129077121493751 2.8919555851817482 1.923705387619615 0.8537935435506472
1.471857090196986 0.18207671819873866 2.8783347082638997 1.9877101439762666 0.9277406839697819
1.4673172306542188 0.2225963526195001 2.746230654454326 1.929054866705041 0.9884291997257706
1.4256578249954077 0.1908951251991929 2.665628221198334 1.9763879285500678 0.9680766377575772
1.435747418177292 0.24253509206081275 2.7859426226916493 1.921604689330278 0.9884979907503469
1.473686825854823 0.23572361851041665 2.854944454093102 1.8843681065519757 0.9935271198384632
1.4413862494326746 0.22482698895760866 2.55926663032371 1.9798724772919147 0.9989561035376172
1.421251597575918 0.20177690079994556 2.7672752412855752 1.9194013510109578 0.973932418094322
1.405398632481456 0.22514946469184244 2.8324328266761927 1.9954771480376627 0.9321649425775106
1.3748534313295657 0.1166757041952295 2.881428775194431 1.925449632351866 0.8799186387093593
1.4174912227266603 0.22568750777517801 2.761697453513318 1.9372778767901506 0.9773560666619162
1.3880679080683906 0.18068232111246285 2.8874063447684124 1.9432744870071075 0.93415132341284
1.4899084941306693 0.1890051776799362 2.8046794914461786 1.945985013352442 0.9994011400731095
1.5018123707337159 0.21000954756608428 2.752999093341805 1.982750239045251 0.996989261957906
1.3928682999496342 0.17315246993278188 2.879825493618719 1.9394758728335473 0.9841503932940022
1.4676757320289573 0.22373222483247937 2.741556271534359 1.9611940384858106 0.9763275655115465
1.3994863485539897 0.14645132958758192 2.8779179398092176 1.9860693821277509 0.8622679089031227
1.4360141037961658 0.196393131323952 2.8708205655321737 1.9128133056718963 0.9372717684353664
1.4013110652893603 0.20704808583753792 2.801494496044531 1.9347258848813673 0.9698939993964782
1.4617022910132142 0.1988960095417326 2.7888786987899477 1.8809381990210186 0.9976224501370122
1.4288891812671416 0.24086778897570357 2.8553699519332993 1.9676093690675902 0.9476655418828492
1.402726382868929 0.18456651417948336 2.845558039695967 1.9252284134821773 0.9552193300173442
1.4661706753116466 0.2091405348888824 2.8435446984028565 1.9012210789538169 0.97025183836894
1.4247483101783047 0.16781602168244603 2.893759440627836 1.889035188079227 0.9657777442545461
1.473870219680706 0.25277980393963434 2.8795354895168566 1.9024489831305038 0.9972454852973675
1.3678686205930959 0.10299693159283595 2.8482534939558044 1.9601568893686931 0.9017322089083233
1.4080709318469844 0.1655020700816884 2.87914079561212 1.9137002809113999 0.9485700881293658
1.4443156408205442 0.25731660437515 2.844269614892106 1.9212164012602049 0.9921671766819681
1.4153876157544913 0.19833706075320648 2.8990030377352487 1.878754419330774 0.951290468240579
1.4175870769118528 0.23350730243276735 2.8706177536465676 1.9624893394881149 0.9411477319766434
1.4151440747535786 0.19402302662114246 2.859751929032631 1.9336495813710461 0.9327608064270659
1.4488029588753868 0.24452270388370576 2.7873247259591545 1.9203952765033887 0.9955146957626159
1.4490824440591241 0.20642982656620656 2.805517897434682 1.8868171342485787 0.9815844999681926
1.405824141821892 0.2418610926134101 2.776189157022226 1.965277568463272 0.9799782384234544
1.4544597374462411 0.23705351026891924 2.8560600284254862 1.9818104815007853 0.9429079388965613
1.4296805162039865 0.21483654999671065 2.6557843918802604 1.9789378023001374 0.9752213931953367
1.415511850894838 0.23106300464664972 2.880894366472682 1.8379380561731882 0.9985481379065704
1.4375893918120788 0.2252453849657934 2.8611711190355282 1.9645854103883797 0.9340565898231669
1.4034346039143215 0.19955867867620752 2.8997373121304726 1.9084036449954935 0.9436485370451566
1.369821956638618 0.12394581826642162 2.89249177463456 1.9705894942029156 0.9313511758244528
1.4737446012667874 0.18955773480466673 2.8739044264817415 1.9760850798396943 0.936749951527081
1.3996919281109588 0.14779839798889557 2.892842380260565 1.946162475189101 0.8978330300742907
1.4944860748215787 0.22865854798266244 2.823409637956862 1.9302129975978783 0.9997302904346596
1.3763207235929606 0.19059171251112075 2.89124592608833 1.9823176410830332 0.935713031584207
1.4623235860800952 0.18476521990997968 2.7129203648080984 1.9982945826208167 0.9643356463849373
1.4343132814118615 0.21585300142863206 2.8615233116905747 1.8638974360586515 0.977218027866616
1.4296974452647921 0.17441421288561906 2.8438786346361447 1.9435131758621138 0.9337757730083136
1.415290087957557 0.24291978546287596 2.69433715514141 1.969132507467835 0.9977535607829903
1.4700110678893106 0.18968816584148443 2.6544830884288184 1.978702979416681 0.9994950080763103
1.410626804959151 0.15659806209836605 2.84029127871852 1.9570675533771553 0.9589592597211238
1.4087271016012899 0.17393647502478338 2.8147194406895975 1.9731298030307174 0.9249867473776087
1.4679092866826944 0.21813515246360682 2.7458112569060695 1.9892764832168184 0.9615495132089663
1.3834583939578948 0.16169837065714696 2.8528199839005843 1.9793884530969768 0.9349648921276413
1.4261247486690434 0.2236388403434416 2.7094404402294283 1.9485516128028313 0.986215693327584
1.4259051706141233 0.18221884500891572 2.838231097209393 1.9169069627451953 0.9553160452805014
1.4762520801899537 0.18017568503490183 2.85895494804909 1.923726505609428 0.9921927591022517
1.494441949023682 0.24348716924809075 2.7981754439350115 1.9782985025773936 0.9964572946952213
1.415473342562578 0.16308356837223825 2.8678970808688335 1.9347226113452298 0.9355381521624426
1.4681654478480821 0.237028791876719 2.890600165196529 1.911341095815972 0.9731357228804859
1.4130575145230946 0.17515768483519917 2.739476020631387 1.982024436889259 0.9857600867229649
1.4497348054579269 0.22746392227729484 2.8400229360473954 1.922067726438991 0.9668987353605569
1.4129148034416945 0.27780839794502465 2.8636122064200076 1.9822509759206457 0.988430259795482
1.4638918692229375 0.23164280297949374 2.7961170382017997 1.951214123099433 0.9753660774389429
1.4819682681156094 0.19354718410301333 2.8944393829325987 1.867188183821736 0.9980585497606979
1.4245419564740116 0.27670904250877604 2.795846591003237 1.9963358663719457 0.9978249912540454
1.4345058080019624 0.2071507496833691 2.7895944635104195 1.9578530545057151 0.9490822258216797
1.4285426241261407 0.1762941350816884 2.849052301226891 1.9279382003313597 0.9472873044710419
1.4476444788196678 0.2332911711764024 2.7986038388145804 1.9872339232348024 0.9529401971895208
1.3779544597394375 0.206635855387559 2.8929393507748347 1.9637146836431885 0.9564001896072417
1.3982076575196185 0.13066587913837685 2.8545255615956977 1.9977053628069303 0.8636725954453103
1.4557391275384013 0.2012161630531922 2.8481442324249744 1.9550106616982112 0.9387684187562693
1.3882240270438084 0.19599015939882308 2.8586586450117113 1.952666735035142 0.9601220460371334
1.4322036911995784 0.17505480281323452 2.886206517367062 1.9784377463174387 0.8983485407159851
1.3879797358065913 0.16329136488892548 2.8516086972990453 1.9832415378066843 0.9219042097549278
1.4778765046566869 0.19020885672108098 2.839429578446345 1.96781298098225 0.9618112307323432
1.3954086127480623 0.1411820163300629 2.847863741044416 1.9772478432965959 0.9296932520213819
1.4299048117702657 0.2569177818784779 2.7930382953837607 1.9813926913808309 0.982171214836105
1.4060789089415087 0.181436544253233 2.8368300671119995 1.9801646025153237 0.9192690933962977
1.4283846438007157 0.194412430217401 2.6759751454417 1.9651458910796284 0.9847635618329665
1.3711249000474586 0.13684828047067232 2.8948270421828197 1.9909933382160918 0.9363071860629981
1.3815991117356368 0.13058673372609428 2.8995840856609663 1.9466169589867282 0.9057007190620397
1.4796128273892235 0.23133192339449907 2.878842125829545 1.9333537693261973 0.9732168835173703
1.3924041752942968 0.17958090657891967 2.814132989916974 1.9876414345623232 0.9928152694294464
1.3994203799223137 0.11867480378678508 2.890752126308331 1.9723778817110313 0.8757187775677704
1.3749481607544873 0.20774242271440732 2.8850872004334938 1.976817266190395 0.9599310700982818
1.4549685078262184 0.20075160030623782 2.6455494607788155 1.975360211328718 0.9879011242649028
1.4065201365218885 0.24649418591529032 2.7981490740598955 1.96448760528353 0.9843493530061064
1.4612449391205544 0.2143746078884392 2.848231402006539 1.9011877387832763 0.9743618625444822
1.4470817000481526 0.18321920830985877 2.8440844431236525 1.8801942528107571 0.9980213631127293
1.3925463428330729 0.18961381988287962 2.8318535236105085 1.9480456899762013 0.9941713901943956
1.360534676332509 0.23035214360343065 2.860528049864839 1.9984329720706775 0.9895954946842861
1.378313918947117 0.11373066472268734 2.8572944823893733 1.9957146520621336 0.8260196345383072
1.4050325337501222 0.1472528016400175 2.8904748790188655 1.983467507816309 0.8772630155921095
1.397017058599685 0.16393670784803235 2.8315731408784233 1.9900126794711464 0.9177662842491244
1.422520980500535 0.2016277665751903 2.899318560254701 1.837525055316996 0.9851156110639069
1.3830351226701854 0.2673818771982164 2.873346853579274 1.9675097697906274 0.9965018224331722
1.4168663278104054 0.17676245484418407 2.8394339642362505 1.926173451658117 0.9915699094761263
1.4486001977160567 0.23565174825557736 2.8942142299797164 1.986259387210429 0.9338827124764912
1.3833793142048871 0.2460064701569904 2.8324505080709246 1.994864815745854 0.9769445520383174
1.411663225590678 0.15145559421415705 2.8703975843364624 1.9593761161404564 0.9296330548646153
1.3800983973895473 0.20158887498139733 2.8677295812757655 1.9496323766728114 0.9872043755969312
1.4060958688950653 0.2143945146560414 2.8925246571616787 1.8800752377005978 0.9772395903877393
1.4380896205731561 0.18857101261151446 2.789313671225949 1.9535023307673007 0.9561815559324451
1.3718905777982937 0.0981552232943779 2.8889758963683025 1.9588872731623568 0.8659188240577098
1.381503223827183 0.2586127215348675 2.811882766144457 1.998729892570704 0.9935056031337409
1.4106230667314557 0.20794232035387056 2.8772972275660096 1.8714574636365806 0.9839404551358529
1.4551559907409044 0.17756273864229008 2.734998419959079 1.974223315098275 0.9970028980349691
1.4111050921782935 0.2274335801268746 2.83081923757665 1.9061022673430454 0.9891578642401416
1.4106603111012646 0.14083027896774084 2.874489696219884 1.9843732750810543 0.9490841468230979
1.417298731768545 0.2375789174996589 2.8366939027178293 1.9737632107622443 0.9588710109663818
1.4197431883992873 0.2030455976346697 2.6690869768788876 1.986077932520829 0.9784018001023809
1.472620662465074 0.23259317162014848 2.881037543567083 1.9639252443507296 0.9578087119652621
1.4708595466398942 0.1889492338439429 2.690659884989346 1.9804799893861595 0.9993615230804064
1.4925271689128148 0.1834013915064363 2.899019312117512 1.9938166783868927 0.9691607915169783
1.4114658260799557 0.18341426157798413 2.778843571932755 1.9551898660913303 0.9956693260229554
1.35891071474194 0.2520168035615526 2.896705490065047 1.9999644997463102 0.9882477958707412
1.454495935775015 0.19537252805475655 2.818975854862989 1.8925495794792049 0.9901615307296355
1.4451621054861756 0.22059528458157496 2.5961928329131787 1.9843382134527314 0.9993587779430694
1.4547308237783598 0.2031502267291912 2.8257621257909458 1.9995300065881316 0.9285724931415311
1.3905148100120273 0.22436115422553557 2.723575138526057 1.9969305643554682 0.9901205541629492
1.422529885027022 0.23816288721252893 2.7926139330546382 1.934712754843339 0.9912162361130082
1.4814688445648896 0.2135589105273445 2.7703946403113724 1.9503485995067091 0.9937051805267044
1.4259945473308433 0.21536934745889905 2.719319408309688 1.9367264609955832 0.9957476291255948
1.3978179003410445 0.1850116608430744 2.818137086989402 1.9776752048618207 0.9517186593356847
1.4277086196770767 0.1854181195902663 2.8737421968180255 1.9315858691144645 0.9397257680370559
1.4408121395185378 0.19964687121858815 2.72012998206877 1.9570658726479062 0.9793728678017112
1.491619022965367 0.23574333632217917 2.8822743510438973 1.9361188769582662 0.9911272399530804
1.4105729772961213 0.1602749116247426 2.8712703471326595 1.9528922140545362 0.9625369342606297
1.3967126502229061 0.17481067148688367 2.872530168504111 1.9919688051103983 0.9085357372196438
1.453540318845304 0.21503827505896417 2.849790823106894 1.860146300419841 0.9970586467451951
1.3874052781204884 0.21378469068293496 2.7759040151667125 1.9738420747308074 0.9940644500194462
1.4088809224467251 0.23094462606697586 2.8435391241321795 1.9323010582171103 0.9783891947845602
1.4101522413803922 0.2000825741515294 2.8675393738448727 1.965513480238229 0.9322162432140204
1.3980654521893148 0.17542139842609228 2.829894816019738 1.9738693009444601 0.9750517266698707
1.3998937407596879 0.20209932438328365 2.793164910872613 1.955641435200999 0.9810697849858846
1.4165249103350395 0.16234924007165366 2.820676228997096 1.9935350072508562 0.9819714995058085
1.4660380119587249 0.207496919425404 2.8914111409680228 1.9907275673833038 0.9264346987338186
1.4199575477740938 0.22404156658558483 2.8751725071776524 1.9605954009374589 0.9446552157642484
1.400078404279152 0.2883743543024146 2.8898905394813132 1.9957496983358842 0.9995903926641984
1.3769704683395292 0.1046176726481112 2.895511010484462 1.9808043764154661 0.8283675222291838
1.3790392507424474 0.11278670179471983 2.867436767579668 1.9709794651002472 0.9011167980342135
1.4028777591699437 0.17796274862183767 2.8275262266534638 1.9644503625134848 0.9661940666195542
1.4080624030112854 0.24541286366249665 2.8082234896903833 1.9486908663382962 0.9950204319614289
1.431064781258708 0.23194922769781115 2.790721631049972 1.9876637093673655 0.9616919036900496
1.4486393700239455 0.2108534590703287 2.754437936699684 1.9258674486784992 0.9925078658570656
1.4760922637614406 0.19195571972618883 2.876750776163677 1.9085983449544237 0.9879047774026771
1.372563276306309 0.11914319510519088 2.8726704963574243 1.9752544092253195 0.8859342980133746
1.3879604778643355 0.20813552904690413 2.877957046785315 1.9819169336966598 0.948302407338716
1.4097188742328275 0.14878922535140174 2.8494001345097213 1.9967377875020524 0.9136184846832092
1.438701218982775 0.20573328936150984 2.6624187704703735 1.9962635685876906 0.9756762825278584
1.4756899790274072 0.21121877741636777 2.743773072045735 1.953538575031044 0.9979226521500328
1.4043928399050682 0.17459555538179589 2.7874432463871557 1.9989794654755064 0.950111418718851
1.445653105363224 0.1813477721409605 2.742214247020425 1.978666999956376 0.9789145555361641
1.373831677898445 0.1152567539661049 2.8687217080457375 1.9825853172283507 0.8577489186955851
1.4179524571790827 0.18622701130308636 2.848601928140144 1.9068398100620758 0.99352047353026
1.4572014771075983 0.23079297775733307 2.771158977249105 1.9929103046429864 0.9695251386100496
1.4291191179711444 0.22870044728863145 2.7156947108188096 1.9577820594386695 0.9972829620922005
1.4365724179724888 0.17224178313272864 2.834779291014488 1.9530709519267473 0.9728769838470894
1.3940727794787284 0.18991697272759533 2.858638651557556 1.9478065158657665 0.9875813201893551
1.4094290045953195 0.2740412832623748 2.8742567544188926 1.9997657944840124 0.9858563679838672
1.4535771237055966 0.17606833548471293 2.868477727183877 1.9536536257476296 0.9599405012443231
1.4174662052870914 0.22417607337024642 2.885503765014233 1.8724497435940586 0.9910005904698239
1.3859872353768183 0.2158921738902559 2.835168653142236 1.9630143771313149 0.9873788982227991
1.4305254987212401 0.19885970703526923 2.859630662129245 1.9637785647013752 0.9353926701898727
1.4490302823038461 0.17232929173396672 2.764701433329957 1.9997204919413554 0.981743618359136
1.415928963640753 0.21353415992884855 2.7338090494154823 1.980731630491722 0.9769253236767869
1.4960995913873525 0.19464647216744216 2.882800563842236 1.9597853895364787 0.9910349004584961
1.4236161762562347 0.22973758556528778 2.883078930998118 1.965226387977247 0.9489377119069138
1.4406085735624572 0.1853910797265565 2.7427656263794584 1.9745326754108186 0.9782137809527964
1.397405313431167 0.19875387068902178 2.8989245425252403 1.9548150755441513 0.9454091350465692
1.43055589289445 0.1567391569542742 2.8894249446034626 1.99754590734074 0.9867645761562674
1.4249719507984036 0.20536448566674398 2.7980309283558564 1.9400496780849856 0.9748601248858668
1.3775027050260795 0.21807123016009028 2.8319183074727072 1.9975087431463843 0.9825783096641568
1.4895983496699823 0.23188062558660102 2.8020061651643697 1.977504940416909 0.9964337005629343
1.4764315527801721 0.22552745943060562 2.751559257643081 1.9994188501785708 0.9825287040867053
1.4656322391177712 0.22436521244694452 2.833606928767121 1.9152549251348796 0.9926818354600263
1.4527911326919434 0.19226746169491707 2.8694193010205336 1.9433053747490359 0.9526570017504138
1.4384662752868862 0.22869323432633315 2.866767084048037 1.9286308787906679 0.9708550961825273
1.472152995403508 0.20995629539007582 2.843427533327471 1.954999325921373 0.969760898653314
1.4435367911962511 0.23807693201627378 2.898570153913527 1.9337487397286768 0.9680804026340385
1.4636651743390743 0.1809978457240641 2.8968106283855737 1.9445019706506117 0.9633195899436527
1.4417082539569759 0.26653181931695225 2.855151920743954 1.9870647915136521 0.9896048750718688
1.4475634758658522 0.22054266360865613 2.858401538863939 1.9230958412718462 0.9720091847921927
1.417017650822499 0.19368344085767314 2.8565343227239555 1.9292121029071365 0.9655467553592302
1.4316297024796967 0.20172453950245897 2.7684248180472575 1.9850440441306996 0.9573574145816255
1.4505131414937695 0.1756042792087864 2.88636715715785 1.9220013340484414 0.9833313514615749
1.4263133415572478 0.24656530757326886 2.8842093756462 1.9383493579403956 0.979751854986918
1.4195845030756402 0.2569633889418806 2.8484592539977114 1.9772385250344144 0.9849743327772159
1.407639214713014 0.1679971228294055 2.873964496567283 1.9614287978517169 0.9708085411559259
1.4086690685064611 0.27170903095907567 2.8934892550569224 1.968691306329297 0.9958640843237322
1.4426434357532505 0.20342582941933557 2.879489580589824 1.9894566898613033 0.9240962500485567
1.40588208947359 0.2140633128872657 2.7582092149945607 1.9778058913386418 0.9842471216839687
1.41454537815595 0.18987463056268225 2.839319129318437 1.9238186560412551 0.9914278642539583
1.4530369967994354 0.18245064007677125 2.8025870789179907 1.9508749938731869 0.9898041090927314
1.4481065887979523 0.2180490730177895 2.882945016743227 1.946203632397122 0.953353310757384
1.4087884201172787 0.19574598192078574 2.874470853065667 1.9223649518267418 0.9722861466103604
1.4605392871550378 0.23388731230683305 2.8578821764320748 1.9746977541789028 0.9654130300848526
1.368838975979556 0.2506217618877941 2.8928356421436887 1.9847021875191984 0.9977904568514687
1.427900125076731 0.1701785693503219 2.827834741952711 1.984819147271429 0.9962721417910194
1.383601775459717 0.23031722751067524 2.847618889060512 1.9922997543179166 0.9798799992306713
1.442650523733619 0.2414481234098416 2.8532325423355576 1.9462232154603056 0.98256106613539
1.4534743255667069 0.18538788638446732 2.882200774963672 1.890701015376549 0.9948495158286101
1.449840172004211 0.26230894117151854 2.8864961466842676 1.9749622807456249 0.9859672494478933
1.3901531347867968 0.2241740709384267 2.888225112029142 1.9280358812576555 0.9924663100617288
1.3952536459236053 0.21493494398359772 2.88633701371525 1.948899628650104 0.9710645297384112
1.4263896518103547 0.18284275674540668 2.8725536983994644 1.9867414289808945 0.9229246625405457
1.5017757185889824 0.22784135830320512 2.8996779428410386 1.9604205291390464 0.9947258739438998
1.4062287975667926 0.1877173837374093 2.833246014976985 1.952834518373975 0.9960950265831926
1.4055645245766248 0.15715195620052272 2.8725964802978075 1.9898303393301844 0.9587103549718831
1.4698171856551814 0.19965165409200303 2.795293314205305 1.9993161455542865 0.9649621715337123
1.4354698371728927 0.19425110452696315 2.8851147416368437 1.9285039235177266 0.9550955643776491
1.4561410962904067 0.19481011627235822 2.868381528747147 1.9665208356740362 0.9492912435122637
1.4507299226884074 0.19484103958969567 2.808668997291753 1.989478077857326 0.9526406972805119
1.3811458008568498 0.1994248953363867 2.899958881575036 1.9998219180573973 0.9521391637944072
1.4884180483763674 0.21361481730770215 2.8719211403590195 1.9284288929737052 0.9975980161160248
1.4566658498331964 0.25620586322388794 2.879217530839012 1.993431599813069 0.9772977039050273
1.396466146716957 0.21171326797051498 2.7573319325534706 1.9906529815952714 0.9944862475439797
1.429458156030547 0.2158319081898712 2.81900182695037 1.9607644752769455 0.9682113292761308
1.4596396562227083 0.1938410316395673 2.8139240692889347 1.991071980318084 0.9584219833403324
1.4706424782543004 0.21782053764446485 2.84933030218285 1.9995600287725932 0.9557376117587548
1.4755585901383965 0.18189688350001748 2.889216838495184 1.9534541544790707 0.9877393810046572
1.4549142090877147 0.20382377802511042 2.774861707311945 1.959443424418574 0.9832581134236159
1.4424271444915346 0.1715426179111264 2.8332169983076345 1.9866084686799557 0.9669404645689175
1.4506049878714844 0.17821913499009173 2.8856433978609286 1.918330192827172 0.994729137220829
1.477739442626178 0.19840668764340938 2.790391353223566 1.9944514214342681 0.9809149330073195
1.3933500426390784 0.19534736518180054 2.8630140712714396 1.9607054835906057 0.9886530645913477
1.4038362727316922 0.22568425733066447 2.8455825455607937 1.9656260775266485 0.9774948203853008
1.3995300395881207 0.20014338775426463 2.8773693563129523 1.9913689528822642 0.9428199648388982
1.4419443849138944 0.21177779995643747 2.706131106482745 1.987316769781864 0.9862451587844949
1.4028235708893555 0.16044066813048188 2.8888195220707695 1.9882192975756332 0.9296794371920264
1.4279025339085316 0.1854990211875441 2.866873377628487 1.927701389642195 0.9759975767277278
1.4147865071313395 0.18454591517708704 2.8441985070469866 1.9707786415564579 0.9583607388657882
1.4353198413992236 0.20656526151823734 2.857824031679727 1.8982583396997996 0.9886182928872362
1.4014616970327292 0.2111650334618527 2.8382472223696005 1.9891737776581302 0.9627505485126245
1.481152430469141 0.24469005562778096 2.895162457263368 1.9598601646883231 0.9925053641110693
1.4819278618466991 0.23981362698796405 2.8858738051896666 1.9853627034002888 0.9800142185915313
1.4414273126924446 0.19479999670263176 2.817481186574995 1.9897148617286855 0.9510398189659063
1.4510177959851034 0.19724348004561193 2.88205943138445 1.8905189277102155 0.9890605748849817
1.3995553990944218 0.20834186893033824 2.898926554735251 1.9243219999584664 0.9828673519764658
1.4453424125058045 0.1947769543989086 2.764659123796245 1.9880962717788981 0.9715437134901408
1.4423711065225264 0.20643088246675784 2.6920456697296133 1.9889030295370242 0.9910701252313917
1.4036147414689222 0.21039836367548637 2.880582823515862 1.9163713162832947 0.9921757018142593
1.4628140612637224 0.21209813287808787 2.810661749433434 1.961254335401225 0.9815754568941655
1.4045959076204795 0.25598943764534626 2.8314370048571003 1.9868083296974173 0.9996269149927297
1.4541263430251763 0.18347609199902445 2.810597854386466 1.9763315604948362 0.9804385650204195
1.4332143713365881 0.23569996205292496 2.8526948203783857 1.9323846537127682 0.9921995797681538
1.4260478463020176 0.22785125908181375 2.8151576665331044 1.961471417741206 0.9837621337648854
1.397665466539799 0.2602476986875149 2.880726076750868 1.9794802511624292 0.9974919959029184
1.4916945753412407 0.21008259640792049 2.88873815312041 1.9568095102103762 0.9902028173891566
1.418926528698167 0.22487972849836832 2.8992396893543844 1.882015025519203 0.9983162868957602
1.4063956036645884 0.20741104118653406 2.897912287727067 1.9231811595457509 0.9792423568739331
1.462314582846461 0.19960471002559604 2.850666214284239 1.979738360477105 0.9609167342860583
1.4444403969000494 0.18493701190253825 2.8504549403714607 1.9540123124365207 0.9728093785787642
1.4468011960545786 0.21621344448057633 2.7867883827219173 1.9533841694309293 0.9905293194135492
1.443928365134732 0.19242424121535565 2.8873554054774377 1.9011277912390898 0.9868747531743279
1.450967429881667 0.2263878830534543 2.8070513785684548 1.9972770985936426 0.971086881428006
1.4428033150711417 0.2105817872121728 2.889830477335035 1.8978947729814317 0.9849890522421142
1.4423484360203762 0.20884616153595828 2.8577421206936453 1.9245366785462972 0.9821112478896336
1.4379423799197757 0.2279557208115369 2.83583773646822 1.9874987008527032 0.9677630567827284
1.4021268238347555 0.18414707598018426 2.8728654576461286 1.984958424181148 0.959829645379486
1.4032363192693618 0.20580894757125504 2.7841571705723958 1.9927527010821076 0.9882955848633588
1.4511076609134457 0.21798176035001965 2.819458270961117 1.9669981561986014 0.9785345528484037
1.4174591314835425 0.20775184662853147 2.7345768455692574 1.9944430730143223 0.9906128230368508
1.4541488391630495 0.18937076502293268 2.8699668675334062 1.9226492156006882 0.9921287999096091
1.4702570784898483 0.22221174701392724 2.8027388494177234 1.9987064150238554 0.9807644120331286
1.471886911437787 0.18375623143744274 2.8413416206607547 1.992921899895801 0.9857720937162636
1.468289293231489 0.182739230473579 2.844371267350257 1.97434173986611 0.9959882282196646
1.4597569112823123 0.21167300066797531 2.8171734791672978 1.956954890673759 0.9874830972380811
1.4629361697446517 0.2308494328985312 2.8510476099597635 1.9506448268054057 0.9931670998442081
1.4239231858106685 0.19802582713920058 2.8556526655633996 1.9282486991906638 0.990095516426607
1.4376897743053099 0.21892429029189267 2.811503278256567 1.9485908737791449 0.9917019850066401
1.430056383370387 0.2236161354480105 2.8066684295091875 1.9484119055231455 0.9978307639705232
1.4378631344620816 0.23771817734433634 2.798452562641443 1.9996490603540384 0.9851055004662487
1.4644197673696853 0.19216572102580926 2.781386272589826 1.9852755326494482 0.9948670206388287
1.463912571427788 0.20205554079635712 2.8606903217241024 1.9771899005319504 0.9680022056073987
1.4272043332351438 0.20456915092755099 2.876301819004896 1.995908423898849 0.9419735546697299
1.426410960930101 0.21633305162536584 2.897225573718449 1.8867621507189927 0.9983708107448569
1.4324975039451777 0.19986332950981567 2.84371972086961 1.9432789981555247 0.9829398502121386
1.4239826391230075 0.18117622306592573 2.8988699965807116 1.9343975306963899 0.9913851990834491
1.41943514532692 0.22492037041518817 2.7669794779180865 1.9861984418711165 0.9953418532828185
1.4494625437803155 0.1825976304383626 2.83144460604015 1.9766895005310015 0.985439046662831
1.4348903617220787 0.2044173450628673 2.8356065903166505 1.9628870765442101 0.9744577072425332
1.4461999371768834 0.21807516024957835 2.8913367354816546 1.967859778485613 0.9606375007019252
1.445847234651275 0.17358050731245242 2.8581677028415364 1.9853884144829574 0.9982986304068482
1.4272797951468807 0.2294069082383514 2.810493441288914 1.9569085980753056 0.9996128760705362
1.4280411206785255 0.20392961737882231 2.819009447061178 1.9619517852418893 0.983583752570465
1.411250103875273 0.20119317845969786 2.812945350883966 1.977867025613162 0.9887941708668626
1.4555283147845632 0.18625446318453123 2.782541580634181 1.9872127522239664 0.9992901213735839
1.427297028907367 0.19272564475759169 2.89641887192224 1.9083406661805393 0.9952753413377333
1.4466255248937183 0.24772417448675843 2.8270402727273294 1.992982360831256 0.9954238703550758
1.4534361344576343 0.18429903732330294 2.8797487412373632 1.9558120122363345 0.9813836451202114
1.437574368088355 0.18647350417238892 2.795032511867362 1.9868808379133873 0.9873141177428142
1.4765915316385452 0.21784009836651927 2.80828206435504 1.9931760328278434 0.992179183892149
1.4492597216435255 0.19842400734092813 2.878682686384126 1.978161272381995 0.9567545651008665
1.4690509646705658 0.18761755507271072 2.873077084524692 1.962544501330797 0.9925005906489535
1.4039295306293036 0.22315362821250873 2.8652828766343803 1.9878443662163232 0.9769010974142235
1.411666738796042 0.18673479189948236 2.888013046639126 1.9663803528064654 0.9733264866668005
1.3931620048354754 0.227709197358837 2.887318086879547 1.9871615161523586 0.9836105014801898
1.434177219821929 0.17144565358316352 2.884608111487007 1.9924441293096247 0.9660451251703741
1.423895005588189 0.2487331749311694 2.889669950114705 1.9913795910727767 0.9823095916908365
1.4023953322629614 0.20342822455478862 2.8612408246289625 1.9697571629151138 0.9909288041709015
1.4401801768578268 0.21684274643072837 2.775591906667887 1.984462909927367 0.9911813244264142
1.462117176789444 0.20090483338951476 2.833747625955668 1.9671256670313881 0.9885391006268727
1.4394934037677976 0.19590750635327422 2.831750589178621 1.9520753096642178 0.9922226155766023
1.487590762163795 0.19958733493714312 2.8959383877547493 1.9931457847437486 0.9839106906788423
1.4193712471785473 0.23445522692214227 2.8945374448974346 1.9364715900410476 0.9951702563111888
1.452952219345729 0.2070861244764141 2.7889074118665973 1.994513514653207 0.9823896021898837
1.4648798264545915 0.20949785608930532 2.7891419173423913 1.9820592437639313 0.9961240044011311
1.4139526837453245 0.22779251453203422 2.8766376226275527 1.9810477807360798 0.9767516337399443
1.485322025433204 0.2071299533529687 2.8689942066778173 1.9940464164557452 0.987195370345482
1.4483865210996805 0.19212885402381424 2.8588776294480187 1.9720889258726892 0.974640069219796
1.4192826084430812 0.19111816304143653 2.8768044011902516 1.958390700661286 0.9811935959751399
1.4615394351649083 0.19153501257689304 2.8788887525816387 1.9960427729449801 0.9637929650931135
1.4298260595622554 0.1851094242491726 2.8103201607815333 1.9957578576934802 0.9862459240965611
1.4347272995559166 0.17378433725663367 2.898423013435613 1.9769037062344001 0.9767760414479292
1.4676131708849638 0.19398086635210152 2.8821190606768967 1.9622033223748938 0.9863710831822552
1.4271825932769038 0.2340233094920181 2.835849794406935 1.9741168304397765 0.9947234765341082
1.4128683824519201 0.2554722920312974 2.8992672929646894 1.9962023595882095 0.9905053999804991
1.4782514103961444 0.2033139172697633 2.838384996039725 1.9892595222579121 0.9929220221036373
1.4591037907843383 0.17853503579915395 2.896972253294768 1.9773473118878897 0.9868532139741096
1.4416418673391345 0.2202583338533296 2.8967095972424053 1.9887445796971914 0.959003611920605
1.4463592838641188 0.1894950906402064 2.8375018406111736 1.9780932708284202 0.9839401922232971
1.4222957184195222 0.2029112005681818 2.898314890362142 1.9958007882663296 0.9480003445722618
1.397544586273447 0.21417276276759425 2.891894736002003 1.9737704284976638 0.9868145924899643
1.4810424685404309 0.21890222631596068 2.885836118756242 1.9576128134931186 0.999074193362289
1.454557069204542 0.2220898453227163 2.8829543722810596 1.9713222556727898 0.9773188946753713
1.4698489951491134 0.20952069176726137 2.8937173169338934 1.9905975984484239 0.9691323761711689
1.420322761370989 0.20397567407235803 2.868148243986584 1.9431018032103484 0.9942553874172386
1.4159867956780596 0.2146605306796055 2.827508497407008 1.996630298734317 0.9808091718719142
1.4853316750659138 0.20598899549856972 2.895623199042079 1.9614912995774016 0.9992361103368282
1.4624450759221734 0.20488227982180804 2.7709734242101804 1.993803822375859 0.9990951384891906
1.4524076101900807 0.24657150240251285 2.8898324380075167 1.9795727684073485 0.9934432502577821
1.4551375603454861 0.22373388341252629 2.872617753505554 1.9390482050427729 0.999679126686101
1.4424998838087375 0.175251515442271 2.895635240007684 1.9789014113862384 0.9991078095071415
1.4475608628204661 0.22275886393070424 2.86008379882762 1.9907807022992015 0.9759726256003316
1.4377888288606475 0.20164510668141988 2.857686572912346 1.9948136968729884 0.9654243185961415
1.4395576221946604 0.2204480605832136 2.872888633237631 1.9614077099940708 0.9850341083338472
1.4493977241482099 0.18670755961253818 2.808501176938382 1.9973058517719957 0.9963181930608125
1.4316192830738421 0.21894539802575883 2.8818292075923786 1.9967545133311067 0.9653370044308676
1.4388082609498758 0.20119325374351582 2.834088989194763 1.9936143688550594 0.976168295263692
1.4183768216204902 0.20925651440348564 2.825048762230268 1.975788888214055 0.9978465664264864
1.4118068756225965 0.1939672585943339 2.861015984797735 1.9916490612484927 0.983645521975726
1.410433398626182 0.2388408407709483 2.886167908427938 1.9794297424257146 0.9960253479217444
1.4359226249551518 0.23015482794159048 2.8962933303848715 1.9571809835350975 0.990535294377916
1.4364165536716165 0.2013321130487658 2.8803872595891726 1.9518930853749135 0.987658204724628
1.400557654387486 0.22189788485818018 2.87990427622715 1.990236411209631 0.991832223715282
1.4297089890448382 0.22215329281092774 2.885791179465175 1.9585222948182168 0.9895825097424713
1.4170519749928108 0.20613800477919186 2.898107613039579 1.9601445817625665 0.9849138158291835
1.4540913001615485 0.21204997420688942 2.8020595410394167 1.9984659641766216 0.9938409873885238
1.4330819233658216 0.23343265466061344 2.8976431504430495 1.998618157257464 0.976143774220072
1.4403973220849764 0.2144661199421238 2.7935281405580406 1.9958501372124406 0.9959220158609986
1.4655934240195498 0.24020397635283722 2.8823422133701437 1.9946212487400377 0.9982322724774668
1.4361967316845163 0.19402786352965187 2.866889091544159 1.9991530574798713 0.9713055314105453
1.4571332504729675 0.20410680222116923 2.863124022402606 1.9776591052514796 0.9890677205357563
1.4781067360717084 0.21555410704632297 2.8673980951762275 1.998765333428113 0.9944137198260642
1.4075785541541548 0.21585138019935265 2.8689914824923965 1.9873502417188686 0.9937982144206862
1.4118174506907986 0.2066803607657507 2.8854728803182486 1.9733356175031702 0.9916377260029893
1.4401105750229242 0.21202674116961295 2.871220434494615 1.9525951094859135 0.9968147376388536
1.442454846905476 0.2142284860832683 2.8819198794974463 1.9934587401624981 0.9735489920769098
1.4471406334404917 0.22778143722589228 2.863705384620683 1.9905699086254327 0.9901818169446731
1.4642039332991845 0.2242323431571916 2.8855388173191168 1.9838246895647131 0.9917268359733565
1.4702860396740793 0.22522974067556456 2.867376416141777 1.9931074676447778 0.9973298731800618
1.4131771464557583 0.21332862684643392 2.8739076716605934 1.980090384839067 0.9944350314464524
1.422387969358215 0.20189334506167625 2.877962146438004 1.968064151708207 0.994654868349254
1.4160178751208359 0.1830886480573279 2.8988205338861106 1.9993779100865907 0.9959217992981637
1.4262456193230104 0.20565785335180775 2.8948496720051042 1.9658812718438512 0.986890208604387
1.4442391565812458 0.1948575779227153 2.8782792043798864 1.9655713178011232 0.997753529623627
1.4143918863564702 0.19715301200140026 2.8782483565971604 1.986965512228463 0.9966302795981862
1.4578185697831518 0.20161950740744441 2.871362173589526 1.9723138730736436 0.9973314056958067
1.4181727394853936 0.22631388755118848 2.8721626578152564 1.99592750634186 0.9922206779303878
1.4682422798558399 0.20010252726728958 2.8967015346546896 1.9864804678585506 0.9900648762938077
1.4404163915662203 0.22491088504747792 2.871375051563209 1.9725533529175823 0.9992483264707958
1.4360340056373335 0.22545289902397117 2.885690688198218 1.985528212133999 0.9891009929161357
1.4649656048844575 0.19897042986116098 2.8589548043415096 1.9982782994561632 0.9949003999048377
1.4350891816142863 0.1834173818441274 2.880739700915638 1.995699339716749 0.9971563933914546
1.4247978889312538 0.22744000341183981 2.8978356395432523 1.9986114471908034 0.9845299706101537
1.4414770754158486 0.23106402206632487 2.8691715177466373 1.9896182830621556 0.9996456655451482
1.4492685805435115 0.18642250437303653 2.897030087896149 1.9978741027561062 0.9865927835253835
1.4493233716142422 0.19905741340972583 2.876386287736457 1.9919145119134685 0.9891769816164111
1.4624479898936316 0.22875980988779343 2.890658188419518 1.9887360335233495 0.99996195629894
1.4272562031441298 0.19957968025155615 2.894465568835979 1.9882962406280666 0.9860289616882807
1.4213190893520489 0.21003075761814596 2.898670082939709 1.9879519308750035 0.9877451531602206
1.4585147919315253 0.21559134174143785 2.8998402677966943 1.968380854298273 0.9997651789496615
1.4446374146124255 0.20054789004279605 2.8667759304615474 1.991963580544477 0.9979268861918862
