2.097142317172939405e-02
1.807614589700945809e-02
2.912460056744478262e-02
1.827380396957518222e-02
6.032068135930119396e-02
4.913814591113549457e-02
1.860155572653875850e-02
3.083450456586710881e-02
2.879437715688805063e-02
2.658675742024138242e-02
3.163444882717063138e-03
1.375532025624017071e-03
1.637236708265558645e-03
1.791521826484893240e-03
2.164372850870309450e-03
2.014096606936392145e-03
2.103662625700893074e-03
2.411000932350447230e-03
2.324087232771192800e-03
2.968632383613388579e-03
2.330764528875479795e-03
2.458551245773178944e-03
2.530328435391714960e-03
2.987396813850257821e-03
3.159962897131161994e-03
3.611375191917991050e-03
3.666963406209457210e-03
3.904412519954340334e-03
3.995069770008147052e-03
5.182246598707856457e-03
8.727244404369002145e-03
9.120203016106271168e-03
2.247179968965186403e-02
2.997169543484715093e-02
2.666807596403884817e-02
