2.585701258937220248e-01 2.385444743935309989e-02
1.847801225909790068e-01 2.425876010781670075e-02
1.698926055396350054e-01 2.870619946091640048e-02
1.623794190257620007e-01 3.234501347708899910e-02
1.522189946903300117e-01 2.628032345013479876e-02
1.311976154016480101e-01 2.021563342318059842e-03
1.221961700854519994e-01 2.425876010781669815e-03
1.190783314997320014e-01 2.021563342318059842e-03
1.130792797712009967e-01 2.425876010781669815e-03
1.073824544946890003e-01 2.830188679245279788e-03
1.039686152573880001e-01 2.021563342318059842e-03
8.961059312032949864e-02 3.234501347708900170e-03
8.454801804279360455e-02 3.234501347708900170e-03
7.977145453513180551e-02 3.234501347708900170e-03
7.055526975626910668e-02 3.234501347708900170e-03
6.743509333933959959e-02 4.447439353099730090e-03
1.426943296358179902e-01 2.668463611859839962e-02
1.355055266514950119e-01 2.587601078167120136e-02
1.473797387878489906e-01 2.547169811320749988e-02
1.408621422016889946e-01 2.708894878706200049e-02
1.337656430568250066e-01 2.587601078167120136e-02
1.206271779054499949e-01 2.628032345013479876e-02
1.175493721976510059e-01 2.749326145552560136e-02
1.152926638848599944e-01 3.800539083557950143e-02
1.138123123491250055e-01 4.123989218328839856e-02
1.080785575968779971e-01 2.749326145552560136e-02
9.809487977456239627e-02 2.830188679245279962e-02
8.845999797685799582e-02 2.991913746630730023e-02
8.186011765172239441e-02 2.830188679245279962e-02
7.824000522828020165e-02 3.598382749326149710e-02
8.346242608806189733e-02 3.962264150943400204e-02
7.575264543536269768e-02 5.822102425876009985e-02
5.737604762359559823e-02 8.167115902964959540e-02
5.774798589721850256e-02 8.450134770889490554e-02
5.343948708808479720e-02 9.784366576819410188e-02
5.207597712923919819e-02 6.024258760107820132e-02
6.362532921432570432e-02 3.679245283018869883e-02
6.487071469249880429e-02 3.072776280323449849e-02
6.831221851083330021e-02 3.032345013477090109e-02
7.381981463760889373e-02 2.951482479784369936e-02
4.819065919200170300e-02 4.043126684636119683e-03
2.337044424747959995e-02 8.490566037735850641e-03
2.248172792445410004e-02 8.086253369272239366e-03
2.001326042545669912e-02 8.086253369272239366e-03
1.816455011043640114e-02 1.132075471698110007e-02
1.758707351813159833e-02 1.010781671159029921e-02
1.525656924803740072e-02 1.374663072776280068e-02
5.926000656806879735e-02 3.153638814016170022e-02
5.737604762359559823e-02 3.153638814016170022e-02
5.555198238332550303e-02 3.194070080862530109e-02
4.977301327850890134e-02 3.315363881401620083e-02
4.850305349811020322e-02 3.396226415094340256e-02
4.726549677586679848e-02 3.396226415094340256e-02
4.757189374813779875e-02 3.800539083557950143e-02
4.819065919200170300e-02 4.123989218328839856e-02
3.769873334224779771e-02 3.032345013477090109e-02
3.769873334224779771e-02 3.396226415094340256e-02
3.818907904076299792e-02 3.557951482479779909e-02
3.769873334224779771e-02 3.638814016172509797e-02
4.047576871441040114e-02 3.557951482479779909e-02
3.995606204481459700e-02 3.719676549865229970e-02
3.533984371224620225e-02 3.679245283018869883e-02
3.355945640048370315e-02 3.719676549865229970e-02
3.249255408779620075e-02 3.760107816711590056e-02
3.249255408779620075e-02 3.517520215633419822e-02
3.145957009998359699e-02 3.800539083557950143e-02
3.125694799966079879e-02 3.881401617250670316e-02
2.987466723805879895e-02 3.800539083557950143e-02
2.892490955465969876e-02 3.477088948787059736e-02
3.603157652846290110e-02 6.792452830188680513e-02
3.399596271333749781e-02 9.380053908355799608e-02
3.145957009998359699e-02 6.469002695417790105e-02
2.873861247853989886e-02 6.226415094339619871e-02
2.659446362700559896e-02 3.072776280323449849e-02
2.930113452888650008e-02 2.991913746630730023e-02
2.574898822925969846e-02 3.557951482479779909e-02
2.307036901401009893e-02 3.477088948787059736e-02
2.461028680964540138e-02 3.962264150943400204e-02
2.493039168337629966e-02 4.083557951482479770e-02
2.608390414021910172e-02 4.043126684636119683e-02
2.277414673022309932e-02 4.366576819407010090e-02
2.233692953984610027e-02 4.002695417789760290e-02
2.746770045140749933e-02 8.409703504043129774e-02
2.429429206508890160e-02 8.005390835579509479e-02
2.248172792445410004e-02 6.954177897574119471e-02
1.925220894399060079e-02 4.204851752021560030e-02
1.876098831192059974e-02 4.002695417789760290e-02
1.804755743434139845e-02 3.800539083557950143e-02
1.828230118756769829e-02 3.477088948787059736e-02
1.793131827463829986e-02 3.234501347708899910e-02
2.001326042545669912e-02 3.719676549865229970e-02
1.925220894399060079e-02 9.056603773584910588e-02
1.950262154424699940e-02 7.520215633423180113e-02
1.937701073244830000e-02 6.832884097035039905e-02
1.925220894399060079e-02 6.185983827493259785e-02
1.816455011043640114e-02 6.792452830188680513e-02
1.804755743434139845e-02 7.601078167115900286e-02
1.793131827463829986e-02 6.024258760107820132e-02
1.781582777814339977e-02 5.579514824797839750e-02
1.793131827463829986e-02 5.336927223719679925e-02
1.852009824204419938e-02 4.932614555256060324e-02
1.691828352234460084e-02 5.094339622641509691e-02
1.606595668227010082e-02 5.579514824797839750e-02
1.638042749746480148e-02 6.105121293800540305e-02
1.585967067198760030e-02 6.792452830188680513e-02
1.596248044669820038e-02 4.851752021563340150e-02
1.585967067198760030e-02 4.447439353099730264e-02
1.670105368177720109e-02 3.719676549865229970e-02
1.506067572840339916e-02 3.921832884097040117e-02
1.477154145675970039e-02 4.407008086253370177e-02
1.393701916389459942e-02 4.447439353099730264e-02
1.496367422016059955e-02 5.336927223719679925e-02
1.358141574286489926e-02 4.164420485175199943e-02
1.273159778039559958e-02 4.123989218328839856e-02
1.224744871391589968e-02 3.760107816711590056e-02
1.008925800358059961e-02 1.778975741239889954e-02
9.457951750848129363e-03 1.859838274932610128e-02
9.643079213593190591e-03 2.223719676549869989e-02
1.273159778039559958e-02 4.528301886792449743e-02
1.163043403583000068e-02 4.285714285714289917e-02
1.104450396335180003e-02 4.204851752021560030e-02
1.048809248396970033e-02 4.487870619946089656e-02
1.170582792815849996e-02 4.730458221024259891e-02
1.224744871391589968e-02 4.973045822102430125e-02
1.340703110315809993e-02 5.498652291105120271e-02
1.420981871542639947e-02 5.700808625336929725e-02
1.439464517684979974e-02 5.983827493261460045e-02
1.420981871542639947e-02 6.145552560646899698e-02
1.264959719759899993e-02 5.822102425876009985e-02
1.170582792815849996e-02 5.862533692722370071e-02
1.076270314592030035e-02 5.983827493261460045e-02
1.306495034183680071e-02 6.388140161725069932e-02
1.232684238287030075e-02 6.549865229110510279e-02
1.155552573401539933e-02 7.035040431266849359e-02
1.035342594672080015e-02 7.601078167115900286e-02
9.705590146006000743e-03 8.005390835579509479e-02
9.336512164602999569e-03 8.247978436657679713e-02
1.163043403583000068e-02 9.137466307277629374e-02
1.358141574286489926e-02 9.622641509433960127e-02
1.170582792815849996e-02 1.099730458221020030e-01
1.240675071857830040e-02 1.241239892183289978e-01
1.525656924803740072e-02 1.354447439353100024e-01
1.148109989516509985e-02 1.305929919137469863e-01
9.831830312656700613e-03 1.293800539083559964e-01
9.098290804125950051e-03 1.265498652291109916e-01
8.639927670483150274e-03 1.309973045822100113e-01
8.311374020873070478e-03 2.061994609164419928e-02
7.943818864443320804e-03 2.183288409703499841e-02
7.741132111198839594e-03 2.264150943396230076e-02
7.543616915947039953e-03 2.183288409703499841e-02
7.303794725813579983e-03 2.345013477088949902e-02
6.377024385572319966e-03 2.708894878706200049e-02
6.758868519480890069e-03 2.830188679245279962e-02
7.592518155554840199e-03 3.153638814016170022e-02
6.846780812853440167e-03 3.113207547169809936e-02
6.672085015175389933e-03 3.153638814016170022e-02
6.586415806346689918e-03 3.315363881401620083e-02
6.418363228853769982e-03 3.436657681940700343e-02
6.335951793966399827e-03 3.477088948787059736e-02
6.501846585501449768e-03 3.719676549865229970e-02
6.174289812525609634e-03 3.638814016172509797e-02
5.787951415445600177e-03 3.881401617250670316e-02
5.496359994015889705e-03 4.043126684636119683e-02
5.321622980430240277e-03 4.204851752021560030e-02
5.219458667742219761e-03 4.326145552560650004e-02
5.053524736717320172e-03 4.447439353099730264e-02
4.830041944286009824e-03 4.730458221024259891e-02
5.496359994015889705e-03 3.315363881401620083e-02
5.531989960387839744e-03 2.870619946091640048e-02
5.219458667742219761e-03 2.991913746630730023e-02
8.151812583045149954e-03 4.164420485175199943e-02
7.691273691574469773e-03 4.326145552560650004e-02
7.398794849402000329e-03 4.285714285714289917e-02
7.163576756423199743e-03 4.609164420485180325e-02
6.935836577400750387e-03 4.609164420485180325e-02
6.418363228853769982e-03 4.730458221024259891e-02
6.418363228853769982e-03 4.851752021563340150e-02
6.846780812853440167e-03 5.134770889487869777e-02
7.117438205781940336e-03 5.296495956873319838e-02
6.891164836167720104e-03 5.458221024258760184e-02
6.501846585501449768e-03 5.296495956873319838e-02
7.351141326245810154e-03 5.377358490566040011e-02
7.741132111198839594e-03 5.417789757412400098e-02
7.741132111198839594e-03 5.134770889487869777e-02
8.257842836075399498e-03 4.770889487870619977e-02
8.419479682219500188e-03 5.053908355795150298e-02
8.639927670483150274e-03 4.973045822102430125e-02
8.474058672364509145e-03 5.539083557951479664e-02
9.336512164602999569e-03 4.973045822102430125e-02
9.580970896231329886e-03 4.649595687331539717e-02
1.028674248905770035e-02 4.932614555256060324e-02
1.022048852048829982e-02 5.094339622641509691e-02
9.216631856042510618e-03 5.781671159029649898e-02
9.457951750848129363e-03 6.226415094339619871e-02
9.397035786567050838e-03 6.549865229110510279e-02
7.398794849402000329e-03 6.185983827493259785e-02
6.586415806346689918e-03 6.711590296495960339e-02
7.351141326245810154e-03 7.196765498652289705e-02
7.592518155554840199e-03 7.358490566037739766e-02
7.071596820359639900e-03 7.601078167115900286e-02
7.026050686200029788e-03 7.924528301886790693e-02
6.418363228853769982e-03 5.700808625336929725e-02
6.174289812525609634e-03 5.458221024258760184e-02
5.863235034500200067e-03 4.973045822102430125e-02
5.496359994015889705e-03 4.487870619946089656e-02
5.152441102234200064e-03 4.770889487870619977e-02
4.355635091266779786e-03 5.134770889487869777e-02
4.109562290138479845e-03 5.498652291105120271e-02
4.469679073759910345e-03 5.579514824797839750e-02
5.053524736717320172e-03 5.539083557951479664e-02
5.321622980430240277e-03 5.458221024258760184e-02
5.640271678488800386e-03 5.175202156334229864e-02
5.750672874491710024e-03 5.822102425876009985e-02
5.496359994015889705e-03 5.862533692722370071e-02
4.988637753861709795e-03 5.902964959568730158e-02
4.768024468334300207e-03 6.509433962264149498e-02
4.440891148215609686e-03 6.549865229110510279e-02
4.355635091266779786e-03 6.266846361185980652e-02
6.016752640915020052e-03 6.994609164420489966e-02
6.335951793966399827e-03 7.358490566037739766e-02
6.016752640915020052e-03 7.722371967654989566e-02
6.095012267033450386e-03 7.884097035040429913e-02
6.134522976366070350e-03 8.045822102425879974e-02
6.055756034888040186e-03 8.207547169811320320e-02
5.825471613270950116e-03 8.207547169811320320e-02
5.787951415445600177e-03 7.803234501347709740e-02
6.295143739185059956e-03 7.924528301886790693e-02
6.846780812853440167e-03 8.490566037735849947e-02
6.802682654349009872e-03 8.652291105121290293e-02
7.026050686200029788e-03 8.975741239892179313e-02
6.214314435845499744e-03 9.258760107816710327e-02
5.219458667742219761e-03 8.733153638814020181e-02
4.861352526605470376e-03 8.652291105121290293e-02
4.737314985366350428e-03 7.843665768194070520e-02
4.924583916338019958e-03 8.005390835579509479e-02
5.053524736717320172e-03 8.045822102425879974e-02
5.185841626109259986e-03 8.167115902964959540e-02
5.356120220065809998e-03 7.924528301886790693e-02
5.425787030533850246e-03 7.560646900269539505e-02
3.496553945356009954e-03 4.326145552560650004e-02
3.474033640658629948e-03 4.487870619946089656e-02
3.429427237598329983e-03 4.609164420485180325e-02
3.341925308848640169e-03 4.730458221024259891e-02
3.451658382807839924e-03 5.134770889487869777e-02
3.519220237161199954e-03 4.811320754716980064e-02
3.363589225786659930e-03 5.619946091644199837e-02
3.407339276841780083e-03 5.377358490566040011e-02
3.277767155689580159e-03 5.822102425876009985e-02
3.235680803625119902e-03 6.185983827493259785e-02
3.132813960631310093e-03 6.469002695417790105e-02
3.153122320380020212e-03 6.630727762803230452e-02
3.092588799710199818e-03 6.954177897574119471e-02
3.256655994178330165e-03 6.994609164420489966e-02
3.153122320380020212e-03 7.277628032345009879e-02
3.705920968626250089e-03 7.560646900269539505e-02
3.519220237161199954e-03 6.549865229110510279e-02
3.852418269355450085e-03 6.064690026954180219e-02
4.030667071825469981e-03 6.630727762803230452e-02
4.244500944072389717e-03 6.711590296495960339e-02
3.927824492439059914e-03 8.086253369272239366e-02
3.564994573655569810e-03 8.126684636118600147e-02
3.299015169585950077e-03 8.207547169811320320e-02
3.385393578328039967e-03 8.490566037735849947e-02
4.412288637472560303e-03 8.530997304582209340e-02
4.136202387650379959e-03 8.854447439353099747e-02
4.136202387650379959e-03 9.501347708894880562e-02
4.299708973513990083e-03 9.420485175202150674e-02
6.672085015175389933e-03 9.622641509433960127e-02
6.758868519480890069e-03 9.824797843665769581e-02
6.980797901674120308e-03 1.030997304582210033e-01
6.629112022378260208e-03 1.035040431266849997e-01
6.629112022378260208e-03 1.095687331536390058e-01
6.134522976366070350e-03 1.095687331536390058e-01
3.132813960631310093e-03 8.894878706199460527e-02
3.754123712986539869e-03 1.002695417789759985e-01
3.729944475025589838e-03 9.663072776280319520e-02
3.564994573655569810e-03 9.824797843665769581e-02
3.474033640658629948e-03 9.946091644204850535e-02
3.341925308848640169e-03 1.010781671159030060e-01
3.235680803625119902e-03 1.030997304582210033e-01
3.173562328378789869e-03 1.055256064690029971e-01
3.092588799710199818e-03 1.039083557951479969e-01
2.936787152585339927e-03 1.051212938005390007e-01
3.194134838032909943e-03 1.006738544474389957e-01
3.407339276841780083e-03 1.047169811320750044e-01
3.474033640658629948e-03 1.063342318059300046e-01
7.398794849402000329e-03 1.261455525606469952e-01
6.377024385572319966e-03 1.237196765498650014e-01
5.496359994015889705e-03 1.241239892183289978e-01
4.737314985366350428e-03 1.245283018867919950e-01
4.830041944286009824e-03 1.208894878706199966e-01
4.190001782727130128e-03 1.253369272237200016e-01
3.927824492439059914e-03 1.237196765498650014e-01
3.802953428235729839e-03 1.225067385444739976e-01
3.496553945356009954e-03 1.241239892183289978e-01
2.717677451129889895e-03 8.733153638814020181e-02
2.614331349277420041e-03 8.652291105121290293e-02
2.735294702601589849e-03 9.460916442048519781e-02
2.564141516886080194e-03 9.339622641509430501e-02
2.498717376710469801e-03 9.501347708894880562e-02
2.531218079223520115e-03 9.622641509433960127e-02
2.614331349277420041e-03 9.622641509433960127e-02
2.450747096904480182e-03 9.339622641509430501e-02
2.342367335590610136e-03 9.703504043126680301e-02
2.267900183987129996e-03 1.022911051212939959e-01
2.139774540020289873e-03 1.030997304582210033e-01
2.253293287035220208e-03 1.010781671159030060e-01
2.434962535241469786e-03 1.006738544474389957e-01
2.312291466357850080e-03 1.026954177897569931e-01
2.005884312803069783e-03 1.051212938005390007e-01
2.071748098288520110e-03 1.087601078167119983e-01
2.098695230946280143e-03 1.123989218328839967e-01
2.282601769650800111e-03 1.075471698113209945e-01
2.297398657842579864e-03 1.051212938005390007e-01
2.806913168024120081e-03 1.071428571428569981e-01
2.861854948933009908e-03 1.103773584905659993e-01
2.974985808615810030e-03 1.103773584905659993e-01
2.753026157305639866e-03 1.095687331536390058e-01
2.665503584261930126e-03 1.103773584905659993e-01
2.648335837438159975e-03 1.136118598382750006e-01
2.788834642484150101e-03 1.140161725067389970e-01
2.735294702601589849e-03 1.152291105121290016e-01
2.861854948933009908e-03 1.156334231805929980e-01
2.880406826121349999e-03 1.180592991913750056e-01
2.735294702601589849e-03 1.172506738544469990e-01
2.994271052747089854e-03 1.350404312668460061e-01
2.665503584261930126e-03 1.419137466307280049e-01
6.980797901674120308e-03 1.439353099730459884e-01
6.335951793966399827e-03 1.479784366576820109e-01
5.531989960387839744e-03 1.556603773584910033e-01
4.956507363769770136e-03 1.625336927223720029e-01
2.253293287035220208e-03 1.184636118598380028e-01
1.929605825667289999e-03 1.172506738544469990e-01
2.434962535241469786e-03 1.148247978436660044e-01
2.419279637429140161e-03 1.188679245283019992e-01
2.357551652027070187e-03 1.216981132075470040e-01
2.238780468932130216e-03 1.269541778975739887e-01
2.058404560863159958e-03 1.330188679245279948e-01
2.031974758218639977e-03 1.249326145552560052e-01
1.797215909369010009e-03 1.261455525606469952e-01
1.663128070893500100e-03 1.366576819407009924e-01
5.567850896802710274e-03 1.706199460916439925e-01
5.978000456655969790e-03 1.863881401617250022e-01
7.543616915947039953e-03 1.851752021563340123e-01
1.022048852048829982e-02 1.811320754716979897e-01
4.924583916338019958e-03 1.758760107816710050e-01
4.892866078707910037e-03 1.839622641509429946e-01
4.355635091266779786e-03 1.799191374663069998e-01
3.705920968626250089e-03 1.766846361185979986e-01
3.092588799710199818e-03 1.698113207547169989e-01
2.514915226960839825e-03 1.738544474393529937e-01
3.256655994178330165e-03 1.835579514824799974e-01
4.299708973513990083e-03 1.847708894878709873e-01
3.953286480870109657e-03 1.900269541778979998e-01
3.634774840832509860e-03 1.964959568733150030e-01
3.754123712986539869e-03 2.025606469002700083e-01
2.974985808615810030e-03 1.969002695417789994e-01
3.299015169585950077e-03 2.078167115902959938e-01
3.112636401223909787e-03 2.126684636118600091e-01
2.717677451129889895e-03 2.094339622641510079e-01
2.531218079223520115e-03 2.142857142857139963e-01
2.031974758218639977e-03 2.150943396226409898e-01
2.899078965221409988e-03 2.223719676549870128e-01
2.466633981450599804e-03 2.231805929919140064e-01
2.267900183987129996e-03 2.227762803234500100e-01
2.005884312803069783e-03 2.247978436657679935e-01
1.980128867288080165e-03 2.260107816711590112e-01
1.967375423146130054e-03 2.316711590296499923e-01
1.980128867288080165e-03 2.340970350404310008e-01
1.967375423146130054e-03 2.377358490566039984e-01
1.980128867288080165e-03 2.417789757412399931e-01
1.980128867288080165e-03 2.421832884097029903e-01
2.058404560863159958e-03 2.429919137466310108e-01
2.058404560863159958e-03 2.458221024258759879e-01
2.112299951267540207e-03 2.470350404312670056e-01
2.224361123742889853e-03 2.425876010781669867e-01
2.312291466357850080e-03 2.405660377358490032e-01
2.312291466357850080e-03 2.389487870619949883e-01
2.312291466357850080e-03 2.385444743935309919e-01
2.450747096904480182e-03 2.353099730458219907e-01
2.282601769650800111e-03 2.320754716981129895e-01
2.167606489491010098e-03 2.349056603773579943e-01
2.153645555562850103e-03 2.389487870619949883e-01
2.861854948933009908e-03 2.369272237196770048e-01
2.580763476895800001e-03 2.296495956873320088e-01
2.700173667340159851e-03 2.288409703504039883e-01
2.788834642484150101e-03 2.276280323450129983e-01
2.388216218422549875e-03 2.712938005390839735e-01
1.529131799179770084e-03 1.520215633423180057e-01
1.442743078078459950e-03 1.629380053908359993e-01
1.424218335398930082e-03 1.685983827493260090e-01
1.396876246737490052e-03 1.799191374663069998e-01
1.461508771237850094e-03 1.867924528301889986e-01
1.378940431678560025e-03 1.884097035040430135e-01
8.311374020873070478e-03 9.218328840970349547e-02
7.641736395782069979e-03 9.743935309973049408e-02
7.791313736329500209e-03 9.622641509433960127e-02
8.099309087868170054e-03 9.784366576819410188e-02
