 2.58570125893722e-001    2.38544474393531e-002
 1.84780122590979e-001    2.42587601078167e-002
 1.69892605539635e-001    2.87061994609164e-002
 1.62379419025762e-001    3.23450134770890e-002
 1.52218994690330e-001    2.62803234501348e-002
 1.31197615401648e-001    2.02156334231806e-003
 1.22196170085452e-001    2.42587601078167e-003
 1.19078331499732e-001    2.02156334231806e-003
 1.13079279771201e-001    2.42587601078167e-003
 1.07382454494689e-001    2.83018867924528e-003
 1.03968615257388e-001    2.02156334231806e-003
 8.96105931203295e-002    3.23450134770890e-003
 8.45480180427936e-002    3.23450134770890e-003
 7.97714545351318e-002    3.23450134770890e-003
 7.05552697562691e-002    3.23450134770890e-003
 6.74350933393396e-002    4.44743935309973e-003
 1.42694329635818e-001    2.66846361185984e-002
 1.35505526651495e-001    2.58760107816712e-002
 1.47379738787849e-001    2.54716981132075e-002
 1.40862142201689e-001    2.70889487870620e-002
 1.33765643056825e-001    2.58760107816712e-002
 1.20627177905450e-001    2.62803234501348e-002
 1.17549372197651e-001    2.74932614555256e-002
 1.15292663884860e-001    3.80053908355795e-002
 1.13812312349125e-001    4.12398921832884e-002
 1.08078557596878e-001    2.74932614555256e-002
 9.80948797745624e-002    2.83018867924528e-002
 8.84599979768580e-002    2.99191374663073e-002
 8.18601176517224e-002    2.83018867924528e-002
 7.82400052282802e-002    3.59838274932615e-002
 8.34624260880619e-002    3.96226415094340e-002
 7.57526454353627e-002    5.82210242587601e-002
 5.73760476235956e-002    8.16711590296496e-002
 5.77479858972185e-002    8.45013477088949e-002
 5.34394870880848e-002    9.78436657681941e-002
 5.20759771292392e-002    6.02425876010782e-002
 6.36253292143257e-002    3.67924528301887e-002
 6.48707146924988e-002    3.07277628032345e-002
 6.83122185108333e-002    3.03234501347709e-002
 7.38198146376089e-002    2.95148247978437e-002
 4.81906591920017e-002    4.04312668463612e-003
 2.33704442474796e-002    8.49056603773585e-003
 2.24817279244541e-002    8.08625336927224e-003
 2.00132604254567e-002    8.08625336927224e-003
 1.81645501104364e-002    1.13207547169811e-002
 1.75870735181316e-002    1.01078167115903e-002
 1.52565692480374e-002    1.37466307277628e-002
 5.92600065680688e-002    3.15363881401617e-002
 5.73760476235956e-002    3.15363881401617e-002
 5.55519823833255e-002    3.19407008086253e-002
 4.97730132785089e-002    3.31536388140162e-002
 4.85030534981102e-002    3.39622641509434e-002
 4.72654967758668e-002    3.39622641509434e-002
 4.75718937481378e-002    3.80053908355795e-002
 4.81906591920017e-002    4.12398921832884e-002
 3.76987333422478e-002    3.03234501347709e-002
 3.76987333422478e-002    3.39622641509434e-002
 3.81890790407630e-002    3.55795148247978e-002
 3.76987333422478e-002    3.63881401617251e-002
 4.04757687144104e-002    3.55795148247978e-002
 3.99560620448146e-002    3.71967654986523e-002
 3.53398437122462e-002    3.67924528301887e-002
 3.35594564004837e-002    3.71967654986523e-002
 3.24925540877962e-002    3.76010781671159e-002
 3.24925540877962e-002    3.51752021563342e-002
 3.14595700999836e-002    3.80053908355795e-002
 3.12569479996608e-002    3.88140161725067e-002
 2.98746672380588e-002    3.80053908355795e-002
 2.89249095546597e-002    3.47708894878706e-002
 3.60315765284629e-002    6.79245283018868e-002
 3.39959627133375e-002    9.38005390835580e-002
 3.14595700999836e-002    6.46900269541779e-002
 2.87386124785399e-002    6.22641509433962e-002
 2.65944636270056e-002    3.07277628032345e-002
 2.93011345288865e-002    2.99191374663073e-002
 2.57489882292597e-002    3.55795148247978e-002
 2.30703690140101e-002    3.47708894878706e-002
 2.46102868096454e-002    3.96226415094340e-002
 2.49303916833763e-002    4.08355795148248e-002
 2.60839041402191e-002    4.04312668463612e-002
 2.27741467302231e-002    4.36657681940701e-002
 2.23369295398461e-002    4.00269541778976e-002
 2.74677004514075e-002    8.40970350404313e-002
 2.42942920650889e-002    8.00539083557951e-002
 2.24817279244541e-002    6.95417789757412e-002
 1.92522089439906e-002    4.20485175202156e-002
 1.87609883119206e-002    4.00269541778976e-002
 1.80475574343414e-002    3.80053908355795e-002
 1.82823011875677e-002    3.47708894878706e-002
 1.79313182746383e-002    3.23450134770890e-002
 2.00132604254567e-002    3.71967654986523e-002
 1.92522089439906e-002    9.05660377358491e-002
 1.95026215442470e-002    7.52021563342318e-002
 1.93770107324483e-002    6.83288409703504e-002
 1.92522089439906e-002    6.18598382749326e-002
 1.81645501104364e-002    6.79245283018868e-002
 1.80475574343414e-002    7.60107816711590e-002
 1.79313182746383e-002    6.02425876010782e-002
 1.78158277781434e-002    5.57951482479784e-002
 1.79313182746383e-002    5.33692722371968e-002
 1.85200982420442e-002    4.93261455525606e-002
 1.69182835223446e-002    5.09433962264151e-002
 1.60659566822701e-002    5.57951482479784e-002
 1.63804274974648e-002    6.10512129380054e-002
 1.58596706719876e-002    6.79245283018868e-002
 1.59624804466982e-002    4.85175202156334e-002
 1.58596706719876e-002    4.44743935309973e-002
 1.67010536817772e-002    3.71967654986523e-002
 1.50606757284034e-002    3.92183288409704e-002
 1.47715414567597e-002    4.40700808625337e-002
 1.39370191638946e-002    4.44743935309973e-002
 1.49636742201606e-002    5.33692722371968e-002
 1.35814157428649e-002    4.16442048517520e-002
 1.27315977803956e-002    4.12398921832884e-002
 1.22474487139159e-002    3.76010781671159e-002
 1.00892580035806e-002    1.77897574123989e-002
 9.45795175084813e-003    1.85983827493261e-002
 9.64307921359319e-003    2.22371967654987e-002
 1.27315977803956e-002    4.52830188679245e-002
 1.16304340358300e-002    4.28571428571429e-002
 1.10445039633518e-002    4.20485175202156e-002
 1.04880924839697e-002    4.48787061994609e-002
 1.17058279281585e-002    4.73045822102426e-002
 1.22474487139159e-002    4.97304582210243e-002
 1.34070311031581e-002    5.49865229110512e-002
 1.42098187154264e-002    5.70080862533693e-002
 1.43946451768498e-002    5.98382749326146e-002
 1.42098187154264e-002    6.14555256064690e-002
 1.26495971975990e-002    5.82210242587601e-002
 1.17058279281585e-002    5.86253369272237e-002
 1.07627031459203e-002    5.98382749326146e-002
 1.30649503418368e-002    6.38814016172507e-002
 1.23268423828703e-002    6.54986522911051e-002
 1.15555257340154e-002    7.03504043126685e-002
 1.03534259467208e-002    7.60107816711590e-002
 9.70559014600600e-003    8.00539083557951e-002
 9.33651216460300e-003    8.24797843665768e-002
 1.16304340358300e-002    9.13746630727763e-002
 1.35814157428649e-002    9.62264150943396e-002
 1.17058279281585e-002    1.09973045822102e-001
 1.24067507185783e-002    1.24123989218329e-001
 1.52565692480374e-002    1.35444743935310e-001
 1.14810998951651e-002    1.30592991913747e-001
 9.83183031265670e-003    1.29380053908356e-001
 9.09829080412595e-003    1.26549865229111e-001
 8.63992767048315e-003    1.30997304582210e-001
 8.31137402087307e-003    2.06199460916442e-002
 7.94381886444332e-003    2.18328840970350e-002
 7.74113211119884e-003    2.26415094339623e-002
 7.54361691594704e-003    2.18328840970350e-002
 7.30379472581358e-003    2.34501347708895e-002
 6.37702438557232e-003    2.70889487870620e-002
 6.75886851948089e-003    2.83018867924528e-002
 7.59251815555484e-003    3.15363881401617e-002
 6.84678081285344e-003    3.11320754716981e-002
 6.67208501517539e-003    3.15363881401617e-002
 6.58641580634669e-003    3.31536388140162e-002
 6.41836322885377e-003    3.43665768194070e-002
 6.33595179396640e-003    3.47708894878706e-002
 6.50184658550145e-003    3.71967654986523e-002
 6.17428981252561e-003    3.63881401617251e-002
 5.78795141544560e-003    3.88140161725067e-002
 5.49635999401589e-003    4.04312668463612e-002
 5.32162298043024e-003    4.20485175202156e-002
 5.21945866774222e-003    4.32614555256065e-002
 5.05352473671732e-003    4.44743935309973e-002
 4.83004194428601e-003    4.73045822102426e-002
 5.49635999401589e-003    3.31536388140162e-002
 5.53198996038784e-003    2.87061994609164e-002
 5.21945866774222e-003    2.99191374663073e-002
 8.15181258304515e-003    4.16442048517520e-002
 7.69127369157447e-003    4.32614555256065e-002
 7.39879484940200e-003    4.28571428571429e-002
 7.16357675642320e-003    4.60916442048518e-002
 6.93583657740075e-003    4.60916442048518e-002
 6.41836322885377e-003    4.73045822102426e-002
 6.41836322885377e-003    4.85175202156334e-002
 6.84678081285344e-003    5.13477088948787e-002
 7.11743820578194e-003    5.29649595687332e-002
 6.89116483616772e-003    5.45822102425876e-002
 6.50184658550145e-003    5.29649595687332e-002
 7.35114132624581e-003    5.37735849056604e-002
 7.74113211119884e-003    5.41778975741240e-002
 7.74113211119884e-003    5.13477088948787e-002
 8.25784283607540e-003    4.77088948787062e-002
 8.41947968221950e-003    5.05390835579515e-002
 8.63992767048315e-003    4.97304582210243e-002
 8.47405867236451e-003    5.53908355795148e-002
 9.33651216460300e-003    4.97304582210243e-002
 9.58097089623133e-003    4.64959568733154e-002
 1.02867424890577e-002    4.93261455525606e-002
 1.02204885204883e-002    5.09433962264151e-002
 9.21663185604251e-003    5.78167115902965e-002
 9.45795175084813e-003    6.22641509433962e-002
 9.39703578656705e-003    6.54986522911051e-002
 7.39879484940200e-003    6.18598382749326e-002
 6.58641580634669e-003    6.71159029649596e-002
 7.35114132624581e-003    7.19676549865229e-002
 7.59251815555484e-003    7.35849056603774e-002
 7.07159682035964e-003    7.60107816711590e-002
 7.02605068620003e-003    7.92452830188679e-002
 6.41836322885377e-003    5.70080862533693e-002
 6.17428981252561e-003    5.45822102425876e-002
 5.86323503450020e-003    4.97304582210243e-002
 5.49635999401589e-003    4.48787061994609e-002
 5.15244110223420e-003    4.77088948787062e-002
 4.35563509126678e-003    5.13477088948787e-002
 4.10956229013848e-003    5.49865229110512e-002
 4.46967907375991e-003    5.57951482479784e-002
 5.05352473671732e-003    5.53908355795148e-002
 5.32162298043024e-003    5.45822102425876e-002
 5.64027167848880e-003    5.17520215633423e-002
 5.75067287449171e-003    5.82210242587601e-002
 5.49635999401589e-003    5.86253369272237e-002
 4.98863775386171e-003    5.90296495956873e-002
 4.76802446833430e-003    6.50943396226415e-002
 4.44089114821561e-003    6.54986522911051e-002
 4.35563509126678e-003    6.26684636118598e-002
 6.01675264091502e-003    6.99460916442049e-002
 6.33595179396640e-003    7.35849056603774e-002
 6.01675264091502e-003    7.72237196765499e-002
 6.09501226703345e-003    7.88409703504043e-002
 6.13452297636607e-003    8.04582210242588e-002
 6.05575603488804e-003    8.20754716981132e-002
 5.82547161327095e-003    8.20754716981132e-002
 5.78795141544560e-003    7.80323450134771e-002
 6.29514373918506e-003    7.92452830188679e-002
 6.84678081285344e-003    8.49056603773585e-002
 6.80268265434901e-003    8.65229110512129e-002
 7.02605068620003e-003    8.97574123989218e-002
 6.21431443584550e-003    9.25876010781671e-002
 5.21945866774222e-003    8.73315363881402e-002
 4.86135252660547e-003    8.65229110512129e-002
 4.73731498536635e-003    7.84366576819407e-002
 4.92458391633802e-003    8.00539083557951e-002
 5.05352473671732e-003    8.04582210242588e-002
 5.18584162610926e-003    8.16711590296496e-002
 5.35612022006581e-003    7.92452830188679e-002
 5.42578703053385e-003    7.56064690026954e-002
 3.49655394535601e-003    4.32614555256065e-002
 3.47403364065863e-003    4.48787061994609e-002
 3.42942723759833e-003    4.60916442048518e-002
 3.34192530884864e-003    4.73045822102426e-002
 3.45165838280784e-003    5.13477088948787e-002
 3.51922023716120e-003    4.81132075471698e-002
 3.36358922578666e-003    5.61994609164420e-002
 3.40733927684178e-003    5.37735849056604e-002
 3.27776715568958e-003    5.82210242587601e-002
 3.23568080362512e-003    6.18598382749326e-002
 3.13281396063131e-003    6.46900269541779e-002
 3.15312232038002e-003    6.63072776280323e-002
 3.09258879971020e-003    6.95417789757412e-002
 3.25665599417833e-003    6.99460916442049e-002
 3.15312232038002e-003    7.27762803234501e-002
 3.70592096862625e-003    7.56064690026954e-002
 3.51922023716120e-003    6.54986522911051e-002
 3.85241826935545e-003    6.06469002695418e-002
 4.03066707182547e-003    6.63072776280323e-002
 4.24450094407239e-003    6.71159029649596e-002
 3.92782449243906e-003    8.08625336927224e-002
 3.56499457365557e-003    8.12668463611860e-002
 3.29901516958595e-003    8.20754716981132e-002
 3.38539357832804e-003    8.49056603773585e-002
 4.41228863747256e-003    8.53099730458221e-002
 4.13620238765038e-003    8.85444743935310e-002
 4.13620238765038e-003    9.50134770889488e-002
 4.29970897351399e-003    9.42048517520215e-002
 6.67208501517539e-003    9.62264150943396e-002
 6.75886851948089e-003    9.82479784366577e-002
 6.98079790167412e-003    1.03099730458221e-001
 6.62911202237826e-003    1.03504043126685e-001
 6.62911202237826e-003    1.09568733153639e-001
 6.13452297636607e-003    1.09568733153639e-001
 3.13281396063131e-003    8.89487870619946e-002
 3.75412371298654e-003    1.00269541778976e-001
 3.72994447502559e-003    9.66307277628032e-002
 3.56499457365557e-003    9.82479784366577e-002
 3.47403364065863e-003    9.94609164420485e-002
 3.34192530884864e-003    1.01078167115903e-001
 3.23568080362512e-003    1.03099730458221e-001
 3.17356232837879e-003    1.05525606469003e-001
 3.09258879971020e-003    1.03908355795148e-001
 2.93678715258534e-003    1.05121293800539e-001
 3.19413483803291e-003    1.00673854447439e-001
 3.40733927684178e-003    1.04716981132075e-001
 3.47403364065863e-003    1.06334231805930e-001
 7.39879484940200e-003    1.26145552560647e-001
 6.37702438557232e-003    1.23719676549865e-001
 5.49635999401589e-003    1.24123989218329e-001
 4.73731498536635e-003    1.24528301886792e-001
 4.83004194428601e-003    1.20889487870620e-001
 4.19000178272713e-003    1.25336927223720e-001
 3.92782449243906e-003    1.23719676549865e-001
 3.80295342823573e-003    1.22506738544474e-001
 3.49655394535601e-003    1.24123989218329e-001
 2.71767745112989e-003    8.73315363881402e-002
 2.61433134927742e-003    8.65229110512129e-002
 2.73529470260159e-003    9.46091644204852e-002
 2.56414151688608e-003    9.33962264150943e-002
 2.49871737671047e-003    9.50134770889488e-002
 2.53121807922352e-003    9.62264150943396e-002
 2.61433134927742e-003    9.62264150943396e-002
 2.45074709690448e-003    9.33962264150943e-002
 2.34236733559061e-003    9.70350404312668e-002
 2.26790018398713e-003    1.02291105121294e-001
 2.13977454002029e-003    1.03099730458221e-001
 2.25329328703522e-003    1.01078167115903e-001
 2.43496253524147e-003    1.00673854447439e-001
 2.31229146635785e-003    1.02695417789757e-001
 2.00588431280307e-003    1.05121293800539e-001
 2.07174809828852e-003    1.08760107816712e-001
 2.09869523094628e-003    1.12398921832884e-001
 2.28260176965080e-003    1.07547169811321e-001
 2.29739865784258e-003    1.05121293800539e-001
 2.80691316802412e-003    1.07142857142857e-001
 2.86185494893301e-003    1.10377358490566e-001
 2.97498580861581e-003    1.10377358490566e-001
 2.75302615730564e-003    1.09568733153639e-001
 2.66550358426193e-003    1.10377358490566e-001
 2.64833583743816e-003    1.13611859838275e-001
 2.78883464248415e-003    1.14016172506739e-001
 2.73529470260159e-003    1.15229110512129e-001
 2.86185494893301e-003    1.15633423180593e-001
 2.88040682612135e-003    1.18059299191375e-001
 2.73529470260159e-003    1.17250673854447e-001
 2.99427105274709e-003    1.35040431266846e-001
 2.66550358426193e-003    1.41913746630728e-001
 6.98079790167412e-003    1.43935309973046e-001
 6.33595179396640e-003    1.47978436657682e-001
 5.53198996038784e-003    1.55660377358491e-001
 4.95650736376977e-003    1.62533692722372e-001
 2.25329328703522e-003    1.18463611859838e-001
 1.92960582566729e-003    1.17250673854447e-001
 2.43496253524147e-003    1.14824797843666e-001
 2.41927963742914e-003    1.18867924528302e-001
 2.35755165202707e-003    1.21698113207547e-001
 2.23878046893213e-003    1.26954177897574e-001
 2.05840456086316e-003    1.33018867924528e-001
 2.03197475821864e-003    1.24932614555256e-001
 1.79721590936901e-003    1.26145552560647e-001
 1.66312807089350e-003    1.36657681940701e-001
 5.56785089680271e-003    1.70619946091644e-001
 5.97800045665597e-003    1.86388140161725e-001
 7.54361691594704e-003    1.85175202156334e-001
 1.02204885204883e-002    1.81132075471698e-001
 4.92458391633802e-003    1.75876010781671e-001
 4.89286607870791e-003    1.83962264150943e-001
 4.35563509126678e-003    1.79919137466307e-001
 3.70592096862625e-003    1.76684636118598e-001
 3.09258879971020e-003    1.69811320754717e-001
 2.51491522696084e-003    1.73854447439353e-001
 3.25665599417833e-003    1.83557951482480e-001
 4.29970897351399e-003    1.84770889487871e-001
 3.95328648087011e-003    1.90026954177898e-001
 3.63477484083251e-003    1.96495956873315e-001
 3.75412371298654e-003    2.02560646900270e-001
 2.97498580861581e-003    1.96900269541779e-001
 3.29901516958595e-003    2.07816711590296e-001
 3.11263640122391e-003    2.12668463611860e-001
 2.71767745112989e-003    2.09433962264151e-001
 2.53121807922352e-003    2.14285714285714e-001
 2.03197475821864e-003    2.15094339622641e-001
 2.89907896522141e-003    2.22371967654987e-001
 2.46663398145060e-003    2.23180592991914e-001
 2.26790018398713e-003    2.22776280323450e-001
 2.00588431280307e-003    2.24797843665768e-001
 1.98012886728808e-003    2.26010781671159e-001
 1.96737542314613e-003    2.31671159029650e-001
 1.98012886728808e-003    2.34097035040431e-001
 1.96737542314613e-003    2.37735849056604e-001
 1.98012886728808e-003    2.41778975741240e-001
 1.98012886728808e-003    2.42183288409703e-001
 2.05840456086316e-003    2.42991913746631e-001
 2.05840456086316e-003    2.45822102425876e-001
 2.11229995126754e-003    2.47035040431267e-001
 2.22436112374289e-003    2.42587601078167e-001
 2.31229146635785e-003    2.40566037735849e-001
 2.31229146635785e-003    2.38948787061995e-001
 2.31229146635785e-003    2.38544474393531e-001
 2.45074709690448e-003    2.35309973045822e-001
 2.28260176965080e-003    2.32075471698113e-001
 2.16760648949101e-003    2.34905660377358e-001
 2.15364555556285e-003    2.38948787061995e-001
 2.86185494893301e-003    2.36927223719677e-001
 2.58076347689580e-003    2.29649595687332e-001
 2.70017366734016e-003    2.28840970350404e-001
 2.78883464248415e-003    2.27628032345013e-001
 2.38821621842255e-003    2.71293800539084e-001
 1.52913179917977e-003    1.52021563342318e-001
 1.44274307807846e-003    1.62938005390836e-001
 1.42421833539893e-003    1.68598382749326e-001
 1.39687624673749e-003    1.79919137466307e-001
 1.46150877123785e-003    1.86792452830189e-001
 1.37894043167856e-003    1.88409703504043e-001
 8.31137402087307e-003    9.21832884097035e-002
 7.64173639578207e-003    9.74393530997305e-002
 7.79131373632950e-003    9.62264150943396e-002
 8.09930908786817e-003    9.78436657681941e-002
