k theta
73.05388253053201 0.01972264754549363
52.61436109505111 0.023899137780626228
28.101022407853165 0.04870414073075205
28.577452215251967 0.04809051455805735
30.190913910228385 0.04592960088531726
63.662886300253156 0.0225666093278837
53.927702566712554 0.026689473456443756
72.38736747006642 0.019733266177835745
77.99255222983378 0.018258408524002172
40.820185991526124 0.03498779193627637
79.07932189058066 0.017982914161221716
51.44458805655688 0.027874739648757044
53.92400912989701 0.02360017536141052
32.735543860225604 0.04226038248908813
43.103806375972546 0.02964766476369563
32.258030219959444 0.04264540597538617
31.702084359407188 0.04241432024452705
72.99824524347207 0.019493007750300526
65.5567563122139 0.02176708470677049
33.004480218399806 0.041764507769554086
54.364881691074984 0.02630696800985558
53.72747505689858 0.026601223615135623
40.05955711900793 0.03525785318530414
36.089193636354686 0.03618613901898165
67.41800563174007 0.01904162623934251
33.32416364106201 0.040583763009762214
34.85011000691045 0.03959981885833083
34.71965782563322 0.038067858724826924
58.37392292382047 0.021946965036801748
33.85988677563979 0.03962501669294872
44.458772073172675 0.028945167375948738
54.7484101695419 0.023413484553277835
34.667909376017434 0.03935388017821106
34.348013432274726 0.03935022608123296
37.157162672256916 0.03742331264078212
48.68655419225011 0.026381652705146814
51.127885191987815 0.025101747854797768
78.73343942980644 0.017909250123554196
34.66142792564294 0.038878573720830915
35.1103126035149 0.038912496076512613
44.14723688081094 0.031997338199444524
37.94072731113462 0.03668396196419889
35.60155307118924 0.038458759161416466
35.57617843514275 0.038465025855857836
35.289601131927135 0.038606479659228754
50.79089970618652 0.027925576479717322
53.184907830624226 0.026679694504354222
35.38336862790904 0.037796248125705506
36.33201312525878 0.036418762792860146
35.86981521092546 0.0381919662277929
56.28951181364268 0.025214935402087656
41.88304462125538 0.03353877459230719
37.92783577980349 0.036571664161069224
41.24736618224765 0.03398897562752263
36.55343854908037 0.03757196466086378
36.54308873396768 0.03756051668880568
36.65495922076034 0.0361572909613085
78.09644912853659 0.01661070990360887
35.81670690582886 0.03790131967709663
36.36748282075733 0.03763425328261304
55.66656814519117 0.025463180842182024
36.1669999645254 0.037724902301397564
38.05119380638096 0.03461627251602833
39.833241616588815 0.034927455620859915
36.842544690100304 0.0361534436802271
38.78544787505551 0.035696554608043565
38.15621511974388 0.03613974114268805
55.73646325102467 0.025387069933212447
39.08034053378459 0.03365797696585728
36.96470973963521 0.03681364940736129
52.23407575760441 0.02470493376733193
72.60129078178875 0.01939354431883671
36.99585903951396 0.036647883044241394
37.45589470084001 0.03645678697075325
36.99900846317294 0.03638781063138783
38.41892640619155 0.03580618980459808
37.38027499209459 0.03579415627382347
39.06129279310032 0.035319666126421526
73.90780369728182 0.01902562376860572
59.36984183877029 0.0237836084598095
42.57471294360488 0.030674719927771266
44.487822091603434 0.031474222646016875
50.59439234189711 0.027849381754277168
52.61020604981848 0.024575555296657798
54.01120637122004 0.0239338437197509
56.78388227691378 0.02485536813986434
38.14897668603439 0.03575561905817727
39.131766568336765 0.03512667027001852
49.62377646992991 0.02832434045024021
41.147133684852726 0.03200470140010155
48.18389269546106 0.02696083582785655
67.40629774649175 0.019243928978236936
42.735818213033696 0.03252632265594139
41.363362771218874 0.03182046822060783
51.26945229013474 0.025289327125358155
39.82357669412555 0.03330640869643166
45.73368689096492 0.030566694002654632
39.04914629443397 0.034893799470919355
78.5484229038739 0.01780348409533351
38.742650409409855 0.034915988703512556
40.190926289820496 0.034202782245607494
38.88359826147203 0.03490390235927743
53.287332593582086 0.02432925094120253
79.8851714775305 0.017482160778675298
46.683541404589675 0.02996242939439727
40.16687274880452 0.0341702008760137
53.313174788073695 0.024322346331977975
66.70543797676176 0.021069954256822634
68.18400618324063 0.0206015913901685
56.9185106666004 0.024720268254437603
78.11793227811961 0.01788689500823906
49.14051536590904 0.026471482619241204
65.3398618213958 0.02150903672055919
40.98527422573695 0.03355554739281631
76.35180652251017 0.018314950014561435
49.76426906451423 0.0281647688250466
70.09005908237611 0.018561218312948227
41.36773948571741 0.03327107252533063
77.72368759692083 0.017970608419738097
41.717731015960226 0.033024369334198125
73.2700178701515 0.017791629282422432
66.48874289324986 0.02111110739156656
42.06489894917497 0.031405258483316975
66.77076605744242 0.019471986246678192
62.083711349345464 0.022626610999584233
44.39417983639192 0.029557660090868944
42.38010024434733 0.03114584943372349
78.31241434714678 0.016702856422726127
41.98994378232659 0.03148902169740703
41.20544579743231 0.03329555564163015
59.461510132246985 0.023623525837730454
44.706435503057236 0.031047522454016437
40.40122180264132 0.03321274563059805
66.44947117689044 0.02110325786045337
56.95612472417507 0.02464073916860953
54.2486154224655 0.025839606766085557
45.08382855634272 0.02912718570621451
46.81012710373426 0.029741485624492282
72.28410341669614 0.019345578574501282
41.062203077022744 0.03253471531681984
41.874501939640794 0.032728832897604816
68.36184239614681 0.02048341875998762
50.71035355747768 0.025712259129671455
48.15657545006731 0.02714892812875374
52.877632364198504 0.024630589745220574
43.92905329684097 0.030019525663376297
41.6329179071412 0.0320160326174972
51.22064178174705 0.027296763342061874
45.57094116169054 0.028831644284168324
41.020152480236725 0.03287295431324253
63.045226734572076 0.022228967779134218
45.51580670359186 0.028876799928991635
41.11976887287785 0.03288810416676093
52.5952789418936 0.024784547730751
42.48460553227585 0.03126643147939946
55.53496964955236 0.02521791353284731
41.568743130493914 0.03218203736560112
47.221314697344454 0.027756301603925795
53.21943917882302 0.026287100836822022
45.13123180012309 0.029165518483651315
63.02552037519487 0.022225375964801133
76.30896236171104 0.01716556822365716
59.7387643163843 0.021796889200838925
42.834493389481665 0.0320124914107554
54.00260552814736 0.02414322546056566
56.498648643382566 0.0230601697940341
42.09985378732655 0.03237622845764038
45.34455599360755 0.030491908994807235
41.89586408081078 0.03241092842523271
71.56394075743938 0.018267754945245483
45.817848513528574 0.028735537493198564
42.50632342722128 0.031388960355148564
79.56462406890603 0.016514121058046838
47.058421249466974 0.029476113212579577
47.853074475181934 0.02902708658018162
43.058183089523055 0.030906112646978234
55.28584958989076 0.02359213385792638
61.094144209628936 0.022903675556274504
46.31507359612015 0.029893625000298907
42.13514674359023 0.03184431789609573
76.45534602881612 0.017154977468570632
42.720855607006044 0.03195013623925935
60.83246304572559 0.021431093646829383
68.36656022631404 0.01910687202002779
63.32442310185727 0.022086008315321905
63.37338017095355 0.02058196498721216
45.76640957837605 0.02880829414562587
48.66447688789597 0.026950668777965564
44.85420429235703 0.029476741846814862
56.99354930820955 0.024530289927156987
58.864414491788715 0.02375469581232977
61.05551974310573 0.022903930494582208
66.59093981328157 0.019617206181876647
42.499953876380076 0.031688070320753936
48.984221611978015 0.028354467966218322
48.692033069136485 0.028510559964869862
48.10294240247685 0.027328422545355516
45.497682240685805 0.02906911074352401
65.58564931889006 0.019923432231880613
42.95912722775098 0.03126399918407219
71.74004723422676 0.018261912295869518
43.32038573555416 0.031410887858511705
60.54604650243152 0.021568908489333863
66.51060482721408 0.020981132372533195
58.531194976662036 0.02385697180808389
56.91755303248486 0.024523376945881255
67.69078015838433 0.019323383755533288
61.144964657819884 0.021360821028270114
43.56301055899793 0.030683160239180655
43.260015571858915 0.03139958687732967
76.53549403809352 0.018144669120180708
44.33222734335574 0.030882420785165704
60.11453574724018 0.023227540453862897
68.80735947160301 0.0202611994358723
45.67159747832983 0.030134674279467498
46.90929885318043 0.02943982175514226
43.20304771499018 0.03136374609723437
43.12430795362273 0.03125013225131569
49.04149607730042 0.026802493227083883
58.46038456044277 0.02234968169199461
60.412133946765735 0.023109225310614698
45.94961370694009 0.029967800449508843
47.5712599459839 0.02771097058431774
46.05452798449523 0.02873100292597639
46.20899197555825 0.028624547683028072
43.84278721782884 0.030493245900821107
43.43608306745981 0.031202980557970918
56.414196382800256 0.024716140608377797
58.772860288893 0.023738373363387952
51.62797781962305 0.026922653579450014
44.219523010658946 0.030187040505356123
54.234173216381514 0.025678584044815635
59.809822121066475 0.02332603620343489
68.34685151668053 0.02038538981166091
44.145139810747025 0.030853462322622684
48.30900884185681 0.02727989494144798
55.49079224448392 0.025106829469802232
46.40533933165267 0.02853175567485157
57.709502332666716 0.024156931193937414
47.637210598982506 0.028976032876468473
44.00734618776418 0.03048936029238053
44.17778039547508 0.030329426981932632
43.86494028886409 0.030716638315174814
72.4949000651065 0.01810965202552809
43.91396874126335 0.0308004666628776
65.80769403532528 0.021172571904290078
61.62465044000638 0.022620387223237594
76.34104820414503 0.017242107367734752
67.86913267910703 0.019307505094802575
46.20732295040185 0.029714207163428125
79.64966495036501 0.01657170941383678
73.3988247159426 0.017904475515669704
44.31405964156944 0.03030245271319585
58.058117001648604 0.022549673186042014
50.583719005477676 0.027394480589823945
47.534066716240545 0.02782078843231838
52.58490212874224 0.02496270875365096
53.07948516695427 0.026174982328264963
70.62948919259406 0.01968434822706007
49.00721813371534 0.02690579542467124
70.76770460181854 0.01854865593035218
64.26598016194161 0.021673277140555877
79.54812620910693 0.016597139730777838
54.18248291898643 0.025655055154333382
74.24345116857063 0.0186857934973988
57.29319572295947 0.022867967878871093
47.26151983250954 0.028031409083849684
75.83628242451604 0.017366916965337188
55.204594571651114 0.02518645017143356
77.04365420752787 0.017968021620337803
57.25513333273838 0.022887164326441466
52.33816017083781 0.026504616140565103
44.7107455725679 0.03031445549062585
63.78470358846782 0.02054265567812757
48.902864497615475 0.028221930070458534
72.65295678231873 0.018096565622816245
56.420585643057336 0.02323743981663766
52.47141690576423 0.025048122804216394
44.9490785913249 0.030209196913122974
47.530201382991976 0.027882335152460212
58.973216153393295 0.023597055981671153
54.27205929622927 0.02558946805084883
45.13625749742506 0.030108199246785657
59.83019037906496 0.021904118637184587
53.1597674798385 0.024717844457510442
45.32812063666728 0.029535710465124876
62.959157263450514 0.020818455824296388
51.12057666920792 0.027076854654702366
60.115306751769786 0.023147266190581633
58.507533855217886 0.02240660514198446
44.94999973555348 0.0300699006946896
53.378260968131094 0.02461789058472679
52.15382284492335 0.025223836536094564
72.10642445342657 0.019241136996186375
46.71378188893587 0.029318966947406343
60.16062715506743 0.021791889674113774
45.13155070877494 0.02999507455255268
48.63473137769237 0.027203400790073627
45.55578814526643 0.02939850818945325
45.55800260493359 0.029849627546386502
46.14837904146771 0.028920813306963965
47.59277545448601 0.028849562605972774
45.89645315696213 0.029142969062647524
46.71012001069254 0.028512597564807382
59.15514601880136 0.02350048682664846
55.49773715899411 0.025014264301921857
47.98004822024731 0.027644669366350065
53.31202226107156 0.025996629712392735
47.07086407071475 0.02909448947866365
59.62730457247682 0.023314951215438282
56.02415768737281 0.023440033938856738
47.208576649802254 0.02901731009784063
61.28555709798165 0.022681226082061128
56.688447953137874 0.024488946614741314
46.55897750260122 0.02930178230765381
61.50591404921508 0.022593340503098545
49.5580831120908 0.026697758067530747
46.071091268310845 0.02949636193715554
78.15740087404644 0.01691855428911176
49.16935357757428 0.02693871510746155
72.92501530883682 0.018990052779031052
59.52610940912015 0.022057779481482777
60.04740452133348 0.023130762047532283
71.64818461519161 0.01933805675255515
58.383313039226756 0.023780881912486212
57.31815553677416 0.022922034110125535
64.33136109129366 0.021589369888114142
46.41519113993618 0.029271261680789966
46.22177790926635 0.029097900330328774
62.35058009945537 0.022271273817292825
46.802477955271875 0.02909952341432312
48.57735754582521 0.028242105432789627
54.18819897386228 0.024300940189171102
53.64182788008171 0.024559843433316998
46.551540374187056 0.029183048324029848
74.4256250509442 0.018577252203937245
50.67502102585189 0.026096325852838942
49.54577978849127 0.02675268798667406
61.182072643100355 0.021474092375601612
79.60751063809234 0.01665005619581299
64.4282487941015 0.020399157086866633
64.43419355083552 0.021536331680441077
46.4426950617495 0.029038255130899117
70.79908279701526 0.019560399767657104
62.047687145721454 0.021180457047852555
46.915524645480374 0.028983580533734156
74.07428487720966 0.01866108325976997
60.13054992930599 0.02307442364555863
70.41107532436996 0.01871103196765158
77.1513271816409 0.01787465101133026
70.21856934115868 0.01876136138140701
77.90325355162597 0.01699840515921324
67.7299115592613 0.020465489564649726
48.47566051264158 0.02747024939106308
79.66366679534741 0.016654637525503446
56.37962899031883 0.0245639203779561
55.38740392420384 0.024987545849643057
49.87195861715947 0.027543745724296083
47.78668229389144 0.02853292030915871
65.01947327174263 0.02023456199321334
50.74393347727302 0.027114370925826983
47.09754958343516 0.02880191826732565
47.776477988379334 0.027978738033293045
71.09992628018851 0.018547410006884833
47.82645767058327 0.028492033131714632
50.75968853988744 0.027095981544819722
49.11624703298507 0.02708501275658072
56.87099163102082 0.024346592786781127
77.57644656345389 0.017754905146937783
48.825192340796164 0.02802550127047928
68.62997899887279 0.02017663114703288
61.4309026698469 0.022566968935306228
55.764175024339764 0.024811212000051923
47.10182229112246 0.02867987048720074
69.79972368851382 0.019827064342831345
78.69254243627928 0.016856964289382978
61.6379948659973 0.02248840993829995
47.285260370358316 0.028649668666663936
70.85078488933394 0.01952120081347658
60.47694857662101 0.022914760265610686
49.11394620422095 0.027865832569887422
73.97334936108894 0.018661369396657596
64.30602229637711 0.02047031849260849
74.00363270689172 0.017862298679748097
49.605855151473676 0.02680892656179755
52.53998187224559 0.025172252640293546
47.63578387241208 0.02818923833355163
55.410093442236416 0.02494512965488174
68.87566127883913 0.019142156350993533
57.73567853963509 0.023973260098894278
78.18490465379567 0.016968268137869315
47.47719151787745 0.028474893865617766
55.16425420535613 0.025048880271918664
54.137529338256044 0.024395841806695594
48.276276168077175 0.02772168550126374
47.85733206868636 0.028360557994583972
47.689436630680355 0.02838534194996129
47.6469925231664 0.028304382795821252
47.79362795018101 0.02813041525942185
50.76746485999013 0.02615063665675671
53.33716241716865 0.02479433346568647
56.282184280427074 0.023438602304620495
53.54197114789807 0.025745326858769034
47.870432956949 0.028254763255124646
48.36979029737875 0.02770046783216476
47.94724583980715 0.02805950477485241
51.20023474927278 0.02592198130429526
57.88563927023955 0.02389324702644112
78.84399894972566 0.01741973767447601
47.89058945768004 0.028189804185834985
67.40814031791274 0.01956296349384271
59.81264651476526 0.023137705332340976
52.03850449219636 0.025471327589823685
50.997428264059636 0.026909178280152476
67.63537872519878 0.02044889533376602
68.75869332031048 0.02010666256735403
49.24196034820589 0.027114924775223273
63.73888086136981 0.02171507601446353
48.100340448875954 0.02813932714886746
52.757000912253545 0.025104809215066283
56.945468693340835 0.02426716752464935
56.43700744796983 0.02447691673952169
75.89923392030093 0.017465374970828253
74.46795284620579 0.018503068325427273
68.08682179592608 0.019380534153902895
59.863077074327634 0.023107744599877265
52.64366915965716 0.025169785931414265
48.25756665137736 0.027888917938093255
76.10713694030976 0.018081026019343777
48.458631938825356 0.027710345253983693
51.147901545740304 0.025977500077901873
48.63663738874662 0.027935560015307608
48.23316008496535 0.027988658206309767
52.39972201697448 0.025302952758682842
73.50868380539355 0.018006339505302792
70.89140677450679 0.018642902985233967
55.17398995553346 0.02499830220722988
62.83575524444069 0.020982468079276208
50.66449605018467 0.026268631649075565
49.52235752521766 0.027546531792746326
50.30105491170665 0.02648862919527943
71.22487500333685 0.01937538428828587
64.72083991326986 0.021367829387013242
56.68901762436853 0.024352260753273684
48.867845791093984 0.027785919874127797
53.580517867886115 0.024719601127391282
55.477826286850124 0.0248556121953138
71.55127139768507 0.01927766252959498
51.89367405716404 0.025597904957535264
53.810601393312595 0.02461407306284119
59.05546189506468 0.022348214957339848
57.77915438909066 0.023898939884105998
71.21581912009981 0.019367675807300536
62.66695587386891 0.022060306530290882
76.40745507041997 0.017986237848364048
51.658128646551816 0.025740657576148247
71.01127451309652 0.01942311561987252
48.83562266490202 0.027601006988965303
49.31434685326683 0.027187473040511237
53.40157412274834 0.024826937657559486
72.08264803036384 0.01836314199021377
57.581560179608985 0.02397099857091224
73.2946268103282 0.018790887834479908
51.42617056266122 0.025874596864324355
63.38796541174449 0.02081806226122504
58.715142398387485 0.02248946620313942
50.794498263698245 0.026906717137156894
61.81205831949377 0.022354255229507985
49.07975921503518 0.02757348214547828
79.6629061788316 0.017181976033037522
76.34130311733665 0.01740070964089689
50.70019139919733 0.026946789312026896
49.14683215117522 0.027386728810587346
65.4521028962245 0.021105864685930804
76.59188466348424 0.017929028098647007
52.578278011337375 0.025262875584804646
79.21662363583121 0.017285410698888424
49.10374346547587 0.027508532590563704
49.55206629875118 0.02741704270772813
77.70803182633885 0.01765034906936335
56.348235625837816 0.024462960206813954
50.6636899393945 0.026950402579174422
54.907284177700724 0.025069758180425266
68.34040017652144 0.019343058502729438
79.79956649873824 0.017141696007805574
50.60791214752736 0.026965921303464063
69.5071867199775 0.01984402973235634
49.694086459986096 0.027006301759251887
54.681664052099094 0.025156909749588154
50.07240816400959 0.027176363123842376
70.9869699898553 0.019412877667317252
60.557605464563125 0.021811449225839954
58.727531711263985 0.02349302238765747
50.1450233224093 0.027122081493135074
63.38740137044731 0.021781359903940898
52.1185314002488 0.02626863030862764
75.34073416117604 0.0182302316250939
69.78508785017205 0.018966685422304598
57.03643379363385 0.0241576882094566
57.036092750944164 0.024157171055923535
62.65273190215423 0.021087151262715112
63.086551437303555 0.020942433564372268
78.21606208127056 0.01703816573946049
49.67520970677345 0.02720732321805073
65.35188487548082 0.021117090257350438
76.1601747498629 0.017462474836709197
77.22990082295891 0.01774602918491345
54.82794594625613 0.025070497264562022
67.5994670351099 0.019567142380255368
72.44668048237068 0.018303668107127916
75.54183897485188 0.018169881166492863
74.62515591965348 0.018407229457072925
49.86000170910635 0.027112851441305916
61.4051733872607 0.02246944374177076
67.50744272778404 0.020426488785639352
67.84021806670773 0.019503891818030507
74.95356080894673 0.017731033160039947
63.5221316651426 0.02081066534686042
72.50786878389 0.018968119040235487
50.07972490248932 0.027018066256265356
61.34678250766905 0.022484000297889363
50.15541267803738 0.026836357920118306
50.700777206934234 0.026433955598412252
73.52206493717047 0.01869107153640078
56.63314448550244 0.02339351970461895
50.929107167622824 0.026290843908306015
50.13593181091721 0.026879446315296006
71.77011132261589 0.019167599275986602
52.63317228869192 0.025311322529539805
50.5651526489074 0.02685343364378493
55.13823518409127 0.024915916504925098
72.33020214076906 0.018343968482678955
56.39676115854007 0.023501788730007425
52.54456603144761 0.026027995598461924
61.758553643349224 0.022328220572652414
58.14778934009642 0.02368432786893236
54.793211732909455 0.02505702438084877
51.179723464756215 0.026602040579942067
50.28788066343882 0.026856915561965712
53.70826552848171 0.024765269638928618
54.109372046941296 0.024569136879843842
54.33632257060531 0.02445890332545797
60.22229296773055 0.022883055825503908
51.191887476790995 0.026171992593886875
51.74238585565402 0.026339584920409678
67.99289997523094 0.019481481216472613
61.437534553348065 0.02154001746516269
57.266990386750365 0.02314779060476809
50.65202539622134 0.026702838138531797
76.07749185221084 0.018004964613075464
71.43984524908873 0.01924432816548515
50.63972847350737 0.026657591351059537
62.926631733710785 0.021900836822776146
56.133652671525205 0.02447510015384663
63.297524954910514 0.021772349306515955
70.84933744234682 0.01941010749144278
71.49626586539094 0.01856292134909101
50.86344774547256 0.026438032520283997
50.70081400334079 0.02666552756143173
52.432145122125306 0.026036384590828597
58.49271301710908 0.02264922502307483
50.7554999959609 0.026659137962070936
54.22592665318753 0.024531183338704892
50.90576867461232 0.026624083439598475
65.40369840014075 0.020241497996319642
58.70492568511233 0.023445989135278233
57.22450844588707 0.024024769353288716
58.359920385750925 0.022707890725889704
61.10557315889789 0.02254179685342327
68.04261420366828 0.0202309519898665
63.52666579037163 0.021687195122731304
56.52834762374704 0.02430261295462708
55.36153667060322 0.024001270820644766
70.63129722992525 0.01946540890818025
56.728863711077786 0.023391389347280217
57.55400170041193 0.0230423432525353
68.74646077864045 0.019285031498420768
51.42673036562019 0.02609710302906086
51.63570358559001 0.02632430641684165
53.228255531808905 0.02506108468149043
79.15807841516907 0.016916386777215398
65.06020558774722 0.02035751801784427
51.296982928317234 0.026207848691545375
70.35476675768136 0.019539167763865044
78.58978324332912 0.01702319127224719
75.89274931389195 0.018035630837060366
67.22249707545882 0.02047606758953821
67.91260473935122 0.019519795706932963
59.97126429899051 0.02294848846948825
79.83743649970927 0.016800708991989727
76.47339334591985 0.017445547691340723
51.281106885273324 0.026246072938361696
76.71159189373388 0.01739752655533418
55.46367450022998 0.02472254249427719
61.8251571476482 0.02142573787033579
54.934383946677755 0.02422013131691066
56.00336183044901 0.023726720135382046
53.61476542270236 0.024874496389322674
51.690852411102696 0.026259791925338796
75.8743854411999 0.017577000362433332
51.338020607493455 0.02625573149965106
62.12777215237901 0.02215640003535624
57.80716909795504 0.022956390415479547
67.22046469060399 0.019724073110393855
71.69291683531104 0.018535952263552077
71.27770630231511 0.018640902276237773
58.64959341031557 0.02343487022844217
57.75037536770496 0.02378393701928988
63.86697163708216 0.020749900523362758
52.712047102817 0.025388164470464165
62.42681283384223 0.022042133979459304
74.66102637032739 0.01833632019168417
67.08480300456525 0.019770863284950695
55.6384721677546 0.024624753608711643
75.06527006553705 0.018228164850614837
59.43582370667363 0.023125258769239695
52.746098661761145 0.02580487999450745
56.18248389582487 0.023672857454216475
56.49021962955881 0.024273597449278803
57.09304548829694 0.024031557526137632
56.149196320706295 0.024409072087818506
59.08819956080042 0.023253217553095576
60.133951215086995 0.022059177026728785
70.55880682816529 0.01883388115632534
62.59369751006063 0.02197525893774534
67.58756960671516 0.02033770606202035
63.28777278146519 0.02095229763533437
66.47677403714249 0.019956794592815505
58.10514475750253 0.023624954393373893
55.27429982340011 0.02475545303643272
73.71485901098794 0.018575874458685835
79.12487408569456 0.01697974007236195
66.2028628370627 0.020042044184618142
54.505283838252794 0.02448332140014203
52.13631813414519 0.02586408853576158
60.06022759792316 0.02210119695332212
55.736951827179624 0.023899705927181405
78.66418209170163 0.017273900870843725
54.03798437492285 0.025241184020258118
74.48730179113758 0.01791210148781372
69.89549596131943 0.019019280949305654
67.02772811492076 0.019807499226253578
56.573335902073865 0.02421053198338043
53.0034477791611 0.025634626653769442
65.2387024303606 0.020343664301193696
60.540020081210535 0.02192871885360614
76.87138127876611 0.01773221347984897
55.985002554186416 0.02444227463212391
78.58736855240579 0.017281057564090607
52.86046634953862 0.025673314893512135
72.11846143592878 0.01846552058888482
57.73530671304826 0.023746692238755585
53.16058023567948 0.025563085512715397
60.855376039541355 0.0218179729063697
52.63120115650903 0.025584847731228856
79.26006742944082 0.017026781285732834
57.51366214717226 0.023825866788219994
57.02146420324266 0.02401807818701962
53.033055771317414 0.025576800609711597
69.49797505050043 0.01913525981159272
53.38902957539602 0.02512437116718913
65.02723007479032 0.021121777318923236
56.122017260145284 0.023754325800427557
60.3771680634344 0.02273196433599707
53.70567040625717 0.025318244788003888
68.76981655738206 0.019335394732831277
53.20625794721538 0.025489451493689468
77.80859681861662 0.017459493289173605
58.860985891573414 0.023294016785879005
77.40441027594818 0.017565872903057212
76.78400538452865 0.017456588304612556
53.292652995638115 0.025220126838033707
52.96730358712202 0.025471362149494317
62.35403929437116 0.021303249231950025
76.31049247008774 0.017554075651681655
57.36098520932962 0.023866111968972176
58.055089763331 0.023596945209062303
65.98140990893377 0.02080438576143203
53.33089696380498 0.025415704425951903
69.46858223518835 0.019734606650379086
71.62429391293469 0.019114474522420963
53.490630228001876 0.0253567452194874
64.33747419839729 0.020649631262949806
53.48187840380801 0.02534984239681026
54.49069037832096 0.024982958579167984
65.44041035382814 0.020308644875537345
70.21381767854898 0.01896635895535036
75.20941761750846 0.01812925458707258
61.48003721017769 0.02231579241036554
54.992328340723844 0.024781009080257495
76.19190949965007 0.017591198310370246
71.16409016221539 0.019236247086609787
66.28385416354857 0.02005656433798962
77.42172838583714 0.01753312895547397
75.49725283369158 0.017734631690473096
74.0805634207422 0.01842888541165599
60.417256524916965 0.022696422802445083
77.25222174055415 0.017577496028327033
55.321433072527626 0.02416799784386134
72.69829810913376 0.01835880991446671
61.17414547718639 0.021734888184381237
56.207455746475915 0.02375196819390399
54.74467802347938 0.024857926072941496
63.54619104008977 0.020919100927194824
73.86389088648602 0.018095087777493003
64.5526182367654 0.021252786945686764
53.67460998533866 0.025091514022430816
60.01686720483302 0.022835023271403285
54.218140798023995 0.024759107899299214
72.22111529884859 0.018477633685420863
54.05594591236762 0.024866972738128733
53.792927627985335 0.025051214557305745
55.3197216165443 0.024194618648608446
53.80475629020448 0.025072896722567434
60.3101765260712 0.02206652323098894
54.256070196904844 0.02476278074282249
72.11608400744379 0.01851134990743426
54.40033387221143 0.024944305419343456
59.581141981330106 0.022982678898122166
77.22861674516017 0.017445223009783326
71.61429057764755 0.019089606980566595
73.46798221951781 0.01819953446748554
65.55766311264537 0.02029551042444825
61.54529360898671 0.021621409425431608
56.65925695861433 0.024085853594559253
59.51218973871757 0.02238132444110096
71.46221177843272 0.01912806471307313
65.90407201379634 0.020192812869524634
61.115910482958746 0.022416038748181332
76.9999930671978 0.01756609352423362
55.2316660375097 0.024615268601667347
55.972029755580465 0.024336636198573985
55.236040763871145 0.024612273942330246
75.90392144729466 0.017893995892233186
55.544229537401755 0.024122501266736845
76.47802851861658 0.017596493043366558
54.583500832600656 0.024821491857420157
58.74504859871532 0.022701327196399182
63.40655987295719 0.021608928660127556
54.46557243587961 0.024751784575166646
65.47077572551977 0.02092429773240359
76.71072889859525 0.01762025780597625
55.786148562671386 0.024388818566004042
76.55288049193655 0.017619311030417778
68.97009610492192 0.019332213676557727
76.42072007793445 0.017637576566490582
54.5822349467268 0.02473655552366507
58.701158064283554 0.02272908551352553
55.08308393701097 0.02439702464307836
64.53233763471768 0.020634244339075222
57.853627394724036 0.02359753653680604
54.872591040497404 0.024528690538464196
69.29345544045448 0.01925012188019907
75.68836408074607 0.01776684834359968
62.01617575864718 0.02207725490280439
71.68534873283798 0.018643089792991112
74.69441204374127 0.01820459095111192
55.019222985381106 0.02462653046231626
75.53687366687927 0.017799442548994047
75.24144816250394 0.017856074457914515
56.29817649816573 0.023792298024591468
68.11930293438405 0.02008412820281284
61.30877299338337 0.021735765619402644
55.952678421539524 0.024296392706515776
76.16180176759728 0.017753308786836095
64.99700277472986 0.021065174289470523
62.83576665862398 0.021786413077406336
75.77999948462482 0.017870247406987626
75.41469413186236 0.017980569905687235
71.96252609462798 0.018587721988499832
69.63748798461452 0.019170402392223902
68.1921289270037 0.020054453401439642
65.31097020196714 0.020956916113417295
55.1280722146787 0.0245195195765884
75.63582487379355 0.017810606454775075
58.91643264753627 0.023178738591600488
59.675487766215156 0.0223603573011421
63.24372237874226 0.02163969354841768
58.1421324061734 0.02346425133241796
75.64066621990844 0.017898621341557085
57.129740426000765 0.023431056748756555
74.6357056834348 0.01800208314173619
75.70441217865812 0.01785856506432311
55.24781652493952 0.024449342013544664
64.8804049911275 0.02054257133842028
57.07369753247045 0.023460202463823094
57.368043495701784 0.023747224290529306
56.789868151987044 0.02359191220326603
75.36501444778771 0.017877846674297714
70.55604122307896 0.019345698763935028
66.96719268102554 0.020422769282542948
55.54932734616492 0.024242960494692965
69.27255787162464 0.01927744059909797
75.12174420049585 0.018035972093215724
55.49108567491317 0.02435750659303849
64.73746308918861 0.02113174682895371
75.35155423270817 0.017946698565481825
56.26332805077843 0.024131238732855196
57.44607792619686 0.023701434243417713
74.17507748463683 0.0181147101824534
58.06074981260479 0.02347238351628951
67.07173798046009 0.02038314128309524
60.46752305703904 0.022593475766725223
71.54373336872385 0.019050951943340572
58.29486156753612 0.022947094789997763
55.75285283700944 0.024234114192823893
59.05442707863295 0.023099320906919754
74.30529885727138 0.01825757728951585
74.96781735989366 0.017988090888072097
57.416041668948886 0.02333702844031465
67.26575006594342 0.020316806114671543
61.11068918682888 0.0223561341431879
74.91597249218903 0.018013282012545352
68.7053630099844 0.01944330168384331
73.55119049371739 0.01846754114713346
69.8979457186765 0.019519056016574964
63.35385005613415 0.0215772410149803
68.04885956068057 0.020071227392555225
62.14625093155858 0.021474347087446333
68.98096833596472 0.019789187625473242
56.91386659038321 0.023863436414383106
74.43492600489554 0.018196510351058043
68.87525037359977 0.01940181565041201
62.549399258501765 0.02184736544494582
58.308545637745574 0.02295935770466853
60.18933300830544 0.022198041310985142
57.957533525270364 0.023112926018056975
72.43443939296843 0.018779589253085573
68.43955290746409 0.019523328243619936
74.29334369045 0.01822984322097845
56.684510361233535 0.02392513748172874
58.97562002995529 0.023108320964827192
72.17399556789216 0.018581818067815975
69.50411913711454 0.019625081852105555
71.74350744309976 0.0186826806814126
74.0828331122226 0.018285705632313406
63.464189625670215 0.021528310509093845
68.9125798698448 0.019799975304825926
67.03118869399123 0.01992507936346069
68.10439041425666 0.020041518150227478
59.790499809140144 0.022366277712746088
58.90787108697207 0.022723753074998618
73.05091013594891 0.018585903486241673
65.1734813326666 0.020486141715449213
58.90661108772128 0.023119444467550765
64.29657131928849 0.021245727877746465
71.09831693333646 0.019150164576951338
57.85375955662177 0.02349540899703462
71.81033553222765 0.018939038756031062
58.479913079976086 0.02291449899531202
56.619320232249905 0.023854502669106964
61.19551047064158 0.022296629968597912
68.20448431288968 0.0200034024224406
60.39152534657765 0.022142273388628987
59.3164782577345 0.022567811099930456
63.50468369886065 0.021502857675292468
60.40487764538601 0.022138271067474805
57.54981858837972 0.02333538350823907
69.82852687636475 0.019172350845939122
64.79796989323836 0.02061274981880986
62.029639799789756 0.022001716229046852
69.33609852652003 0.019302197829721195
65.2684060445628 0.0209191528170308
64.88013991806872 0.021044942770598735
71.99018266712433 0.018647055208224805
58.83530257252617 0.023128292115395303
69.6835908974858 0.01921416934839111
68.9649607059736 0.019404005735848565
56.891825372362064 0.023740431503762413
68.61782455578224 0.019497903441500975
56.9774353315744 0.02373126254966677
58.83236031611132 0.02278133946024085
64.7590186194885 0.020631297241778403
57.72745229703182 0.023507523548157185
57.504451971258554 0.02338053108305618
57.5079094206025 0.02338026840917801
57.131569534668216 0.02368195657517151
71.21341973584529 0.019095376023241194
57.06698641815437 0.023680222408020347
57.09529161462322 0.023670613490592664
58.701800867927446 0.023157385766439657
73.27625451873911 0.018457241722139466
73.3284866430771 0.018421877927715956
66.91637728370581 0.019983280256553004
57.4858923613415 0.023561566134922787
60.648154415947545 0.022065439062346846
60.56260186192941 0.02249690522278252
73.21912477679524 0.018437987623670046
57.8385504536784 0.023442414193911118
72.93441235977626 0.018477980662188233
72.94270821580726 0.018477964975754102
69.56877696530162 0.01957147723641501
57.357880456114685 0.0235676383165472
64.89600688967421 0.020599732869785656
69.82955043939636 0.019489420611221477
66.2450921520957 0.020189029237574225
61.473678060004616 0.021767000516360546
60.20892299699643 0.022246846008792186
72.51652376337628 0.01857116073411188
59.93883078482223 0.022702825248591525
58.295785326186966 0.02305416084066684
61.810468235483654 0.02164680054096535
72.26714928073778 0.01862553096158416
70.16446010492197 0.019115149613732438
63.16410284311539 0.021173362209887026
70.52234500506505 0.01927676281228148
70.44104573897098 0.019295687068102474
70.82491262554532 0.019180809758437202
60.79202020890526 0.022032498514742517
59.816790645680236 0.022733802892131744
59.32154239943393 0.02262458493080596
57.91016768884973 0.0232923132328746
65.11109199621897 0.020936937839873434
61.02317198615647 0.02195020519572504
66.92144238580981 0.02000500778132111
66.69165503083755 0.020430313946331616
58.52383581031299 0.023159491070656315
61.68907133224896 0.021707190310351558
68.82129889808093 0.019477862998865447
65.22088256663002 0.02089666579036217
72.02414334495265 0.018719717000816257
65.6825688402909 0.0207463758661224
66.55177703795628 0.020470635401155943
65.31091369502855 0.02086537481145727
66.42027198530941 0.020511581315990977
58.648617744044444 0.022945641005986013
63.526064576565815 0.021071166865400913
71.87287130327041 0.018823485162250964
69.19497785335054 0.019387827304905157
58.380695181169166 0.023098220796455647
63.95470807330473 0.02130194029049416
66.43711130601311 0.020157633016881435
71.37688714612148 0.01898248497447627
68.32421982802312 0.019624751858397346
60.62216137710899 0.022126363035771035
60.969087898593095 0.022304314208616945
70.07095048989746 0.01937711005883848
70.10855996065104 0.01916611294613403
58.72793797623822 0.022943309150480377
67.2187724716204 0.020247148311299357
71.2856027476505 0.018907063594684522
63.69417710742666 0.021377490950110652
58.749897608505144 0.02301212562393599
60.22215531728237 0.022549335383358113
59.27041110648205 0.022860315289882742
69.82982635255823 0.019244301154634533
70.27762919319781 0.01913628263101128
67.15231320233285 0.019962742710723784
70.20851609967379 0.019322021053454097
66.26686707537334 0.020539828453302877
68.58337946128012 0.01981794334762605
62.696587234374846 0.021376410718992416
59.63360644657402 0.022552725493946664
67.79400641501489 0.02005801191139714
67.57306513404068 0.019850268749926077
59.186515611013505 0.022856644582190118
70.06460051616341 0.019355785273389436
66.24194671490652 0.020235723779183205
70.99023677271411 0.019049283435156952
59.26546614009382 0.02282351776533888
59.27821435925834 0.022820168527441925
69.97820543815477 0.019225378904391938
64.9983741394329 0.020621023402355446
70.2377245494978 0.019172942728408922
70.29125018905151 0.019161793119065296
69.47340945514627 0.01935690615697098
61.003677892658686 0.022255807358761898
67.95950942427041 0.019754039526653975
68.87599297773887 0.019708089022241783
64.0250567538326 0.02124343918512992
61.56720451846763 0.0220614190005252
64.36045663056278 0.020834415733838624
64.61037830573157 0.020754357847780677
65.92438630231361 0.020345857142241783
70.17863096759301 0.019203553974742736
70.46801431108251 0.019156106786618082
59.9361961591613 0.02246886085682221
69.59439418140148 0.01947559296170692
69.78408575493653 0.019413093319762105
70.36236758998598 0.019205354519091136
63.580770832384715 0.021383181033876538
68.55428568909092 0.019797123730553323
66.20207327515311 0.0205341347496968
66.50653447338274 0.020437299449209093
61.94362280848594 0.02167565218946206
61.29283352672936 0.022142786341013323
66.83950239834495 0.02008224501166368
60.01099674662783 0.022535317306556127
64.23236722886797 0.020889249164472556
69.94793171607711 0.019291862061324452
66.32671007720319 0.020486456171010945
66.24967501386583 0.020262357262434697
69.83601739364065 0.019337457426081305
65.62061348723564 0.020456520969813742
60.632146716311794 0.022323828216104093
60.313090704027246 0.022391502208364
67.66860009861018 0.01986644583584695
60.99430621770538 0.022204506313142743
64.7301599021809 0.02074188897962176
61.53145814744676 0.021860189157081204
60.78285127064875 0.022177956597476102
61.70102178178759 0.02180216223338388
66.69424586701054 0.02015035888566844
63.45579799762856 0.021170660062860086
65.78267154585379 0.02042352768513186
68.28125578669939 0.019838895432370954
62.46244980929959 0.021528645196870713
65.78799771980526 0.0204290130206771
67.92980522033773 0.019941043277835226
64.7868339949192 0.020742297838118276
64.57052003850887 0.02081293518906215
68.60422822544649 0.019707438257323993
64.83726194705895 0.020727921684950794
67.77752380959781 0.01998492010312527
61.383748677240035 0.022007864729039463
67.77452746608427 0.019979902538885076
68.03625312332125 0.01989206534711111
66.88780971720948 0.020264907681887663
67.75981151391642 0.019977965757338415
65.27481433311655 0.020778382923316047
67.71371425436777 0.01998535598420001
68.04551940926652 0.01986378641892224
68.0102497311417 0.019846830781338982
62.743653655499294 0.021580518714674833
65.19953210701581 0.020791236546530575
67.4174868975774 0.020059556968630328
63.297657293560235 0.021392025255711843
63.050730639440495 0.021464424075255242
62.68482906836517 0.021513020985561127
64.29338494000099 0.02106444589714964
62.89760031950238 0.02144453240027562
62.74780348948441 0.021515350001792517
66.98873744238381 0.0201647916759292
66.90351370298315 0.020193728245296205
63.3565018765384 0.021277185343937372
65.01435813437186 0.020731993070397567
65.49969532567223 0.02058318416217708
63.63753488136675 0.021237733345946155
63.967541911930155 0.02108887052647143
64.15464402964007 0.021071923814691227
64.49047775843711 0.0209663141851525
64.24677370602842 0.021018281110624135
