s_mu s_sigma
1.0052565987013748 0.8010699663189579
0.9602497812500425 0.9080475093563743
0.9485025499023505 0.9247471991983878
0.9187116791828547 0.4694469431878076
0.9697104440709803 0.8335409744261576
0.9671588437511452 0.838562639859561
0.9364436496159332 0.51509664794621
0.9546502859613492 0.8499885622517828
0.9113959013249456 0.9181514793805012
0.937255288095815 0.8783394548386777
0.9468889432731882 0.8592960155909332
0.9087960986866286 0.9073136860402451
0.9546109354374905 0.5696956961841134
0.9279971727588924 0.8772440904511671
0.9600906751258568 0.8087008570772323
0.9166351519330243 0.4865715886180599
0.9165612994841229 0.4870483057450409
0.9619541135783197 0.7926719279771741
0.952910220605244 0.8175592115722217
0.9543501962775923 0.5764261091088584
0.9353828306792692 0.8477869321650858
0.9116050211328441 0.8869893484280441
0.966087817502616 0.7498653879085797
0.9330623457391022 0.8442500966464883
0.9420999000932228 0.8249281443889029
0.9671684119671522 0.7298543281786547
0.9075950080970483 0.8827797363491469
0.9432977898328418 0.8162808850322806
0.9669433437411786 0.7015364063046681
0.9096290881358475 0.8764181673653031
0.9164488766665121 0.8637191965167869
0.9654816426542867 0.6874588434804849
0.9419167718260982 0.8055879511501549
0.9604739722183108 0.6377465749814278
0.9582132376143281 0.7456094314202798
0.9586881599146108 0.7262164329084265
0.9519444166042719 0.7617699148504443
0.9071104744493776 0.4860489413585608
0.9498923757667459 0.5983172246104163
0.9595055716536846 0.7003427978733325
0.9171284874439914 0.8446757607980385
0.9581085765088143 0.6556373584311317
0.9094182804051195 0.4923744791042687
0.9292911616255694 0.8173105126686199
0.9425254238474897 0.5763849213398214
0.9514531311463378 0.7455261880800614
0.956086636721814 0.7116968888573483
0.9570242158999662 0.6649448721474763
0.9385742269411688 0.5651222058710106
0.9329011173130692 0.5485110315185521
0.907368826232366 0.4904100786215082
0.956357042583071 0.6618324742557283
0.9183334329129499 0.5133317781364186
0.943681453301147 0.7704063871395311
0.9472152719953173 0.7561838449405854
0.9076573278739051 0.850553113113633
0.9163170408698387 0.5099351368410555
0.949326460985556 0.7446372442205259
0.9456974883969437 0.5955243653679323
0.9511151247425199 0.6232436057752088
0.9359860902478685 0.5609147215900511
0.9413466861819821 0.7679754522614726
0.9310771952873445 0.5496829820398079
0.9494166236733074 0.6216293994354819
0.9460855506799276 0.7414738673346664
0.9512945310451904 0.7040783461661162
0.9353005791160958 0.7795353296943057
0.9388099987080334 0.5781014097442927
0.9495456965024194 0.6324381487903309
0.9164410580578856 0.823269355704383
0.917322941438354 0.517825353980378
0.9510836161384524 0.6536740348360018
0.9481935414628899 0.722288556930592
0.9512017177513551 0.6606444235528057
0.9409682595060027 0.5895431650249975
0.9305754585280165 0.553888440990418
0.9241516620573693 0.803431942745095
0.9307583959366511 0.555296508243247
0.940119835132375 0.5898984189855093
0.9164723837102696 0.8159753428302715
0.9483667133445306 0.6434162085417344
0.9318339572078137 0.7784345005354399
0.9439466633351792 0.7330627161517377
0.9205764305009986 0.806175029361547
0.9460108488755568 0.7198378919555668
0.9471043705917723 0.7115494229258469
0.941560253952648 0.5989769638604682
0.9479352312726608 0.7027500683210918
0.937990746925879 0.7569188600044843
0.920392951407394 0.5297875605512217
0.9478060561362953 0.6435941771844081
0.9200462388406381 0.8055615547053668
0.9308908166150581 0.5596741940273305
0.9105859758341214 0.5071733334912264
0.9086788333312513 0.8268422146888026
0.9468863519976285 0.6397549066675421
0.9096002762271361 0.5054055937598241
0.9050036378130536 0.49567196723481005
0.9422339828969489 0.7332123570998763
0.932172274726877 0.5659302466937376
0.9479822987345069 0.6722765383048502
0.9212930636755714 0.5339610879327534
0.9331518251541282 0.5702055492535311
0.9426453204875553 0.7276421605437995
0.9021408133950946 0.8356410528485241
0.9056421789329875 0.8283226840358552
0.9234031764485792 0.5412575325753781
0.9457117710307558 0.6983854451854115
0.9444491437931029 0.7074750375997291
0.9426074040467516 0.6183077542889788
0.9162968269714914 0.5238023864768102
0.9462966676227667 0.6717296726088627
0.9065972935416591 0.8240094795019741
0.94584257898988 0.6531230003275352
0.9283259943704057 0.774492220166088
0.9375903884977772 0.742339167369135
0.9456294441534981 0.6828279875774044
0.9023629090256321 0.493074041767551
0.942805813471037 0.7132163959398082
0.9311260016412026 0.5680734149273801
0.944666197254751 0.696099673592898
0.9242623714583733 0.7843942101386838
0.9433744504333175 0.7078505345056165
0.9027539092268605 0.826541346884314
0.9437230012250941 0.6937886565696052
0.9102315723532287 0.8125183133431301
0.9297329916203012 0.5663956809427931
0.9306709245918282 0.7600178769816954
0.9147876645758359 0.8014290060984558
0.9313086017644184 0.573913699804892
0.9438215272754229 0.6720601997250394
0.9422022722034659 0.7000105746227255
0.931554170264982 0.7551528669756701
0.9306936523303037 0.7579639324352251
0.9427547623735408 0.6411524618792503
0.914703815060149 0.7999649856014835
0.9158428403924596 0.5273292288993152
0.9431461646851587 0.6512346040047178
0.9390760505656481 0.7191489145829715
0.9227529601272867 0.7794002005548262
0.9422197484423723 0.6401555651852706
0.9428792306526923 0.6521065701256755
0.9345935328745142 0.7402761266491825
0.9353307410483201 0.7343784932404372
0.9421723354693862 0.6507013520186918
0.9102253393666037 0.8054548393486891
0.9418365502886932 0.6479560413103052
0.9148455008754061 0.7950401104329906
0.9415731160686093 0.686813808333402
0.9123277031395655 0.521232944759129
0.9297725966529728 0.5742751750299775
0.940799308480575 0.6861031403104585
0.9337971498764757 0.7335831699793189
0.9108643486188088 0.5187597954761222
0.928490150864397 0.7526178538184746
0.9169013553014637 0.5352619096266262
0.9404043998662828 0.6512016263269003
0.9401178736808113 0.6462025108710102
0.9404356985987545 0.6723685051470828
0.9100616575591545 0.799399650628216
0.9400935885139634 0.6495213781378282
0.9231390254313314 0.5545686177234349
0.9360589072469896 0.7159068097434959
0.9401876039616606 0.6577299508148268
0.9399801923886544 0.6728211610147068
0.9398841807600307 0.6576045617000579
0.9278004911980899 0.5720867638825531
0.9158619544737083 0.7843615913654713
0.9282348261095489 0.5741912246082208
0.9287369747003701 0.7460297182544338
0.9321468009367833 0.5914089170733893
0.9182026184642282 0.7777633106839704
0.9393736961769892 0.6733279569152726
0.9346435509485993 0.7182360182093013
0.9362427268787914 0.6189209417046488
0.9313120358552861 0.5900542624966929
0.906985691293843 0.8011152558621211
0.9008333971153455 0.8130655915505896
0.9362714967159804 0.7036277164943436
0.9349672902707963 0.7118061004937023
0.9094313289425416 0.5189944749246338
0.9111212025746324 0.5234027459023873
0.9384812087021471 0.6728597952470626
0.923879655008123 0.7578315280143371
0.9225935117232281 0.761453888290784
0.9374372796956663 0.6871532066054504
0.9167718586979038 0.5394047494969355
0.9291030024053419 0.7379166881719177
0.9381072952192381 0.6521898689481652
0.922056768833365 0.5559915276934227
0.9157904373460274 0.5369239724423457
0.934119683147814 0.6093308046472321
0.9351825522969257 0.7037203660994407
0.9176701683724721 0.5429460818709594
0.9110243490431383 0.5245667899433194
0.9042699854827891 0.5080336330818371
0.9369129503146031 0.6841997374484062
0.9066245029380923 0.7974309222206697
0.9220535076955222 0.7586902760605329
0.9346497204074573 0.6174748046075943
0.9311559965743613 0.5960716672402285
0.9181248394070481 0.7690419591014854
0.9364845655113971 0.6826854482552814
0.9014512027103141 0.8064456944582886
0.9331753212246087 0.7104575233661923
0.9300700042374254 0.7264112469789581
0.935022854518786 0.695554359164027
0.9200837601606378 0.5526880587807679
0.9015910865259822 0.8053942844567162
0.9008921229445235 0.5015874120217106
0.9267000663711619 0.7383995649975911
0.9174447625979496 0.7679189493811208
0.9341839821702684 0.6977699580541494
0.9362794501023852 0.6546548728314316
0.9098298621543678 0.7863656163427192
0.9030113451708037 0.8004844453250803
0.9221385555401514 0.7524391051295201
0.9350357808807673 0.6849642408260346
0.9212115442202883 0.7549862289410656
0.9299673802222683 0.720862508192408
0.9353090824078341 0.6785658973442793
0.9347236735544109 0.6336054874853939
0.91860367914431 0.7614575249707326
0.929522106254693 0.7207293537910109
0.9005254133049779 0.5028167944054145
0.9331020022262314 0.6961904310202459
0.909016757829289 0.5238598778682093
0.904010506665282 0.7948888656166117
0.9328128871969055 0.6958943932123082
0.9208015001930969 0.751522626632125
0.9216841902963788 0.7483168042214193
0.9247703197114472 0.7369141395757103
0.9278691561640462 0.5902995974606506
0.9209487475712979 0.5613452995757716
0.9329061061369713 0.6246129003294445
0.9151152662782178 0.7671092688732413
0.902067731943214 0.5076435172555424
0.9243257270434214 0.7370108020794794
0.9277476884315573 0.7218711290318052
0.933094075928639 0.6299388951179231
0.927054345368461 0.7245757119323593
0.9062220322000928 0.5184031450234233
0.9297078861388045 0.710763677135884
0.9189393094356527 0.5556716601021805
0.9039721369625865 0.791722714397298
0.9013518797731345 0.7971125766474866
0.9320501388584996 0.6226405638745872
0.9045200190242628 0.514656349720289
0.9073715919895483 0.7836279658591547
0.9337481624726076 0.6579995847896489
0.9234555207673905 0.5739938196663859
0.9067612706416808 0.7842650366307723
0.9070904618256095 0.7834511034338273
0.9331573791374916 0.6699591002205386
0.9324815391003406 0.6807625073141311
0.9185935317503027 0.7522946802583884
0.9231803149625746 0.7364742883974023
0.9249505202013308 0.7280321151815089
0.9308753057367254 0.6942807008221938
0.9299552134449943 0.6114732913108872
0.9286186310004485 0.7082237454675466
0.9314103949281647 0.6254689615980678
0.9246956670136538 0.7274812574024203
0.9286277187643456 0.7073098281230182
0.9048953289377177 0.5174152083348105
0.9253171118459599 0.7242545694907366
0.9168517667277931 0.7544650303426839
0.9214393210710947 0.5689950996252593
0.9012985067682049 0.7926076990548652
0.9267068429855461 0.5939552530051788
0.9193261692770781 0.7453920945104302
0.9048644218998162 0.7835814674505642
0.917697748305463 0.5564550619397419
0.9304569068845282 0.6873363030286259
0.9105930501323334 0.5343741946437595
0.9215761751969707 0.7345567237697468
0.9270215995368813 0.5996196865658028
0.9313862461703711 0.6654396088706139
0.9263974576883057 0.5965064821662094
0.9232518085221153 0.7266862578504955
0.9186634442386202 0.7436906574248815
0.9266673947664538 0.709168601949329
0.9018430044844661 0.5120234015530019
0.916245355881305 0.5536676323644728
0.9226146638672352 0.578732103464837
0.9152934827051683 0.5507579689080272
0.9270281417179972 0.7041459180005002
0.9292631736995125 0.6212844175676312
0.9053462859205825 0.5219545453928889
0.9278640381441772 0.6104863175760159
0.9263906275601913 0.7062214197930858
0.9116398216215631 0.5401656072937306
0.9248744935913878 0.7140575225447953
0.9012151091948747 0.5116705581173306
0.9301018077774665 0.637019137430164
0.914407650889752 0.5493451590255151
0.9302426162261568 0.6651519452441671
0.9256947478331311 0.5978894548452695
0.9264532356524569 0.6029450383266133
0.9288810467464454 0.6239905634774501
0.9260013607048408 0.6009659844098664
0.9279058007842343 0.6914706922048217
0.9128250158562192 0.7559286144106818
0.9176426760807842 0.5619630929467794
0.9281367444622446 0.6185195615142547
0.9043095547706554 0.5206405718433971
0.9041923490109552 0.7777211502784264
0.9283609700597455 0.6846486633918685
0.9018221602022073 0.5143787847608302
0.9253365718345742 0.7066273166755204
0.9061563118321493 0.7716178923044437
0.9192078209607567 0.7328297449603481
0.9270499034373065 0.6921375874703388
0.9293930121011397 0.6587746306112557
0.9045882152774551 0.5223143204259684
0.9101488665847879 0.7611205822663373
0.9239960028718205 0.7110540524363484
0.9022779432348755 0.7801922739221915
0.9130216779675379 0.547688856459211
0.9155487112158461 0.5565134538478624
0.9208705644272096 0.7246380081373794
0.920769505425607 0.5778330739936809
0.9192894188601151 0.5713527445773225
0.9245477740493709 0.7057552399019944
0.919153013808251 0.7306743704607565
0.9207480857188697 0.7239861418688873
0.9289169021716532 0.647825351500182
0.9145451530923152 0.5538301014527154
0.9251883396254246 0.7002448740241094
0.9240195876505445 0.596180703320901
0.9274165886641875 0.6230189624011839
0.9220652547062512 0.7160566248856143
0.9104594865217777 0.7566794850969127
0.9270407309011881 0.621385696831127
0.9279457987098885 0.6350770790978996
0.9280720333454053 0.6655888216574897
0.9267603212095988 0.6195950001314179
0.9283236070537282 0.6510683426227638
0.901184146095597 0.5154921607637374
0.9269780767469009 0.6797534477779898
0.9094549008238599 0.5391173211337974
0.9274608409958193 0.633243995568716
0.9133299955052039 0.551891857624637
0.9252081396520816 0.6931871902515164
0.9274278917630419 0.6696184982391636
0.9018393093124364 0.7763710720681006
0.9241916518241973 0.6018144456812932
0.9088729655213521 0.7587176022011797
0.9075495101234606 0.76205428346698
0.927749208914266 0.6444578413690029
0.903237401778227 0.7725016649401443
0.9041726677388084 0.5243663179919611
0.9206556300399202 0.7174471181821669
0.914306376215296 0.7418154231284201
0.9243889775402309 0.6054750286358683
0.9243953783457962 0.6058043454519308
0.90320147054816 0.522319631471433
0.9034853791008052 0.7704335115374665
0.9064778254981407 0.7625157061562903
0.9258373797917846 0.6776893661579164
0.9028470133879185 0.5220589780008121
0.9018550431335989 0.772960821561164
0.9074811173210667 0.7589364152083726
0.9210888029957156 0.7109209388069878
0.9264822184149056 0.6337456124402552
0.9258004313158272 0.6235968086940173
0.9261245292173627 0.6279948874747663
0.926626681845531 0.6634097318394467
0.9222543036695628 0.7042723898503462
0.9118500249823105 0.5496024795108562
0.9227356776552538 0.5981217484340647
0.9195628552261086 0.7174920911939663
0.9250219836354112 0.683837457143436
0.9217848165003449 0.5927017037319676
0.9166259633348 0.7293863944250549
0.9256161821477936 0.6763303984180997
0.9051763773258953 0.5292721941155631
0.9205704613958319 0.5867279355861662
0.92601500913987 0.6682793832733781
0.9241712683173542 0.610998897026726
0.9170023989142172 0.5705003228670527
0.9179261274325986 0.7223339208324511
0.9260334206993337 0.634855317750166
0.9233870495421082 0.6061512085705034
0.9158435477936602 0.5662510940655691
0.925112671084266 0.6229061396757015
0.90564107122038 0.7606401081928991
0.9258666968486424 0.6392241025757113
0.9255296476265444 0.6673968718840985
0.9229120884241089 0.6042283414546131
0.9167893007540515 0.5710205413773926
0.9090416312105494 0.5424457476808566
0.9179374947185825 0.7195582440159203
0.9250252016824468 0.6267948940244487
0.9110844141156802 0.5497011057424528
0.9114841053888074 0.7424026223865424
0.9236821412641057 0.6847521089020852
0.9099363166183819 0.7468817029141581
0.9131196760118692 0.5574101506407866
0.9225950905397399 0.604474620143672
0.9117713995554573 0.5529364424573465
0.9100617854281737 0.7457363116507382
0.9238535243249523 0.679760620964276
0.9180439193968244 0.5790717376994322
0.9054161926709113 0.5325810921002169
0.9252922694651651 0.6442729383374791
0.906567448409465 0.7552571893066647
0.9215282103611686 0.6971612375184195
0.9008069626236749 0.7687210799074208
0.9115029361964869 0.7389744085073053
0.9221254222516575 0.6902109357259019
0.9142083712476747 0.7294343656195206
0.9239166445993973 0.6727573799897156
0.9204795473988917 0.5950298531571803
0.9240332575717479 0.6691779631294191
0.923845873591179 0.6705035652238854
0.9183164753513752 0.5834460246294441
0.9245034254754225 0.6508842641801056
0.9231153907833655 0.6182167004156921
0.9237447031852933 0.6673142203022862
0.9122972036854827 0.7336670539916773
0.9106172513673036 0.7392558039023431
0.9236629717587518 0.6282605622521047
0.9099066488195339 0.5498599489934526
0.9040420129442518 0.5311889408446513
0.9174192346289113 0.5813608754564326
0.9040742419104678 0.756859088835834
0.905673416075756 0.7523366013547913
0.9234594964943676 0.6315579766021039
0.9201811386436209 0.5989868551231524
0.915802218548652 0.7172276691563044
0.9162006833876959 0.576649858580982
0.921957946479211 0.6795563307558768
0.9233792625325707 0.6560614143696557
0.9222345767551247 0.6187208425295474
0.911341967885716 0.7326430425493493
0.9223222332516895 0.6723931263582285
0.9206380482535966 0.6879462253407581
0.9196375447759192 0.694881361062094
0.9230978160101659 0.6359313176934276
0.9198089409677362 0.5992887689919624
0.9167897197382935 0.5814300605592934
0.9160410778351333 0.7133429691193282
0.9031967810628809 0.5304369448243069
0.9057319445265232 0.5383166417318562
0.919081550441395 0.5949794557966711
0.9026764043015808 0.7574617866588996
0.9219952373247203 0.6731999386406073
0.9217712113542007 0.617317223623387
0.9175357072936231 0.5863251854107786
0.922819657600658 0.6576418204179686
0.9071564738265687 0.5432478316477947
0.9040073071151962 0.5334487492362228
0.9215786392271875 0.6752052180338657
0.9129560266953167 0.7245170674053797
0.9169915653063194 0.7069067947352689
0.9194988695946428 0.6923578969873614
0.922721937656074 0.6377599935413764
0.9220142275432366 0.6692623786414467
0.9226450646870195 0.6561242102865955
0.9224566799963413 0.6321079223085257
0.9207905622609162 0.6810139387531484
0.9131591444834894 0.5667850394336702
0.9224234916340389 0.6571393668799502
0.918708345062689 0.6946742005188644
0.9192741221854626 0.6003643940083756
0.9223253075134749 0.6531149751918954
0.9061935540997517 0.7447090445725799
0.9042157612163371 0.5354075544082774
0.9093148944117474 0.73479968267067
0.9201811362143002 0.6089303446466018
0.901830576722925 0.528472326769063
0.915958995167358 0.707610469681829
0.9131003252852354 0.7195724974388032
0.9211588071244788 0.6224529144080292
0.9211986058033821 0.6677957468419102
0.9137713387660074 0.7163766822777698
0.9215178177250074 0.6296645845100158
0.9190640412629181 0.6025510140833532
0.9026202762504058 0.7529027220267338
0.9064573604309281 0.5437705710251554
0.9212209999936478 0.6266956133406794
0.9216075611735254 0.6548663201941959
0.921745330542727 0.6445639255628257
0.9204597444540012 0.6168050951629418
0.9196745437667803 0.6090329460170081
0.9190990717412214 0.6846900497205105
0.9181356704684313 0.6915288554572331
0.9053861990505018 0.7437505479467922
0.9056470217079475 0.5418873385763784
0.9139752464543444 0.5745257558245401
0.9036273883838445 0.7486073855714734
0.912602673009986 0.5683626717990901
0.9176856808150523 0.6931998121210119
0.9146202051062629 0.7094177957302442
0.9010808212517661 0.5280062560132811
0.9086853329210827 0.7325341591087934
0.9120814765797759 0.5666972084070131
0.920699348583478 0.6627267708748065
0.9207402042420703 0.6279260253349319
0.921083713793213 0.6415562564120733
0.908389568831905 0.7324983613573331
0.918250806657166 0.6866056640597842
0.9150348175520344 0.5815757979683811
0.9209276621727936 0.6533235817877586
0.920601156260054 0.6289222413274352
0.9087750085968922 0.7305603045398972
0.9126570170005533 0.5704294240096088
0.9193231870555052 0.6752154984589145
0.9182409966318033 0.603332558748936
0.9183427673213799 0.683080147438225
0.9066209343026129 0.5471285840541384
0.9206016611364827 0.6519812953620666
0.9116041280730652 0.5667653598742612
0.9044160368998607 0.5399766390359474
0.9185129733239799 0.6803474045751247
0.9099569400861256 0.7247610018786207
0.9197200099115189 0.6665128177840254
0.9034091514390841 0.7453794648816119
0.9198748227833 0.6630316480364062
0.9197883222599279 0.6628718709013904
0.9203337165582939 0.6460970416500843
0.9025065367480303 0.7471525442583128
0.9134886544762193 0.708494971691738
0.9187750658628405 0.6737673462148807
0.9107308908169606 0.5644956729252314
0.9177631948473564 0.6041578507247463
0.9165616752665966 0.6904652081020382
0.9060998727555974 0.7351716694900415
0.9168917205089061 0.5988446240633339
0.9181134321047084 0.6774050150381719
0.9198995663986651 0.6408693740239372
0.9108508939187452 0.5661719020557733
0.9108508939187452 0.5661719020557733
0.9121400696285071 0.7118458003215562
0.9179623702175155 0.6097743652633079
0.9074307267156752 0.5528812608093561
0.9161070901172587 0.5950688204829622
0.9141277486917938 0.5830102826250094
0.9076547014924575 0.5539235269907168
0.9080493483334806 0.727019149061458
0.9164623678019369 0.6870746151105547
0.9194605103497495 0.647535643397763
0.9169177416903285 0.6022380780712235
0.9192763891571859 0.6542756207171554
0.9067550226022006 0.7307975907686182
0.9047843573268259 0.7366223431079583
0.9192454053316657 0.6375607077349458
0.9003904171783799 0.5302263607364217
0.9021562782437534 0.7442121763016638
0.9147713754474636 0.6955225324899253
0.9051773691046506 0.7349763795163216
0.9143278999760857 0.6976466285639427
0.9146569668920579 0.6957689290308033
0.9179747275386358 0.6149755844221961
0.9191094454322016 0.6371643513769024
0.9050058054818536 0.7348365876099198
0.9108935131408844 0.7133550026087784
0.9141243083362608 0.6976963099398081
0.9068703408703038 0.7284222288779865
0.914469522471188 0.5883737926016022
0.9164707671055898 0.6025143449561347
0.9021874476223747 0.5367209498796899
0.9099414260186242 0.5656199119870454
0.9184449746480297 0.6272832864673595
0.9178550163476555 0.6667592690276627
0.917041077596961 0.6088499180399811
0.9132438186098436 0.700346865500363
0.9023525717222511 0.7413865961006052
0.9057050669365063 0.730842550710539
0.9130342805100203 0.7011670178780505
0.9093113058437606 0.563678195159869
0.9174171768634802 0.6698535686728647
0.9002811047812883 0.7470124445488686
0.9185939834977785 0.6454074975810511
0.9156198992530447 0.685393779583397
0.918058051786954 0.6236183297262453
0.9085631764938216 0.560938253316061
0.9118783971911667 0.5760821158076644
0.9127682538847809 0.5808360379829174
0.9153652251953261 0.6859607331103226
0.9037572230186638 0.5431560972096325
0.9131367956026497 0.5833498272879755
0.907318155021246 0.723965754101563
0.9149434354972072 0.6881313350245405
0.9091604143263373 0.5640447594533452
0.9100643307321035 0.568161503275489
0.910548733658641 0.71082413331601
0.9179529775534997 0.6563802582740967
0.9178706758779394 0.6580148139687164
0.9146439148759972 0.6893798620202277
0.9156515776337617 0.6822798595848052
0.9036470612777839 0.7356795246745708
0.9172699789319054 0.6180071031914046
0.9128716401128687 0.583021881297702
0.9069756193692387 0.5558779584494914
0.9154589102360138 0.6007274555124834
0.9007222711371237 0.7434290166462231
0.9162572684659535 0.6743006122697114
0.9045249364691813 0.547052867877922
0.9142620680552641 0.6890124840933514
0.9151842204476357 0.6824545983150944
0.9043525017903982 0.5466884474621115
0.9010202512627351 0.5355697692853151
0.9173220891436095 0.6578532021705443
0.9120426752567661 0.7003684986025961
0.9170173567866792 0.6617333058554833
0.9176326337759859 0.6364782357267542
0.9166839060630099 0.6166379020174267
0.9174581273917116 0.6498762281537678
0.9110030994714574 0.7047853522512378
0.9063202157783377 0.5547916631415691
0.9130942070756155 0.6938227354998019
0.9107327930729853 0.5742584899496571
0.9068303692506818 0.5569401670778877
0.9059202324437543 0.7247836323857727
0.9171195995668848 0.6271705819810137
0.9122087287143128 0.5826035653650302
0.9164447400209665 0.6165455231231081
0.9065600116714496 0.7219981844304971
0.90577416097276 0.7247054821550079
0.9052127655142538 0.5513744819579725
0.9015175031616867 0.7380892405277125
0.9156766812734738 0.6090496812422216
0.9045039226292387 0.7283607506351822
0.9045673645768937 0.7280719572203238
0.9005547565906115 0.5354673021962135
0.916830641129935 0.6551032172063163
0.9139026858504464 0.5948565625853023
0.9022271183047025 0.5410934441802463
0.9146412412084155 0.6800966456440625
0.905604192358284 0.7239837232812267
0.9081683563733933 0.7141032814998356
0.9081245103851229 0.5640751471808986
0.9169446338104587 0.6352936672507205
0.9140873070816918 0.5975311209377975
0.9114313306723838 0.5807200966570061
0.9132725984989405 0.6867820231676035
0.9110563631913507 0.5797570276634221
0.9051553449966419 0.7232602383635167
0.9095533563827781 0.7055786742149037
0.9158072025477516 0.6191368311904133
0.9153337289046933 0.6666928720965357
0.9160045776397424 0.6569500073557251
0.9051018427472725 0.7225348277607648
0.9066450163023653 0.7167985091048438
0.9055962563195838 0.7206451922099476
0.9038514876386361 0.5490574005975993
0.9017994176947652 0.7331283003485011
0.9034007646358322 0.5475303132424886
0.9089923414359127 0.570898116954842
0.9161884920496486 0.6448895812839135
0.909943852242033 0.5760946257798335
0.9047996045650935 0.7225693323463028
0.9146015404196508 0.6699646022750484
0.9119954269873082 0.5884488241682667
0.9147640126651945 0.6112363345623905
0.907699000468462 0.5659349284347526
0.9157050420328108 0.6290838377095188
0.9128903924228082 0.5956748556759913
0.9058698341465353 0.7172208853031002
0.9157604435098587 0.6455890509385455
0.913098238933916 0.680579000596279
0.9090292646528308 0.5728290180704743
0.9140044810743996 0.6056440785890584
0.9017078540639888 0.7310851000109442
0.9145842082060507 0.6658225809983793
0.9104904444518306 0.6958598704861815
0.9150060510987219 0.618980423768866
0.9065051695991564 0.7138634424629768
0.9154986436274394 0.6319483609830069
0.914487324914427 0.6129029425227377
0.9152728551150581 0.6527663494751897
0.9070992885953639 0.7109369234308842
0.9058539859036973 0.7158269724306611
0.9057317441529442 0.558906813569538
0.9002891654456445 0.734140130072412
0.9039559045244411 0.7220999873718374
0.9025065253063811 0.5467336363376584
0.9136984385575889 0.6703642269858955
0.9147821748099143 0.6564904745892588
0.9150285451305399 0.6511892108489247
0.9138182693853673 0.6690192774256413
0.9121042476128446 0.682977398618124
0.9046128288528714 0.7190650615993452
0.9010958349325883 0.7304605201271623
0.9149906676787736 0.630811006628283
0.9026582299339135 0.5481076473056932
0.9017518769334819 0.728177742896483
0.9129400593808576 0.6020856464916835
0.9107712632085434 0.6897095076314342
0.9133247538917578 0.6708828022727542
0.9101479124074232 0.5824994374175895
0.9018240251620671 0.7275893894970136
0.9123760168837903 0.5976665247927663
0.9007065926012203 0.7310283833522812
0.9001993523712207 0.7321855116788399
0.9043604433135477 0.7180551340698276
0.9146998857048163 0.6467383083315354
0.9082094155726643 0.5728253519089119
0.9095583492736751 0.6950940115578178
0.9139472340543182 0.661051716930622
0.9081270549353774 0.7020561090405493
0.9145907374225397 0.6287325400822583
0.9089010876172491 0.5766815550107601
0.9146850792607535 0.641543703124412
0.9030724576795852 0.5507236575687622
0.9145322974714282 0.6482330219735082
0.9115805702135895 0.5935964323033713
0.9133202394828321 0.6090180579692741
0.9115126666419407 0.6824132643375789
0.9120316769662282 0.5973057599407706
0.9086296267624352 0.698943516647796
0.9145857330378528 0.6401109144210344
0.9079921258113229 0.5725812549589279
0.9139239224916398 0.6180078036998866
0.9072264865138662 0.7051020760411549
0.9076017495309585 0.7033673782367578
0.9066635196555501 0.5663873787805772
0.9123512331690714 0.6746227774729461
0.9128680233492515 0.6699247220291566
0.9075341900220405 0.5707389625003516
0.9140216137351377 0.654569337749408
0.9064539407791191 0.7078771818271209
0.9143020899595208 0.6288543571992065
0.9039067283352541 0.5547719723630944
0.9002981089290973 0.7301351328358279
0.9142790591904334 0.6436323420448942
0.9030307655119622 0.7204967350554915
0.914101966376331 0.6487472251553568
0.9097866483730622 0.5840293855874803
0.904926500767673 0.713073300306935
0.9073094479049595 0.5706484248451942
0.9106020956178867 0.5896769602424241
0.9132644991787621 0.6615670371114909
0.9097042753345048 0.5840612901611885
0.9090317356654476 0.6937870900043316
0.9140580112875063 0.6433401041651966
0.9132223081725888 0.6147099768695713
0.9029310088270159 0.5522054318829939
0.9064571176366929 0.5673666949403717
0.9127029432727642 0.608859495406925
0.9139752324027381 0.6392944874296772
0.9046972607309797 0.5595222402011928
0.9113611724168281 0.6776499765537517
0.9115485302529919 0.6759300078089204
0.9129988608550474 0.613518836026984
0.9012272105601212 0.7245865718957625
0.9123359468907325 0.6070080429869613
0.9025147695566836 0.5513361247862404
0.9109670893382887 0.678859150203143
0.9125798821302677 0.6634525001150064
0.9136067961254541 0.6393969866691093
0.9068041682327423 0.7017613203589804
0.9130791811929256 0.6193275893668899
0.9133589747176114 0.625685568615403
0.9131545619965632 0.6211356129851723
0.9062413939801517 0.568038560565811
0.9130800268085212 0.6201485496644585
0.907576848958747 0.5748708925640564
0.9133007876050802 0.6253643166796403
0.911182970131615 0.6751184401498599
0.9076640749128784 0.5755309034764722
0.9130300246495391 0.6540583056594212
0.9101707427920178 0.5909126754297553
0.9122079609248399 0.6087942204762368
0.9001265159334628 0.7265758995906684
0.9085039726747659 0.6916015177028783
0.9133270997655011 0.6334170867362192
0.9128273382739833 0.6550549582514398
0.9130288230423329 0.6509080227751306
0.9124267326561006 0.6606085023351536
0.9119323894517997 0.6657265091545446
0.9110123036160995 0.6742416980527258
0.9087320019171014 0.5828646966033212
0.9097378510174927 0.6832443463203518
0.9055836665137522 0.7049715580051142
0.9064797737068503 0.5706275411518571
0.9109025765525034 0.6743628673969978
0.9091772391614007 0.6863748396574257
0.9095276281980904 0.5884165981584177
0.9114364027698307 0.6689530386803254
0.9130807961016248 0.633735576643601
0.9017082397420922 0.7195889721196594
0.9086607412510619 0.583242111903135
0.9030080759384839 0.7146881068630032
0.912771960845116 0.6497008225527181
0.9011228178510773 0.7213287743982528
0.904415288122874 0.7088401024535688
0.9019169391255797 0.5512687571360512
0.9087049048123178 0.584281368519453
0.9068363967275165 0.6975966340152369
0.9108466137705411 0.6724128827908982
0.9111462141166753 0.6695166091277444
0.9104664934258692 0.5970550238456815
0.9122531673572104 0.6167582584929316
0.9047796850516827 0.7066563719738074
0.9108766971645128 0.6009842893626385
0.9121996512048897 0.6167296372044173
0.9045547597085859 0.5630214531920199
0.9109342215388714 0.6704436249287925
0.90813315101026 0.6893676078831988
0.9022218543854463 0.5533906252568437
0.9123786670473941 0.6226023436258431
0.9099512037404451 0.5946116505970439
0.9068197638648917 0.5747354077174054
0.9117766995585393 0.6128189152950586
0.9109912441320996 0.668183081679169
0.9014754327079734 0.5508312066016188
0.9115217118850283 0.6106739980588919
0.9114846660703648 0.6616379158855594
0.9015478428014709 0.5512953298915086
0.9121968184423181 0.6225208756909274
0.909776574323828 0.6769293947407375
0.9055181978070586 0.5688298251493167
0.9114315422123965 0.6105471687364029
0.909666293051238 0.5937312384876031
0.9121632569003362 0.6492819967052633
0.910919489338829 0.6666403008924294
0.9121960486836075 0.6243474056974341
0.9104279203569539 0.6006300209558045
0.9104279203569539 0.6006300209558045
0.9069749174823643 0.5771423204270397
0.9119389167634594 0.6209149502219742
0.9120671655879986 0.6473238200597199
0.9114196942147393 0.6588469711899275
0.9103714894513583 0.6014148491693598
0.910608712795544 0.6037688908925717
0.900035385440897 0.721393880833175
0.91146485104485 0.65715759188332
0.9120672386412395 0.6278681315917357
0.9055988003243879 0.6990999219700751
0.9086558319974741 0.5886552361283738
0.9045140748631201 0.5654390275812247
0.911904794469802 0.6464356717691727
0.9066815083754971 0.693198875851448
0.905950381233895 0.5729274717397208
0.9115453919771339 0.620464214997426
0.9104148026492082 0.6049499951741308
0.9112815524877473 0.6548871990496161
0.9084203112889826 0.6817049765699905
0.9053013697993443 0.5701430891326021
0.9001502323507854 0.5477940750732324
0.9093730717824331 0.5956686996903252
0.9102452729059562 0.6667817730074169
0.9003384685579117 0.7185319165547072
0.9078626933762441 0.5851719926918088
0.9063363481261245 0.6928594044523482
0.9094764519863123 0.5977974586591371
0.9072802248877949 0.5821006384913537
0.904235581065433 0.5660594400331066
0.901398284038243 0.7134058733699922
0.9031023424402901 0.5611104459258429
0.9111187940143328 0.6503834744270357
0.9103940404435227 0.6088587000407015
0.9095305732681225 0.6699150849051393
0.9100853809020291 0.6055282552747391
0.9109864988368589 0.6200530137212406
0.9083711897565752 0.6774073718626343
0.9081109583678258 0.6790553114489224
0.9108905801141232 0.6218329490465287
0.91060964808587 0.6531471364655487
0.9000024760387765 0.7166652039061364
0.9094682457139422 0.6024010971200742
0.9110896969253548 0.6374760853173951
0.9027063540996724 0.5608208268449244
0.9084838809423423 0.5943993912717026
0.9097547096209357 0.6619802359976557
0.9047162905124276 0.6961614455868798
0.9042744899709005 0.5688283867163242
0.9063777055156128 0.580417851280099
0.9086927586797114 0.6716372039570058
0.9058650068630771 0.6901257956160325
0.9038168039273575 0.7002065120626709
0.9030975725520937 0.563575147056502
0.9093180499099365 0.6037302231768212
0.9091495306706137 0.6022272709806119
0.9101301165355025 0.6541030201793929
0.9105347402646543 0.6458358045028082
0.9003922349973602 0.713226922815364
0.9071888788457593 0.5867868373951735
0.9085565825910149 0.5974013941247606
0.9086228195327962 0.5980107223501266
0.9036788890886714 0.6994938473241769
0.9092828386292653 0.604857147093434
0.9052654327672336 0.6914095087262047
0.9033869212329534 0.5657875041578355
0.9092049566176011 0.6046390828609666
0.9081469748583938 0.6722616635125884
0.9058436520744719 0.5794273882125749
0.9095767078844065 0.6569555396714732
0.9101583155803277 0.6219070458237579
0.9053405575436438 0.5769127427077505
0.9000593821320189 0.5518872703303395
0.910299758449441 0.6295315963902627
0.9102337931753641 0.6417383226750464
0.9102709370020221 0.6384717673542442
0.9033946587233018 0.6986796312840603
0.9102350212885346 0.6306417699853418
0.9032508623951366 0.5664741080030775
0.9099838574294671 0.6458420906824267
0.9043335234493015 0.5721894011282119
0.9062593128914538 0.58354403304481
0.9055677839093346 0.5794326998356357
0.9099367953338335 0.6451581047573278
0.9101111368754689 0.6367344831993432
0.9055913369967428 0.6863933448707197
0.9023157664924012 0.7023216277125129
0.9100099838686494 0.6282414469441187
0.9089879523446781 0.6077547277052956
0.9057224268519639 0.6851895409717846
0.9088677262244679 0.606599962418957
0.9051305612230153 0.6884004470700782
0.9099630320708305 0.6390937018634787
0.9059584876750933 0.6835557765505594
0.9005527760604671 0.7091803067654991
0.9094307503071508 0.6153853195967485
0.9074693210424968 0.6726736148884799
0.9081187504463787 0.6671906057813033
0.9098654455765579 0.6389768212881403
0.9062953574660956 0.6806387180311867
0.9098486881409422 0.6290112211650633
0.9027664492462297 0.565684368621411
0.9098155227525971 0.6311860673558076
0.9038908589624329 0.6936211567888165
0.9090854589370247 0.6122879454356628
0.901198979523286 0.5587924524015058
0.9046378879243623 0.5759590780527318
0.9095146168047149 0.6446221134998119
0.9097001552393176 0.6351228160845073
0.9009540017075628 0.5579588928547576
0.9062964101373358 0.586905165420211
0.9067859000089529 0.6753763164619565
0.9041443425282387 0.57377693977409
0.9045683776015532 0.6888739211328921
0.9060641456343468 0.5855282606400699
0.9095816788831503 0.6317985977210965
0.9091035791026444 0.6158734046553113
0.909519890007364 0.6275535694553388
0.9073685997242332 0.6700145197645536
0.9034194163202535 0.570245862939088
0.9031941186926215 0.6953284471068838
0.9029458929027656 0.6963471116856169
0.9040691185879641 0.6906700761146335
0.9069405855826181 0.5930401318544438
0.9094376590991353 0.6356957642378788
0.9033191412055498 0.6938780049098674
0.9090192899153449 0.647764353536623
0.9078874528581791 0.6024723778201051
0.9061870052133947 0.6769880584462794
0.9088298893786636 0.6504100296580366
0.9061955196307788 0.6766256118320998
0.9071026709339548 0.5958758532891328
0.9055744095221724 0.6799754192197242
0.9012592127311989 0.7020973728092206
0.9091364357113382 0.6299551545225586
0.901224187952805 0.5611180553751336
0.9091283482334012 0.6328664005296742
0.9046534257323483 0.5795663684671658
0.908769171555177 0.6197311513503296
0.9090255031133427 0.6320660232529581
0.9065977149112643 0.6713306795394568
0.9076378310110579 0.6031684786844907
0.9040332331113503 0.5762843225043486
0.9048153741548481 0.6829322447653418
0.9072228160942996 0.6646241627309242
0.9082205270814964 0.652419556155786
0.9085377713568028 0.6186927818557143
0.9073432474705752 0.6016456618698822
0.9042283198528789 0.6856021465680938
0.908247411351275 0.6144356132512081
0.9065284975592426 0.6694467927380237
0.9087000053757911 0.6365420414863853
0.9080938714156713 0.6129742189594487
0.9049891739567352 0.5836574292464172
0.9077614215692228 0.6560746379737025
0.9069919019357692 0.6639316812398026
0.9043813167396896 0.5801883896400013
0.9016260896867275 0.6973194825830636
0.9014173223519198 0.6982079753675698
0.9072787033870723 0.6608109212813574
0.9069735144650541 0.600323010254152
0.9028292171831682 0.6914510168321535
0.9047224365846245 0.6807010234128016
0.9068890588919827 0.600060508585824
0.9075203535001 0.6074858612965806
0.9019934387871958 0.6949564534357363
0.9084378687576962 0.6369129314658184
0.9009538868425956 0.5623362563514457
0.9082219561895148 0.621084232516813
0.9083731212177262 0.6276329059549183
0.9077615213107767 0.6121635560272602
0.9047321288947113 0.5836335695629111
0.9057844924224078 0.672158860110012
0.9019580669843086 0.5675956520878322
0.9082817357707202 0.6248503259394553
0.9081068450472761 0.6197438934812168
0.9047382917348957 0.6790332701818281
0.9064978580360442 0.5979782137138702
0.90290934864492 0.5729945893011851
0.9076697801528403 0.6517920905511924
0.9077495943996288 0.6503309333008203
0.9061064232081809 0.6684436848412797
0.9070730488640774 0.6588838332976132
0.9081358939465877 0.6375544208291292
0.9081831673262507 0.6311042911654358
0.9008636946316239 0.6984373018065549
0.9060683790477374 0.6679859875454882
0.9076470816115347 0.6497897438060813
0.9002968283529982 0.7005797845194144
0.9049440352704827 0.5870232832380353
0.9075878079148749 0.6490861474060595
0.9077862156687535 0.6449797897948346
0.9046540128298327 0.5851729624717056
0.9080143976762337 0.6282328541940374
0.9079345906243537 0.6385514629883577
0.905695970032621 0.5941665013061682
0.9052789408026148 0.6717012295837625
0.90186584908444 0.5692334230079721
0.9032669498801458 0.5771348704195075
0.9029090268271692 0.6860926804046426
0.9069958277777308 0.6091067533451453
0.9060496289813301 0.5985868691929219
0.9028770491852239 0.6858362383698808
0.9054483421477578 0.6689282220333653
0.9011939620977942 0.6942739116650504
0.9076921335132653 0.6311679353967298
0.9076627692528827 0.6352988282390203
0.9072642629083537 0.6472841568520323
0.9010599474842558 0.6946525272705215
0.9076379142275098 0.6299007803474409
0.9068872450996579 0.6512443499300086
0.9068599794074228 0.6110659051950468
0.9075040443079223 0.6315677861920554
0.9054894664338725 0.5954332085506335
0.9070629668831539 0.6146727139998229
0.9074606966524517 0.6296517584690213
0.9072295972982015 0.6208433459739023
0.9051462653277599 0.5935976148089196
0.9046479200390543 0.5895833968931686
0.9006030289911049 0.6947946732683912
0.907111115735328 0.6216245115460094
0.9072143195618361 0.6344628913294676
0.9044241593426243 0.5888887231250078
0.9071820429587987 0.6308375650105272
0.9014157785458465 0.5699352565968558
0.9020239775634303 0.5733016400748673
0.9037489601025179 0.5841174915177241
0.9025190994407154 0.6841216602821593
0.9070969537333052 0.6290907854551542
0.9063713073792045 0.6096499510640923
0.9065625056557005 0.6486415471453932
0.9069848413346334 0.6297308104727473
0.9047451184213189 0.6678337891779182
0.9027787837275892 0.5788164074541983
0.9040029701838581 0.6726989510112885
0.9036364614037499 0.6749057924790468
0.9061222161556753 0.6098834286921705
0.9010171241500136 0.569528150795495
0.9066039700941855 0.6222610759098772
0.9025007927393541 0.6811504035421744
0.9066042652790772 0.6224305439990923
0.9049954500633629 0.6628155020103051
0.9028831847745755 0.6783261772436956
0.9064488641174245 0.6404938150834542
0.9061805360534877 0.6467876566129995
0.900153745003179 0.6924773277977743
0.9064930946507418 0.624935539122833
0.9050558666841321 0.6604904850136015
0.9040617365991981 0.5906735662400786
0.9026912258178684 0.5807507493977426
0.9055627596897364 0.6543969976025473
0.9044759456064545 0.6644184049138633
0.9051222974545402 0.6021833399148723
0.9039923662343021 0.5915303853007599
0.9014458067282302 0.6843865075527719
0.9060313416194701 0.6423972252625753
0.904750731984385 0.5989707829727822
0.9055983046848353 0.6503970608918529
0.905140386165576 0.656058689504649
0.902561710795258 0.6772594703569003
0.9049935142423049 0.602547911797005
0.9003386827897699 0.6892965825691184
0.9051556664138174 0.6056405896724548
0.905411152741889 0.6092785444613659
0.9021180280826507 0.579483486017568
0.9043760617379301 0.6618575776593291
0.900783540657869 0.5719878766287811
0.9058708528084911 0.627614246437447
0.9040393895187712 0.5955773370099331
0.9051109333877402 0.6511837424289587
0.9030064096133456 0.5872216292782261
0.905404777116284 0.6445013177856523
0.9056354718564289 0.638344922170674
0.9036450955653563 0.66511050123493
0.9056089009318745 0.6230940741273701
0.9023816639063771 0.5835719729885496
0.9022430956394073 0.6751375104371938
0.9055227008878282 0.6387303365745716
0.9056081785027018 0.6328603902069204
0.9055273263110468 0.6242001863882645
0.9032580829585238 0.6669132121732416
0.9047923949281557 0.607868123187991
0.9042393089393247 0.6009073124381458
0.9030979229290267 0.6676541838217428
0.9054470545657844 0.6270498245680599
0.901723163148396 0.6768680164911214
0.9053598735414031 0.633392142361812
0.905321904556973 0.6326516917477739
0.9027740096951593 0.6687597130333075
0.9033077965679204 0.6643111750773025
0.9038829493084667 0.5993040341237512
0.9041791425528377 0.654428681126147
0.9051103668075974 0.621612674696509
0.9045300894966426 0.6085076281324151
0.9016882242078136 0.5820523909069478
0.9041607699820192 0.6043806636127028
0.9003766592023242 0.6822258135220656
0.9048595515657334 0.6401520965190645
0.9016111891463934 0.6747492981910554
0.9005229891453879 0.5749770188979177
0.9002852801944285 0.6824760797879325
0.9033937090332825 0.6605290735342146
0.9046674947857581 0.6431341799388827
0.9049782043840285 0.6270839476404209
0.9049391492702455 0.631733628571733
0.9049377796710403 0.6269103618634556
0.9009023124727252 0.5778853876603907
0.9032012653610108 0.5956475088397374
0.9005012397979286 0.5754737559724024
0.9024026402674482 0.588677245454048
0.9034118835491333 0.5994527033328089
0.902733910948705 0.5947466542261208
0.9036222309638017 0.6055862793959584
0.9024158732302225 0.6633927081088143
0.9015810568367287 0.6693055466667456
0.9028511302752583 0.5974497871803457
0.9041441408457539 0.6175892112030107
0.9040929660806741 0.6173098721329134
0.9021244667815346 0.5917023735196428
0.9041756883420422 0.6253889268085991
0.9010158917992479 0.5830640615111939
0.9028439115590203 0.6566526116964195
0.9000717396481296 0.6776131861016049
0.9029271294796813 0.6551355078965909
0.9035768068137491 0.6102902868483674
0.903618976740343 0.6111730060361412
0.9032899001510377 0.6491609026181171
0.9038562654804743 0.6378683351815656
0.9016591154546045 0.6655494982708231
0.9032279587381399 0.649467937595945
0.9014817549221001 0.58795859814162
0.9018637362418266 0.5911744340470307
0.901685449935664 0.6651109641409265
0.9030009631138568 0.6035385145162814
0.9024011473880613 0.6582583391801353
0.9031902969282187 0.6485200555672788
0.9004565413183734 0.673108758163299
0.9025005300598589 0.5984751508863446
0.9038415282327583 0.6282083584488367
0.9007605667155665 0.6709069829970126
0.9006717878215384 0.5833077901175802
0.9008331236199429 0.584532158815962
0.9032716922772168 0.6436993881580191
0.9028090590766656 0.6504986997951342
0.9033185134768734 0.6412549689303889
0.903219669010871 0.6116175302713048
0.9021682461420921 0.5974054107333007
0.9030862765461976 0.60961192216655
0.9017273631921215 0.6612060193818964
0.9031686580017547 0.6435734782077147
0.9035405379170787 0.6273464299157676
0.9001835439484427 0.6721184479366956
0.902493778172076 0.6029522183848889
0.9029900697609539 0.6106510908543622
0.9029258532874124 0.6096352148521703
0.9010295097286378 0.6654310159093519
0.9033303377671437 0.6306883894993487
0.9013630752351041 0.5918048871594787
0.9026409895333286 0.6065012164245386
0.9014801690869326 0.6606331718654016
0.9027377543305591 0.6458419740185591
0.902812510588918 0.6443926632533332
0.9031717450887697 0.6188423515695295
0.9017567160024741 0.5961284473770243
0.9032358913452206 0.6278878473166181
0.9017346395403655 0.5962964988621531
0.903109592218274 0.6276003577816336
0.9030537759708008 0.6210619166949511
0.90063495253583 0.5872880055059589
0.9001593162892483 0.6689199532190583
0.9009286506989165 0.6619981153965633
0.9028617788442029 0.6338611904968068
0.9013781094287753 0.6575104552107643
0.9028236708969929 0.6203729757516532
0.9027637246096533 0.6354144976970338
0.9010236090458431 0.5926039225723888
0.9009912656128011 0.5925332385345508
0.9028024523304888 0.6296277108845536
0.9028057783783827 0.6275140206173077
0.9010142203411328 0.5932659641754261
0.9026643362452216 0.6195114206225042
0.9026183955478299 0.6179546956031544
0.9022821270479932 0.641553909020543
0.9018597350276326 0.6042625887384936
0.9008713225189455 0.593311368159906
0.9006501220497066 0.5914371614145713
0.900594079841939 0.6612449427916706
0.9002723169688873 0.6638013566719719
0.9023144882118508 0.6139653701882826
0.9021712308924744 0.6118433212217907
0.902290267420807 0.6153993952957887
0.9003287253256471 0.6624510079759246
0.9022400585619073 0.6169804605402126
0.9022731952825043 0.6206465727447137
0.9006034645668693 0.657937091292778
0.9022168571952639 0.625322783531755
0.9020856629460925 0.6341653029394159
0.9016346310515375 0.6441900836662346
0.9002619321264855 0.6596714478347468
0.9019589730650733 0.6352123766003195
0.9019418214298794 0.6208314341963981
0.9014707301903144 0.6089547154768278
0.9017699479715381 0.6328646085894226
0.9007919823984956 0.6000183687330916
0.901618590304297 0.6140215622930739
0.9001506874486075 0.5931503558600313
0.9006957024574708 0.5992861053732587
0.9015778909459048 0.6354598743716008
0.9013897770460904 0.6115275453106983
0.9014793120039448 0.6340264191592178
0.9008123587673412 0.6052102120577637
0.9013653510545202 0.6178320554962189
0.9014147674216317 0.6234309022840865
0.9006002830581961 0.6457492755218478
0.9012366485148707 0.6298955664763188
0.9002709319763784 0.649464983368536
0.9006737331822497 0.6066486802566552
0.900014476274658 0.597747066976637
0.9001581435100495 0.6502634681287636
0.900727586959079 0.6088075943696828
0.9009216563789942 0.6352259789908511
0.9008786918011741 0.6188380612644531
0.9004186754320589 0.6425715033716813
0.9000818347941224 0.6022172420806443
0.9007452365685544 0.6183705123696336
0.9007266841485961 0.6198090889379474
0.9004575160898171 0.6370413740522893
0.900664437521256 0.6198535020640908
0.9005130038147618 0.6342575992628473
0.9002121097080908 0.6409634411905029
0.9005090865301236 0.6331251299817672
0.9005953363628403 0.6275975424706765
0.9000918095008755 0.6412258186314589
0.9005276861506546 0.6210003813724086
0.9003074799963698 0.6354593262094727
0.9002213606118771 0.6345158222411587
0.9002029844982703 0.6346353242953883
0.9001584898021001 0.6193554076581935
0.9001393008854481 0.6185608259837817
0.900088377972566 0.6281016720462442
