s_mu s_sigma
0.24306177451459 0.0966314614226414
0.3471763865991691 0.1644430990718819
0.23457530293217616 0.16271635846710078
0.26765565999894225 0.18082809582637804
0.31751824966068803 0.17828443046803857
0.3350105681429133 0.0991277708747482
0.2317919098107691 0.12431911167348349
0.23127387822539933 0.14858805495728342
0.2501192616091069 0.16939731105754408
0.3490850479479657 0.15146512610933976
0.3353161703024086 0.10140149131103483
0.2415854777249415 0.11141801111508436
0.23785739895117106 0.15481960258445068
0.3508001007555678 0.1268928141695304
0.3082080064745119 0.17455740845723489
0.24665802022799038 0.16263260349920214
0.3476660371936365 0.14684704333454923
0.31306721442644375 0.09115889794530611
0.33956222316822327 0.15778144846488437
0.23929469041393825 0.15239868847148225
0.2997404747512458 0.17423100858967472
0.25150377889372805 0.16408727524439906
0.24821923474670357 0.16126874858275514
0.2839726177055827 0.08982603018904745
0.24069161164539654 0.15303739634670271
0.2945636428011482 0.08925759921421063
0.2366110237790805 0.12826820560206176
0.2443366137138174 0.15563274400390778
0.25204674783478465 0.16201468292706406
0.3321980053560126 0.16002561116984693
0.24134127375774103 0.15014891491377727
0.289549993854235 0.17206887645393984
0.27504393935175053 0.1704491590762071
0.2844550464044018 0.17148665900759938
0.24444473635064023 0.11406643609126633
0.23995313678355504 0.1442571942896053
0.34596771848307356 0.12838511537721753
0.26196582096346654 0.1645744168403926
0.3404016411986407 0.14756055975933097
0.3445661150729754 0.13784175451758662
0.24647179251873821 0.1523986696203039
0.3372079372075561 0.15109135458908096
0.285781817626506 0.16911210613548758
0.2729216501155929 0.09477125672502745
0.24240577597613655 0.1451209156502125
0.292188999225786 0.16845491278723834
0.33280646978895473 0.15411845733330953
0.24673382812606587 0.14959861777230957
0.2482227530322826 0.15141521571771133
0.2661161026086296 0.1629870975772671
0.34295002152077303 0.12648525316245904
0.24272471259334008 0.1404392915544921
0.2463591392993524 0.11674068555118433
0.33052689382578826 0.1540527137794044
0.3338932671845481 0.15082646120758442
0.25766895323181616 0.10440773352346133
0.2548394122222346 0.15549677783846216
0.248859252248635 0.14973502428765378
0.24918639870099135 0.11345511088913031
0.2438594676862178 0.12369541696959514
0.2530972057270811 0.15370423997217797
0.26567910812010515 0.16111281216828574
0.24434985661227018 0.12330968827395168
0.2562268019120367 0.1557415039879206
0.282142547321323 0.16468970051118478
0.33298369394730337 0.1094545063292081
0.24890903068620335 0.11580140170151836
0.33457861851277765 0.14641315266637275
0.25239329668053934 0.15058670798565624
0.32962044734298207 0.10632270599496982
0.31969857177723154 0.15775797387457752
0.3053776898076395 0.16233758697526693
0.26565906017417723 0.101029657704461
0.24654784357587306 0.13925378223187923
0.2958085173741256 0.16300350544434697
0.3129203017416997 0.09698938146513836
0.2687598719665365 0.1589218714793345
0.3052835575858816 0.09489861782922898
0.32587293305225495 0.15201404820233436
0.25596571137195717 0.10925126778195932
0.28056956820805745 0.1614224514813616
0.2558599898362747 0.10961324891881935
0.2871787715069971 0.16191618865156432
0.33061990265611374 0.14684310933188072
0.2469317312298539 0.12713624161784232
0.2750508395056384 0.09758068228140765
0.32753687480290383 0.1494715030819955
0.3099077429457112 0.09674884446998158
0.3301930914529974 0.14645569209623868
0.2791070479789865 0.1600298178184002
0.31893159286458184 0.1545513572573296
0.334628313493306 0.13915734653658215
0.28173043948370163 0.1601886347230139
0.30543306701784423 0.1591318069402119
0.33587719592808263 0.1348260081687873
0.2879096272252495 0.09509257883958562
0.32886175027012227 0.1465456025649062
0.30200567647818943 0.09554905623425848
0.3280857118690977 0.10866669377952942
0.3271153762980872 0.14713895193964163
0.27013359441821483 0.10081812594045131
0.3067035079480735 0.09669785304710511
0.3288881975620901 0.10992567057578549
0.31141844712723477 0.15630566301382096
0.26574176856748405 0.15392938778855905
0.2747592437536523 0.09881889573133704
0.3016395859999065 0.0957824738361745
0.2515567685180828 0.14029373966419795
0.283241564608642 0.15903219101154092
0.25002540556977515 0.12363064747964239
0.2799486078240937 0.15819013797896203
0.31636361341815034 0.10063495828424003
0.3313485107279066 0.11398888087379432
0.28229865289883366 0.15853141709482862
0.3113167931466506 0.0984730539413321
0.27982118970740666 0.1580100207393753
0.2852351644517384 0.15876286962016722
0.25170669865185474 0.1393501703649445
0.33409222492232227 0.12094759369122751
0.2575557422756375 0.14685616673441715
0.2569531136462369 0.1461753405568242
0.2993285515079446 0.09595401286021328
0.3001007617411292 0.15784804250486273
0.2959191220063567 0.09580833452892733
0.30248518339364955 0.15733977205194333
0.3215974564997648 0.14933344146663868
0.27842637858918856 0.09836284106106163
0.2583445951565152 0.11100824332655568
0.30529870001760445 0.15628503478821046
0.3338693814561327 0.13033424658595388
0.31344873885339836 0.10017934130464706
0.33314913584381184 0.12135964812478856
0.3333260458891473 0.12211878045572855
0.3187764129074997 0.1503483039016338
0.29481138504225657 0.0963328406507374
0.2571570319002334 0.14414366219165123
0.3239093694571752 0.14646516508237706
0.25398966097573417 0.13946378390165876
0.3044492684506355 0.09752450065812678
0.33336114173996595 0.12546721600672142
0.2960497830004577 0.1569463871535198
0.33302414993105245 0.12290469765896204
0.25235950306278976 0.12304508524535622
0.3333151911478 0.12684827392536963
0.29280760093082053 0.15696532881181338
0.32941597816421986 0.1141604158760351
0.2518673134559427 0.12751253049653744
0.25209380210313526 0.13218077944484102
0.26342851869592615 0.14890370302937503
0.27639737269921605 0.15450761498979365
0.3321359857890714 0.1216408744514709
0.3282483750524311 0.113039038844805
0.25316477610436 0.13479454435994206
0.2583700129207831 0.11295677442967832
0.253519650609643 0.1345248931087675
0.260336756555662 0.14526452285495217
0.25611408687074777 0.11664786260267758
0.2987469103444935 0.15522363919668455
0.29705356656108894 0.09734373199743408
0.2603319041166966 0.14438438771360146
0.32413465534281277 0.14315555056719972
0.26578441070252223 0.14839830315487057
0.28566854012335374 0.1548449048426951
0.3005897593995092 0.1542751398820248
0.30308407958902095 0.09838143113406156
0.3238369104246314 0.14321813594430924
0.3024241528174246 0.1539091654736976
0.254310493750514 0.12323536848470176
0.3153446365770033 0.102914099743456
0.2585572271762498 0.141526721768997
0.33036954066722335 0.12107250590400319
0.2540096895397965 0.1268124847695005
0.28324457884195914 0.15404171186287202
0.29460114678568194 0.09771091831625779
0.2679930375966463 0.14891123140107904
0.28689807221494135 0.09826663867695401
0.26860433586300675 0.14920157808415102
0.3302328195491227 0.13029187078555796
0.3296239139711543 0.13262194733055363
0.3018176861737081 0.1533149016264207
0.2977807860340011 0.15389724415693173
0.3219098703365187 0.1438776299156495
0.26102621741942744 0.14321354839341743
0.27823138507509826 0.1524739333557365
0.29094314462891835 0.15405676799163925
0.31211785573404494 0.1498129806260654
0.290808788114276 0.15396055747370774
0.3088395840823191 0.15099876281818034
0.33019605390032997 0.12601372751280657
0.25775163525206657 0.11722577468529712
0.2578695580525103 0.13841746955806464
0.29788804518399575 0.09834423510472523
0.3243790214420249 0.11137234068385495
0.3002532558136257 0.1528675268392061
0.25785780222659543 0.13778046633709973
0.25640891377384867 0.12152111621506123
0.2997837054757711 0.15263531999446656
0.3026690940620945 0.09931824534858613
0.3215455476819681 0.10883031618072525
0.323144867551228 0.11053365363952995
0.28140816294201976 0.15211108403418475
0.32887659366298155 0.1217803238486245
0.2990406339494448 0.09883675996205989
0.26726253761712965 0.14651817636562864
0.32813363260659795 0.11928912514032666
0.2890079388474709 0.09883771446525529
0.29269376925339574 0.09859091044422211
0.32861465009878854 0.13054313964241948
0.2559451036191663 0.12596255021454744
0.30258566604427967 0.15167634898252585
0.2568106045454985 0.1216657384852087
0.328274979353116 0.12001346076708995
0.30421952859157925 0.1510599468508954
0.2704142566142023 0.1479132414653151
0.32541246653338657 0.13715610942641554
0.3265973631805553 0.11637106186193227
0.2830266137539861 0.1519043999681244
0.3128612724357478 0.14778659602996244
0.27198454341079326 0.10450361972407046
0.26310854061050826 0.14256544037289026
0.2564927128747409 0.12531770779734017
0.3014185400783151 0.15141290751901776
0.2576214882279516 0.12069005249564532
0.2976234805415614 0.09905123277185666
0.32806596807001964 0.13023260098265296
0.3178342253750172 0.1064471626092516
0.2800841486983036 0.10108709278922778
0.2801145033846609 0.10108460219538712
0.325354327137322 0.13648097412744498
0.25809480979309146 0.1349171777057162
0.26295897123307327 0.14185173583375443
0.32545779216002785 0.1359829949215295
0.32331671686817065 0.13899896714286142
0.32322955837878875 0.13894063890691458
0.3281549231785649 0.12463566532353891
0.2678434731918275 0.10782424726900518
0.2721212518854113 0.14773130518004826
0.3015291207817474 0.15073462102119567
0.2695276844961723 0.1462773278812131
0.2695276844961723 0.1462773278812131
0.32470533030246823 0.13631904347919066
0.2910531375716909 0.15157955950834764
0.2594421178380605 0.11868129437633668
0.3154912655808052 0.14479793007112693
0.2609459954751378 0.11602783645329101
0.3058828152893834 0.10129662677905868
0.26923118912483096 0.14539587119197162
0.2705476155985813 0.14615105766372552
0.30133536203070244 0.15012929752474943
0.3013883217547087 0.10025993433844908
0.2929177817395786 0.15100303637635626
0.2587363416522535 0.13262644128266313
0.32202114616689353 0.13868195419304197
0.2851156842502505 0.15049851906404454
0.28562310634164034 0.15054669709330432
0.2978790234127475 0.15034648026629596
0.2583834050287534 0.12384046135180254
0.2583754983323778 0.1298456125519839
0.3199398591562974 0.1404355965553106
0.32678577033172296 0.12433802508383376
0.31254194515413597 0.10446139283766025
0.25946026752995893 0.1205982675048651
0.2585502034657731 0.1267894780269357
0.32608858411439423 0.12882187164319212
0.2743826197423277 0.1469375223312109
0.26312064705685645 0.1388759881780373
0.32624976126004607 0.12261419978844529
0.32631004176674205 0.12724906138591108
0.31731391332853487 0.10786782679789615
0.3033393962228582 0.1487310571127794
0.29312144811400725 0.15010333034681167
0.28844806635290243 0.14999103735386332
0.26532299267999854 0.11177622849600632
0.30622866379765895 0.10206683418690368
0.32539548415930225 0.1306450721205523
0.3197929849622445 0.11033913896402259
0.31379761166169123 0.10558616333641982
0.27696261489692053 0.14756903242521235
0.27489885951657134 0.14679131674064821
0.3260353106648355 0.1264531711936283
0.31547567238231566 0.14299636562992019
0.25908709819334685 0.12616644642240554
0.270218068977052 0.14412630998661535
0.28291831734896744 0.14881076847022284
0.31903605113926053 0.11002464149695149
0.2597438951527087 0.13036457945082183
0.26535027866368094 0.1123947330725862
0.26145781692706 0.11820442534877842
0.2694704054831735 0.10857832987792164
0.32028580350545294 0.13820239256231612
0.3236895832844727 0.11673407502442082
0.28783983427840243 0.10095151859360144
0.2637719870840666 0.11457030898741584
0.30687661436654096 0.10280634957818356
0.31331275449181817 0.10586788503284011
0.26049719300895435 0.13172850510970027
0.2879953758433553 0.1010269442502344
0.3112877373324683 0.10475903967746508
0.26963363054803985 0.10873202883875736
0.3061557628290521 0.10267644298224324
0.2821380796325401 0.1024098759657223
0.2847797097557682 0.10172510320401375
0.274823477161854 0.10542719656310129
0.32295811723505014 0.13358618800556704
0.26330801775617796 0.11578927096513565
0.29922280638503523 0.14828513130082044
0.3247281972617205 0.12140311763101849
0.3225338832976028 0.13408628394129538
0.28659955010939936 0.14861710963536442
0.31858509373546146 0.11045932806073791
0.2613040909396497 0.13239887238477518
0.3202835825624063 0.11241755967618815
0.3110647031881347 0.1049965965143894
0.32334302069294657 0.11764805484744884
0.29202076717338704 0.14861766808259644
0.30971350056974223 0.10442333506432884
0.32422858384673653 0.12872168201972037
0.286544882835575 0.1482239173375055
0.3136240041895794 0.14245486837461954
0.323675679525421 0.11910781886968534
0.32208840025444113 0.1338709257984875
0.3223338268122872 0.13342166610570236
0.2942202726931753 0.10107457432835128
0.2853884372338355 0.14797245341016352
0.27377967182445917 0.1445235089578827
0.2732933361389308 0.14427187738294345
0.26716825336327954 0.14008852009545875
0.3056315320337553 0.14608615968593933
0.31990325408605885 0.11252053795027335
0.3182326639960219 0.13853054050997368
0.2971368866824624 0.14780884582165948
0.3214795214475198 0.11527098997450806
0.31338096569942864 0.14198694121786282
0.26622010514861416 0.11323618995737231
0.31879253085194326 0.11160844346738864
0.29886426075105843 0.1016843399081205
0.2934374003961908 0.10136168010654037
0.29866315062991494 0.10169379205905617
0.26807375237844544 0.11140783217735731
0.2751765407943817 0.14444123417193863
0.3100970721053209 0.14350415231057645
0.2629278278378966 0.11902608677619295
0.3231098928530137 0.12906736793847606
0.292250947913701 0.1015803541120353
0.3178671154553103 0.13781508228030614
0.3218229978844934 0.13220403624704943
0.2619090466606486 0.1231706696501494
0.3065919651704225 0.144767085151217
0.32048673825415025 0.11457198295290685
0.3006393542827485 0.10230941825745911
0.26898228052796497 0.1401320245371646
0.31627289093751976 0.10974274571269597
0.30671737271376553 0.14458868522252896
0.26470758252104915 0.11631585287836793
0.26198532440791816 0.12408524398025968
0.3029109630947819 0.1457325937122363
0.3099242257144862 0.14304130106652596
0.2671545597109717 0.11310460032564262
0.31445102239879813 0.10843914495763023
0.294758592653609 0.10185063096590594
0.27007155518566645 0.11026877588478146
0.26390528652014245 0.13348297346149376
0.31705220760098124 0.13784790981500986
0.3177939724734438 0.11161406289918117
0.31992199124388065 0.1143671347507098
0.29511229546160755 0.1019426329770833
0.27020454577710096 0.14049057666103001
0.2623066036765952 0.12451551071315624
0.2628654741325223 0.13006111654171965
0.30096162498466933 0.10273512640066375
0.2628749974344638 0.12205394082078141
0.2630774882096156 0.12138349272099185
0.2947079273384194 0.10213854238869405
0.2629705241927109 0.12204143341461755
0.26325714157579627 0.1305343773427991
0.3222599885193869 0.12082062810363671
0.31478385487740945 0.13919117023003447
0.2703638486168684 0.14011956945300139
0.26620586272377517 0.13593303727533457
0.31004608556329305 0.10614086988141778
0.2931008900409349 0.1022324704371253
0.29491304664938855 0.10225160464185304
0.2823656423024645 0.14540018864917864
0.2639435404753198 0.11953820327842679
0.316777269692895 0.1371674780504386
0.2677752148840118 0.11328194850948305
0.2712100129080757 0.10994491569570784
0.2639822420330377 0.13185612326874382
0.31921319916098007 0.11433286531952534
0.3118361222711912 0.10733917436162281
0.29850314961433727 0.10264119531322823
0.26662337949185716 0.13584521398175292
0.2915525542835345 0.14613571407189044
0.2662571034311179 0.13526754478548259
0.27799820703410827 0.10595003580482655
0.3215875696414615 0.12041892142493915
0.27110232673012735 0.13979884262582637
0.3191500725641196 0.13327380884846268
0.32154079293679627 0.12087180153362426
0.30853774420157554 0.1058480987162323
0.2668421388338736 0.11526697496609105
0.3168366607141888 0.11196581179949416
0.3022999152795129 0.14437635974740287
0.2930144682947548 0.10270150940633933
0.2665169691844605 0.13472852930068854
0.2989451658876723 0.1449306665863663
0.26371941288971884 0.126336402992484
0.28416015099212394 0.14482597843882564
0.26701932233383313 0.13510726070081017
0.29025816326505943 0.14548051178884827
0.27483246252885096 0.14156913307738164
0.2641299958902726 0.12869203671470175
0.3211022293435389 0.12723223132610015
0.2802878238578833 0.14377646786421375
0.2856902925744247 0.1449904627534085
0.2927938647489576 0.14540670149150448
0.2659736090346232 0.11741919287227862
0.27274156756332035 0.10968368089234223
0.27214320332346886 0.11015949473749517
0.27113757381538495 0.11102698728983558
0.294981749481598 0.14519507409233348
0.29047875117340316 0.10305670110259056
0.3087644926157492 0.14141711580918093
0.31596496556919185 0.11172991732482027
0.321177586240475 0.12386263208848936
0.2733064694058032 0.1403036007093533
0.31931363636080573 0.11658142100860723
0.2641422654791121 0.12455755881846205
0.27519036732233226 0.14137032918116338
0.3141090756051612 0.13766441495570308
0.2810590945502962 0.14360388425956894
0.29692458039576314 0.14474411933875203
0.2965352305732424 0.14479017640125513
0.3205440710276678 0.12019071285629251
0.3142516053466482 0.1102850213709569
0.31347712278748613 0.10966408035488535
0.30972546967437675 0.1404323340047775
0.3010953676630994 0.10397673060067025
0.2647287213424722 0.12827618332609428
0.3035244175204925 0.14307341626479309
0.29773522430332516 0.14439382154700078
0.2692962029751673 0.13658093030652657
0.3019349503432328 0.14347335246002835
0.26645785941180994 0.11776849540434776
0.29373969469760025 0.10325377906593586
0.27073909319583356 0.13770606218243642
0.32037777701196773 0.12196286154914661
0.30982814919711493 0.10754928453058352
0.3137746108568751 0.11038981891772243
0.26488564954187127 0.12663721291188917
0.3062897407564207 0.141692800381726
0.28896824392622583 0.10372841259119145
0.3127007379150765 0.1379458343613341
0.26490439921203823 0.12600158550008567
0.30208600776600864 0.10450084352268281
0.2666679631137842 0.1322429047042925
0.2717080313529762 0.13815994389109906
0.26520088181086343 0.12245780007736332
0.274652627739682 0.10922893433606935
0.2672949187368323 0.13311951677770056
0.29807090959062266 0.14377140180188722
0.26535667808495783 0.12767034052629755
0.3137609072258241 0.11073396521139474
0.318587118211658 0.11747344761294005
0.2722995923296564 0.11147372766943373
0.2829448105243128 0.1428332478382506
0.2778420396653048 0.14110059573906097
0.3146870677497552 0.13527335820326605
0.28420517730501366 0.1430674074682314
0.30892782417774256 0.10767087378237114
0.26565396170364913 0.1253632244695977
0.3123714777549975 0.13712484419208476
0.2751830147897891 0.10950343210968286
0.318525951021327 0.12868678573049547
0.2659195870216923 0.12464797416133022
0.284757667490834 0.1428597548060349
0.2958160093309813 0.10409569607731865
0.2988285306621776 0.14284147649882864
0.29193772965603315 0.1040895506340581
0.30634766711436134 0.10665783123075676
0.26958212223249356 0.13449149754660902
0.2660987189766989 0.12378816086166698
0.2660734621810875 0.12539445554670126
0.31859676346665605 0.1278081855662493
0.2696401551361878 0.13445592727170527
0.27115079763802685 0.13602844242195222
0.27773948687407357 0.10818077304258093
0.3085679357485495 0.13918880951009927
0.3098135103966766 0.13844735074824785
0.3164638380133418 0.13210962239445365
0.29303105083150915 0.10417872533052756
0.29931296269498686 0.1424340440462137
0.26632959316467736 0.12415466827682639
0.2734982652285825 0.13776990333921874
0.3148749889711669 0.11311920701132476
0.2692303253145751 0.1335419533610977
0.3162806643920854 0.11515635175990724
0.31531174463563605 0.11381311618778761
0.27603299661477354 0.10944137174498203
0.2896518798615662 0.14292750650831404
0.2665562163968201 0.12413989599357421
0.2881641953963221 0.14279242461649083
0.30745961748751083 0.13936893080612384
0.26671253153400476 0.12285706623877524
0.26659322091880294 0.12519759888209797
0.2782289770122525 0.14015564864289512
0.3078763797195118 0.107855698155514
0.31804996871302327 0.11971168107075197
0.2765502471514239 0.10931885790446165
0.28584903073886153 0.1423144795370445
0.2747391102851314 0.11061066177032189
0.27786334531397205 0.1398227819104781
0.28016968394577635 0.14067767249452975
0.31837363495938825 0.12375560087145498
0.267191486410029 0.1220719832611606
0.2841144953231362 0.10600816660569307
0.2845379451109243 0.1418602317034145
0.2712957721594492 0.13501009501804834
0.3037594248831354 0.14054268378914042
0.281661252907656 0.1409953313981338
0.28181306176619764 0.14103067701700087
0.2947732182929213 0.10470574789821448
0.2947732182929213 0.10470574789821448
0.2870337351243345 0.14212781107269937
0.2688302603560453 0.13132288195621833
0.3133023789126015 0.13443966674721755
0.27296071877375294 0.11252942556596404
0.26784798980304875 0.12060852285677266
0.27181316587899 0.11376361033293655
0.30328156756592195 0.14045585687294668
0.31609300206806884 0.11639761681967752
0.31674887237718236 0.12868937619131413
0.2931195135920743 0.14205774376341046
0.2681976850540644 0.1205207584342205
0.28178135383444464 0.10724112775639161
0.26847678813191195 0.11986439484235113
0.3048199454058725 0.13945268955605114
0.27829715621483136 0.10901484281021133
0.2773936464567213 0.10957016408179626
0.26784184848747133 0.12617150674341995
0.30322383012252563 0.1399796779946556
0.28969463368454346 0.10538684929372766
0.29704467239566235 0.10540236783787738
0.27059814008483746 0.11630609918675228
0.28794103114636743 0.10572891501218686
0.31365886868991893 0.13269878888864978
0.3130317006399127 0.1334106594751018
0.2683475082203142 0.1270875814630802
0.2965953730250324 0.10541325133397932
0.268216937681142 0.12329821186966161
0.28360707271942387 0.10693426278991353
0.29328555273264656 0.14148088564506206
0.3138334992623329 0.13229175456296158
0.2845662450640552 0.14067436528529348
0.29715088120006034 0.1055822877240192
0.26832789503966864 0.12386304120833645
0.27469774429867794 0.13619136985540486
0.3087352137182184 0.13671369144357948
0.30021626872526247 0.14029340695518097
0.30589860325487445 0.13820979317254836
0.28089131668870954 0.13937392767374285
0.280181197872594 0.1085463893563021
0.31300957207843083 0.11350974065300821
0.30781177955929423 0.10924223332128538
0.2793374789842473 0.10902960587966065
0.30730443139133223 0.13734649947808705
0.3158260418203995 0.12814601168201037
0.31665980924884035 0.12488226207030954
0.29188495349272325 0.10559395444858415
0.2687829921287384 0.12227245737278868
0.3158304003436713 0.11843836649597739
0.2693497395276173 0.12818548363026316
0.28723672998695615 0.14064944144515654
0.290040921767941 0.14092392077145002
0.2690032621746222 0.12646571961209024
0.2693413333214696 0.12079782550823835
0.2766400243914703 0.13688474414400342
0.30076501737474765 0.13972127139569485
0.27474159150402355 0.13552807937478187
0.30396957553823106 0.10766769865347288
0.3162662299422284 0.1213003055370053
0.305564740610957 0.13781999233131476
0.3075262379876787 0.13676306276440334
0.28098349559368097 0.13884074709084368
0.2891355796972639 0.14060970895873878
0.2800470568607621 0.1383933865791294
0.30966281063260565 0.13508246656995437
0.3007732238606414 0.1068072433181545
0.27346878282295367 0.11414559708425384
0.2766385826925739 0.1364658387420676
0.31122892193557683 0.13359433356147746
0.30701788842165256 0.13670962096089273
0.2743987800398314 0.11326486617401331
0.3146561205592969 0.11721310172714458
0.31451916784837725 0.1290836466949472
0.29531122983601543 0.140293137930155
0.2889800933129263 0.14031477704407394
0.27015591897587005 0.11997700662356146
0.2861762038760753 0.13987776577717517
0.29019549689650437 0.1403408137986117
0.2921508455716969 0.1061320400701947
0.27102438748100766 0.1301589846690059
0.3157319004115546 0.12325819451003374
0.2819040544177646 0.13855875918977223
0.31455824311127617 0.11779220417062287
0.301619065540096 0.10742568585435727
0.30998256523068957 0.13405924169415703
0.30478335284540814 0.13731072286989598
0.31471750797274056 0.11867886872975515
0.2824669311594596 0.10853645600082361
0.3105092820627675 0.1333577780947325
0.30526400162205725 0.136940546400344
0.29556756026919073 0.10649803958818498
0.27608579539312156 0.13499637240866585
0.3100426554985562 0.13354152306370903
0.307919943583955 0.13515048870354757
0.27931724393730184 0.11032012841768402
0.29177048520509324 0.10659869505128673
0.3112604190785503 0.13192736002395017
0.2719083031821438 0.12973896505939547
0.27453086517737496 0.13318305201058545
0.29431154277066984 0.139346833610154
0.27761203457732847 0.1117869517047419
0.29110511160286584 0.10688827346234202
0.27828660728941657 0.11137714350616931
0.27175487017910216 0.12875140235982174
0.310885174395085 0.11380548115467148
0.2754798543239647 0.13366614947680594
0.2951441804791969 0.10691704482632432
0.3139116207588538 0.1191176436846624
0.270915129620011 0.12327666525369074
0.3143330283096015 0.12447983391756719
0.27251953403235474 0.1298511882386339
0.2806878572521063 0.1100753536176776
0.30137306785499984 0.13753022431895334
0.3052917584678388 0.13581811568076177
0.29624101348499665 0.13868334753145753
0.3002333817348447 0.1378091327720673
0.2999389876460328 0.1378140410943956
0.28116673073834153 0.13674712346383044
0.31245472006016 0.11655591735791285
0.29175845107594073 0.1388556908335184
0.294710165115424 0.13873236526210395
0.3019781245328986 0.13710132482352191
0.3052533388366734 0.1355723850261689
0.29509049926252556 0.10721029656987817
0.2714502864528898 0.12555739092076312
0.31329340952634854 0.12681475307536885
0.2907762357659097 0.10736115720923245
0.311050292646011 0.13059566748134396
0.27637186743943865 0.13349216558786767
0.2887383584398578 0.13840089731796287
0.3006298850154543 0.10827892081716065
0.30757435491947227 0.13383170480340809
0.3071589582619764 0.11136116924885237
0.3049771841339475 0.13542031954804187
0.2716493813997773 0.12274690395069923
0.30905147214231704 0.11286837691569712
0.3092222414779301 0.11303330317478534
0.3104540862881258 0.13111646045664535
0.3109806994184507 0.11497300633098212
0.27209853768437 0.1269038772559515
0.3133264342794222 0.12555864231294644
0.2984539575488243 0.10788131398868218
0.2905075070002282 0.1075932421876299
0.27496656040295253 0.1317697478649198
0.30484525459419165 0.13529761254384118
0.2793493614734272 0.11159282950554192
0.30223105817397017 0.10902066845294986
0.275995573182344 0.13269483430912724
0.2726316635499453 0.12761138954135082
0.2756113120654553 0.13218952070894407
0.3133064316882528 0.12280954323517033
0.274365289341546 0.13044429163692395
0.27296829175852416 0.11947427530073437
0.2839170452946412 0.13683068603291357
0.2733892945286851 0.12858872450215258
0.2749985919727866 0.13102152305120005
0.28886105615266255 0.13773253753355588
0.28208743880383724 0.13603194754589684
0.2805732800541489 0.13533231485876993
0.3129028124742636 0.12455382475999112
0.29692336220519844 0.10805483299140867
0.31275696400564884 0.12458943138644014
0.30637998883927625 0.11158731228184646
0.27664429646755045 0.11448794903803376
0.2976476235236496 0.1371020325878251
0.2986878149914302 0.13679803948067246
0.2947513407305966 0.10802870312393358
0.28476189588158657 0.13658372163438565
0.28502641737928597 0.13664410591608703
0.27709733555847166 0.11426386474977757
0.3097031262624159 0.13018575608799762
0.30202668159844087 0.13552565859946986
0.2745819724933678 0.12933729154489396
0.30006036957937704 0.10902773283656657
0.30263858741596966 0.10992421075495473
0.30263858741596966 0.10992421075495473
0.2845971143916422 0.13630043145003426
0.2947429709035736 0.1372104547465707
0.31232691500651616 0.12377097361646536
0.3112594533512718 0.11775741648701862
0.2895082914292742 0.13707648952481746
0.30831907787846335 0.11385336317791243
0.273463005966364 0.12575656678343786
0.27727027363380335 0.11458823800132557
0.3007684098070986 0.1356406667067222
0.2819763675881855 0.11115360122515157
0.30675550621661557 0.1324077796335696
0.2785772472401104 0.11347135442748195
0.3106241503605566 0.12794447645127138
0.2737494290950573 0.12057998322009081
0.290391759805585 0.13694548174701124
0.3035599544128476 0.1342886438524584
0.294681542880531 0.10849150050759605
0.3013729461353424 0.1351678590405657
0.3097705336252994 0.12882360869108145
0.27481608146664926 0.11852771257881589
0.2974099175772957 0.10890393069152757
0.2737693485045099 0.1219121749644705
0.3016908190495165 0.11007976038422052
0.31143698051141316 0.11997131050871096
0.2938284165612274 0.10861382156478562
0.27668513727219285 0.11575433642402241
0.27386799102945353 0.12498756727821028
0.29263467909714996 0.13665972940077914
0.3103486138373426 0.11732395973725541
0.28342173752688177 0.1350803765090136
0.2738437865316721 0.1231364830216659
0.2804941521353864 0.13364164914351115
0.27845532774952947 0.11411530908116084
0.2898161258935698 0.1364480615608732
0.31013040233219996 0.11717006828389714
0.30313306644346305 0.13401055552177965
0.3093097299279968 0.128880572198689
0.28898889791947435 0.1362423118351464
0.2814998743814599 0.13401093993031524
0.3077145963033659 0.11424133800451633
0.2788922625158372 0.13228471206973083
0.2852001973755517 0.13537793118389266
0.2998901470655089 0.1098020485149546
0.30845967896228366 0.11513158318590287
0.2777762423337035 0.13126470191328754
0.30856835510502484 0.11533239410390378
0.3025476992691047 0.13400227781767676
0.2743341380269728 0.1222378354929921
0.31006788166965293 0.11779107071932947
0.2842936873420676 0.13494016369208087
0.2886179887241589 0.10949211578772665
0.3026972000506532 0.13374703113063036
0.27966853376559897 0.1136166731082149
0.3043672548757755 0.13280466182899944
0.31027706402754796 0.12609286427455355
0.2937327865454987 0.1360041426654157
0.2808138450375223 0.11282079881533622
0.2780462042450776 0.13104647563899763
0.3087143412211648 0.11593934305519815
0.2851176378191303 0.11065661747853708
0.27468483650477477 0.12232759959621738
0.2755303870782974 0.11928416896177667
0.30883117833041446 0.1280803037479957
0.27508865555345063 0.12102129938709859
0.2749767293410292 0.12474197403098775
0.3100914322792968 0.12536077130492176
0.2855315135794298 0.13478739755958163
0.27886096160704743 0.11480476580613767
0.2883761554725653 0.1099218986051357
0.30278710063322395 0.1115176698263866
0.2846299061696653 0.13441256872902102
0.2825155827767444 0.13354242050783177
0.2893846284857522 0.10977702230396817
0.2985786846306571 0.1346259401258547
0.2927994626714302 0.13543153094259885
0.3034115645100696 0.13255793661387738
0.29565971270766706 0.10968425054033122
0.27527710131360533 0.12277997366569936
0.2758530491693218 0.1198723063526742
0.3083243434571412 0.12803943775480556
0.29191472134148905 0.13535787601407678
0.2754659454174077 0.12157854274483745
0.3099595141415397 0.1207772824391813
0.2796981602848603 0.13135498390077438
0.30592371787362727 0.11398613435300665
0.3051921408495336 0.13112596304737095
0.29726155236922597 0.11003127564099471
0.2796071138354124 0.11467993733645311
0.28113624925058656 0.1322650398458034
0.296570494526297 0.13476561204886667
0.2770258075671234 0.12824864489549997
0.2969912305073329 0.11004357315206506
0.3043091090543244 0.1129018336061895
0.3098171919283678 0.12128763321832317
0.2873559039157256 0.13458237263935538
0.2827551656150197 0.11257886235045154
0.28684287309836554 0.13441994775750218
0.30403871152207707 0.11286163923082586
0.3095488767151992 0.1234449338103982
0.2794835959091152 0.11517512321118337
0.30920243971059636 0.12495247932662985
0.27966084739794295 0.1150426822499224
0.2974616844138504 0.1103756335135874
0.28500422051688445 0.11164506116752418
0.2950399667326538 0.1346239796964523
0.28802656281489153 0.11070908670869421
0.3090365521180019 0.11962313210299484
0.30810456661869534 0.12694711141302825
0.2898481868985961 0.11037583055002938
0.3005221994503678 0.13307758489501065
0.28409082762630344 0.11222176720125532
0.30721933676679225 0.1163566771964027
0.30781347421238553 0.11735717251831632
0.297539229508207 0.11069344893309416
0.2789786982910604 0.11644474104645491
0.29602418914549533 0.11059217089400057
0.27660958566244276 0.12337578297149454
0.2855120025382787 0.11193757848071807
0.2923931192799278 0.13409232727286344
0.27982556677937437 0.12965309666694289
0.2782819833749911 0.11796666559465074
0.28660155918449887 0.13332257567159334
0.27893699777914394 0.12852231110243206
0.2793864587536946 0.12904244352401192
0.2999219324067301 0.13255958298934178
0.28711854650912727 0.11158441561998299
0.30728983836948315 0.12657079812829564
0.2773929644963906 0.12024358138203022
0.29882133390739213 0.13278861918850823
0.283701546996923 0.1319640615183691
0.3078255599219682 0.11914467729675227
0.27827421429641785 0.12712979659377818
0.29596898739972594 0.11093796302121202
0.29646291358805626 0.11105721402912366
0.2979554395937168 0.11136998099747379
0.2918099823079572 0.13372293049979173
0.29862818007296027 0.13274193917725108
0.2934538191128729 0.1108454099086242
0.2892111683937377 0.13346003984306862
0.28730402429500873 0.11181487859715199
0.29551185356319215 0.11106121172714856
0.30761490729462865 0.12471172693037369
0.28126616800623844 0.11520266492265654
0.3036582578953242 0.11415854163690778
0.28068250906140463 0.1295870296963714
0.27749879598884264 0.12310034314076428
0.30665246449002653 0.12660617853858733
0.30291005577021424 0.13040476074779533
0.2983351533253274 0.13249699890345001
0.27817705399633885 0.12569711133717237
0.3049908033692989 0.11553033045471339
0.29293980537123654 0.1333641760921774
0.3035646991186491 0.11435311607430772
0.2812426398987721 0.11554118835074059
0.2849841160286091 0.11302125046332208
0.28680608748327585 0.1325145883160033
0.2926023127542863 0.13324708505275565
0.30758119353832913 0.12096503506113418
0.28751732937143487 0.11214459213532015
0.3007123004836622 0.11283475488174506
0.29983495090300555 0.11248294995445099
0.3045527906713114 0.11550251756431125
0.3000804273259988 0.1314795959906412
0.2851601900863732 0.11315314641870046
0.2786235912021553 0.11970458098045753
0.2907098594741855 0.13293604627099603
0.27813909433313894 0.12328127106926207
0.29087230884872306 0.13293252564071953
0.30683212575529806 0.11920646479314889
0.27944785475511097 0.1270493612614609
0.2848824783885898 0.13142451778986408
0.29282713587286235 0.11147322932860822
0.28267800522512115 0.11484009589567895
0.2955702295990296 0.11162158002760954
0.3065720285014617 0.1250280117639458
0.27880074115585557 0.1199469006237813
0.29318882967881377 0.13280118624612494
0.27851755291017033 0.12442874782798945
0.30576551706973265 0.11745678505866305
0.29319500113612307 0.11154263524740951
0.28265937623716947 0.1300095203060579
0.30671240970840863 0.11967176608305118
0.2857388778816989 0.13150849094159145
0.2786289308917564 0.1214326624675127
0.2929053308459168 0.1325696802826397
0.2801300002486915 0.11793957420257979
0.30249888879184894 0.11444832452297837
0.30235890372521196 0.1143525815783062
0.2930672712574886 0.13252614981552974
0.27900154418154416 0.12488876357113707
0.29845540311095786 0.11251077081608482
0.2790522581911866 0.12029556155190718
0.3046205618802489 0.1275009338924868
0.28571490284191914 0.11347475122551312
0.3044025946742017 0.12745240496782842
0.3013681524233019 0.12992938005716345
0.30313055274091155 0.11525792578512228
0.2868693305481373 0.1131303286563994
0.279781381684292 0.12591240438296836
0.30642633474840125 0.12275239369946053
0.2831333076213554 0.1296495137460812
0.2795606831843466 0.11977601289418757
0.28816427025405394 0.11273763441117896
0.3037569812443256 0.11599634801344735
0.2976716433739869 0.11262470751690425
0.2984960687231327 0.13107971343239647
0.2807999120246227 0.12720777838719988
0.30126921846395777 0.12966886150614856
0.27941717594388343 0.12416191985606902
0.2849080818477385 0.1304159851993379
0.2972597126086706 0.13128623771127823
0.2793809382563321 0.12220953167715463
0.29617280785372163 0.11245317228429773
0.29574353632073247 0.11241906372518554
0.2865850506791372 0.13094871311354664
0.286778013603165 0.1309318786174451
0.296736786335241 0.1312630168283503
0.30537320729820977 0.11906260583154295
0.30442774148562834 0.11741602456906079
0.30553004635773134 0.1240850967814186
0.28484599724362636 0.11459656819929964
0.2919417881747462 0.11245489131578842
0.2857903041353546 0.11414021945097509
0.2819106889499882 0.12764525095798518
0.2820273279196948 0.1277252099344526
0.3053125380634651 0.12398458078551124
0.2992703965669453 0.1301205297059864
0.29431922728247595 0.13142743418177852
0.29017006936890605 0.11283782642074436
0.2981222465171038 0.13049033068500487
0.284276979425879 0.12918618588283187
0.2808940189896123 0.11927439762690069
0.3049789139994123 0.1236708296925878
0.299240672600652 0.1140232241989307
0.2929879887763104 0.11282188140478035
0.29502880519149755 0.13094773287819444
0.30495319812034094 0.12028324219448508
0.29355957490483175 0.13104066528529218
0.28575255271031863 0.1147535104816521
0.28105581166122234 0.1251611705060675
0.30461509728102604 0.11944301268882966
0.2823938070804897 0.12714590153902516
0.2877320107507371 0.13029784847531564
0.298383467096721 0.12981595616858946
0.30487021685283594 0.12204027924709573
0.29985968137472563 0.12906018977776867
0.2817426301723431 0.11867939836123195
0.3039823753560809 0.11854660828599603
0.29107831955873303 0.11325566532092039
0.3036930036904867 0.12536413257936999
0.28208676313857417 0.12631869736504553
0.30379476797332666 0.12512208772590275
0.30371340486876464 0.1183356236288767
0.30033679617701897 0.11517908237602166
0.287973120182015 0.11421201528435769
0.303120999989557 0.11784645277290318
0.2870491707564806 0.1146610019291624
0.29084773302497713 0.11355696953788015
0.28254071621002513 0.12625573768495715
0.2823102655429727 0.11865768929431397
0.30359304787143676 0.12467829457317255
0.2876765846943305 0.1297088272667876
0.30377793902487654 0.12382499758020896
0.2835519983398932 0.12712293268501373
0.2900569613470194 0.13006239486944035
0.30369723945780436 0.11977268514163313
0.2906118858217956 0.12999581418569459
0.28274151952060034 0.11879131509471269
0.3007721683894814 0.12736172808607818
0.2892637847526685 0.12970856666741173
0.29638083379140756 0.11416273665346292
0.28459139842238906 0.11676728183319914
0.2948236298112079 0.12977069342841835
0.2828181634221115 0.1188772815656314
0.2880370648603902 0.12925580643449922
0.3034679004958528 0.12057113968410971
0.2821772973153527 0.12383405814976449
0.30346147029566406 0.12066010034780002
0.30274295879216184 0.12472058295735843
0.30039202335266596 0.12733645664367893
0.28287926115522294 0.125219491247432
0.29662352463159014 0.1291347025024041
0.2978413023024997 0.11484638487384885
0.302294400737777 0.11821151493822496
0.2855653652192691 0.1278045692918772
0.2948478040390182 0.12944098420236572
0.2827056806149996 0.1201318543023136
0.3030316622025155 0.12041858157435185
0.3031053829335289 0.12247513740101829
0.2827616677198818 0.12419636310367653
0.30137475880249204 0.1259162093637266
0.30300632695683943 0.12241736625438018
0.30215561920114253 0.11856514612259043
0.2826504774126248 0.12346000386425812
0.28805007360091317 0.12870137225487596
0.3017790102636012 0.11805762127925248
0.29552979267968 0.11452622904794793
0.28472196118464405 0.11758841379505837
0.2826700956539677 0.12215782380689645
0.3006091953703039 0.11699841789500023
0.3025429423244868 0.12331902700176653
0.29052024252411424 0.114676034757394
0.2973204846226306 0.12831363778930877
0.2855252715764787 0.11701162035809262
0.2828163830296208 0.12190444270190147
0.28707972327586695 0.11597983435463098
0.283931671973687 0.12543096701511477
0.2842200120125629 0.11847833924703735
0.2875094692535032 0.11590439130044215
0.2959898069873569 0.12850082203393967
0.28536934825104526 0.12659690837324908
0.2872315872584341 0.11618297506252767
0.28783772114283435 0.11587763598063076
0.30209305734803044 0.12020265646402467
0.2992803463360388 0.1165417161292377
0.2964161808720588 0.1281738966376542
0.2960549270717904 0.12820729492978528
0.29485764244825613 0.12848553832799836
0.29333101947412665 0.1286738175572764
0.30197689148433043 0.12283855779867602
0.29638349521417234 0.11534400539730026
0.2835112009469484 0.12187209198470474
0.2918024449246344 0.1285763558612347
0.2894087878083202 0.115557185514388
0.2851519486269093 0.1182352370086434
0.29300268958677056 0.12851070723921176
0.28751115178369185 0.11645826382296323
0.28885535078482105 0.1158318554823915
0.2838931202336433 0.12338948063455661
0.3011462087414265 0.12405876625799672
0.2944382866294462 0.11518769601677273
0.29853949061951324 0.11654255909295991
0.3007068435350948 0.12464888695808606
0.2982912422820643 0.11645464436297573
0.28445605901205434 0.12409439020143077
0.2976745536960657 0.1270150388219049
0.29705818234607523 0.11603838246333258
0.2857700192711504 0.11812967639251919
0.2850340750871273 0.11930910242266643
0.28854314193464614 0.1164450103785623
0.3007552179069986 0.12329374471020597
0.30106520533288855 0.12137756575294943
0.2983852771857481 0.1171985902554708
0.30071051740168414 0.12026113914642116
0.28986051326396794 0.12734532248661656
0.28472301546894685 0.12169355494162243
0.300802038026999 0.12117506452100675
0.28608841067205987 0.12519872268865662
0.29909098437258524 0.11792285723546526
0.29786767723711716 0.1260728381243726
0.2977055532124371 0.12615080122310326
0.29310356098973783 0.1158796577318413
0.2962486459591318 0.12682128312003313
0.3004744092898956 0.12045346478331714
0.2960171256910351 0.11637523569945382
0.29455567943718186 0.12718440355321023
0.2953289355184736 0.116266573533337
0.29706550870973997 0.11687664844754349
0.2962248115899093 0.12655549275753192
0.2902771054144804 0.1165437544517564
0.2860277872742958 0.11961893513396141
0.28599205596661414 0.11972674162859738
0.28547431228212217 0.12140421717928704
0.2943947866679432 0.12690386196887374
0.29091064039747627 0.126896784923208
0.28845789560988705 0.12608608994005613
0.2866687263322799 0.12468655982204624
0.29568401744431855 0.1264044003903748
0.28872380130414405 0.1260770650491259
0.28693984806503375 0.12475687283838306
0.290687610831999 0.1168871624737642
0.28894662333191545 0.12589429520398743
0.2888694870488566 0.12585114513381973
0.29655989206283206 0.11742339402608706
0.2953359520623551 0.12613996791796198
0.28890742245530354 0.12567812834321937
0.2982453254686855 0.124189971884656
0.29756464201087357 0.11836772153880099
0.28666422091657257 0.12037503088772798
0.291428049209847 0.1262861449461756
0.2866326661284621 0.1205559010154199
0.2989738160125769 0.12102247489359376
0.2901538306781593 0.11753941884518514
0.29237896242352496 0.11710483258276341
0.2900714517199344 0.12571506178933942
0.2891093177990024 0.12530470062439064
0.2981865577988784 0.11957553659884906
0.29289382914573886 0.1172243213446131
0.2987140965578461 0.12148840514063221
0.29338564091980224 0.12590120416157882
0.29707305926795885 0.12441680467335912
0.2907001029057385 0.12558431906365888
0.2877185375507295 0.12368956049868225
0.2884577293249547 0.12445762450358072
0.2926841738233067 0.12573936239030956
0.28742601255243383 0.12067797654997087
0.29585054703229563 0.11811907511623018
0.2929481729307946 0.11758617659952895
0.29684908767316326 0.12406598137571019
0.2938816089155479 0.11782443642231079
0.297901040061536 0.12201682994519884
0.2876872227497873 0.12125833893045722
0.29740006730614593 0.11987988010688527
0.2878756031421283 0.12117866369437219
0.28796284637975517 0.12094093132459861
0.28890544846938293 0.12364555953835002
0.28986446819184103 0.12420956151169342
0.29588957097131535 0.12390182399289731
0.29545704015132623 0.11885727327346725
0.29722462101872754 0.12177466886596594
0.2964325852541793 0.12290141233512923
0.29046094189639987 0.12404522898600809
0.2965677878419799 0.12233680170652858
0.29329604670157955 0.11864592935080456
0.2893194656691894 0.12057624955655297
0.2963345161448299 0.12235663109392624
0.29583754753101793 0.12295359346714059
0.28919463020698444 0.12128874295396706
0.29340301491110504 0.11899293147978876
0.29408592462308814 0.11934358676952257
0.29565140398748463 0.12215958330028603
0.289870169057697 0.12129090566360937
0.29392661364605555 0.12349059364718638
0.28997849373005236 0.12117080779173511
0.29016746627436485 0.12175841808343234
0.2941101856165817 0.11995057110911182
0.29303448437122076 0.11991850840558131
0.2920148791644051 0.12013501300572138
0.292265503627243 0.12018289192463057
0.29454248111892223 0.12097294966738414
0.29119972895457535 0.12224492711431778
0.2927499348606641 0.12028423719273898
0.2917286073432333 0.12060403477422882
0.29179605050304686 0.12235426996350687
0.2930512827350406 0.12241296322838842
