mu sigma
1.3518407506238188 0.34427580739799946
1.4896122633970008 0.16534122408392155
1.3493653834436043 0.3259519379334235
1.3779825557671046 0.32202951260402257
1.288850076920082 0.3023439701393596
1.5100447741975702 0.20643797654232054
1.4579204163432133 0.2915591914327272
1.3536006814533679 0.14536674544454187
1.3478915590354892 0.3193574653390203
1.4413832014443924 0.29665819464456833
1.494055655940465 0.17770170788669618
1.406689123029191 0.30723703610960296
1.300081749189912 0.19910593787393513
1.3037012838241542 0.29700346632848074
1.305967227847964 0.29338019209924665
1.4964896759285309 0.18801995805878502
1.4995673947019674 0.23046191853763348
1.2946723607970947 0.2266913075786477
1.2969705252969903 0.21920402499748
1.3058594429209758 0.27723680389617633
1.3029206120942858 0.27210037376881907
1.313085366726956 0.2831121529608644
1.332393482075354 0.2924978075453747
1.3056709682215932 0.20820789336330908
1.317259328820692 0.2774203279077295
1.3851049777868454 0.29141747502064846
1.4897866718151684 0.22501996453124562
1.3911093342847813 0.288834094749156
1.323168309326249 0.2756474066979338
1.4487099380395527 0.2697252331287355
1.3078169086126852 0.2492002143286152
1.490161641882727 0.21655471078464517
1.3421156319908254 0.2788832615270196
1.3718112972954084 0.2845322926271598
1.4491711637881823 0.1525619578924741
1.354000541933495 0.28002713304200977
1.3132159480795569 0.24484087336854926
1.3887039730230868 0.2816151432821817
1.41283968808137 0.27672800288811816
1.423381448914303 0.144745051025593
1.4643910916174097 0.1640684044008855
1.4416181814908646 0.26501287417259645
1.4779733917948066 0.2332892489493825
1.3232071198331372 0.25874195931256455
1.3438120442205035 0.27370329812580263
1.3726450235603178 0.27921030717509665
1.432797809269297 0.26807660992221927
1.446117059735328 0.260659301969119
1.4075687910465797 0.27527150939143513
1.3492249637142177 0.27337225639183155
1.3155906941436035 0.22051729836006118
1.4559120332818019 0.25259076825864446
1.3241145254700075 0.19567057072223348
1.3264130682821436 0.25312508117433524
1.4683205546772538 0.23904898338798988
1.3297850945887855 0.25622758055803085
1.3184152927741186 0.22645383986399414
1.3390309990646228 0.17497554925781061
1.4784304477928658 0.22063420049947985
1.322915407422051 0.24362594177283464
1.4698833137050702 0.23564332623139841
1.3225438340486892 0.2420011871728814
1.3615004251341403 0.2713566477158431
1.3221674191987247 0.20643179671181505
1.4485240563043695 0.1567098654574978
1.3498839313829942 0.16528626459020723
1.462792838780142 0.24200027840738972
1.4603587594167973 0.16522189217499958
1.3373436610279605 0.17867900792231253
1.3234820714436721 0.20582706179603846
1.326250467429372 0.2449992032882549
1.4404715173385079 0.15323921156728623
1.3263902863354629 0.19811493315245007
1.362758726067015 0.26901420687292255
1.4505931223064081 0.25048023312220097
1.4214485734192992 0.26345368373943473
1.4203345725572851 0.14794782234898388
1.364456001991996 0.266381552102705
1.3364052283532748 0.2520205447262418
1.3240819437671165 0.21858456684593763
1.3801778071035886 0.26763977536219413
1.441761549742879 0.1554613020287069
1.3422296399952247 0.2557009053113827
1.4735453732396797 0.2186884845214514
1.394933911189511 0.14818435067366698
1.4427230379096514 0.2514302714428687
1.391484854969561 0.2666269907047755
1.3660256638959298 0.15750450864885102
1.3383911282361098 0.250751725101701
1.4560443337821374 0.24133221485318065
1.4688773466658809 0.2263846713286626
1.3550293289954833 0.2608871717971249
1.4016130560410036 0.264648746092821
1.3282361766114308 0.20538695469396973
1.473795885242707 0.19145562590477874
1.3322388946689578 0.24123204081975894
1.3721153190645603 0.2639347463982033
1.3351686998858396 0.18902976635447524
1.332621118712933 0.23956618284748687
1.3486830642055376 0.17141389116923963
1.4518144800823887 0.16282694986639432
1.469499821535202 0.2220150963749776
1.4701463800045538 0.21985646053406985
1.3307246831715214 0.2016593819048173
1.4737223161479749 0.19779324562064332
1.4617853211265013 0.2325148186382527
1.3315137106418824 0.1994838458803151
1.4288171149573707 0.25495319052955673
1.4621766637769635 0.1730156091251493
1.4449331937335657 0.24625753150759938
1.3664493819726347 0.26069094782603014
1.452258938892419 0.24036925685504903
1.3360452216291112 0.24022414823002625
1.367667329807428 0.25980360354732235
1.4340343270594675 0.25113909337927737
1.4248612668885168 0.1517228583673352
1.471751904938976 0.1955814156473899
1.427007225729152 0.2536317724157983
1.347273270567638 0.17572669202992525
1.424922684703891 0.15225343907276778
1.4633017217205877 0.17728408149038094
1.3706168687156954 0.1581482837532117
1.3385470650456701 0.2384773962269786
1.4417349279968654 0.15902650166032442
1.4531157937182444 0.16673502519949793
1.4566941864956515 0.23272023588812876
1.455835151806287 0.23347141711808145
1.3340710530892395 0.20222959526981318
1.33271565811441 0.21144495403535768
1.4661328144732004 0.21881844650283694
1.4602813994272177 0.22802785111721388
1.3432606374965577 0.24285052191076076
1.394329012543866 0.2584658260576844
1.4074903915357306 0.2567159309997072
1.4302508142154098 0.24950518792187867
1.3858097541504808 0.25773950757305897
1.4226956258166938 0.2518460036218104
1.335610814593592 0.2268465381513487
1.3339938449406503 0.21113703776015896
1.402494920832937 0.2562736516159734
1.463618802645879 0.22025159053708301
1.4614932619996184 0.22360610693000368
1.344914413235033 0.18246241201407815
1.3486728626834263 0.17777207769022582
1.462810315471331 0.18073031838942846
1.3924996450998932 0.15262147479079874
1.3537349295001695 0.24716707776731528
1.4295394260102638 0.24753532039549841
1.3625924348992478 0.2511509536441879
1.436223099782537 0.2436958383197461
1.4013014261359595 0.25466743867378344
1.4638167828770126 0.18399337591476728
1.3370812160912489 0.20345313408631682
1.4628602883792903 0.21795478836903234
1.4245194368584269 0.24858700642206874
1.4610549935371675 0.17985659176669236
1.3377445617364263 0.22197122356531762
1.3664937277677869 0.2510541537972081
1.336996057825901 0.21499143756434183
1.4656427313283782 0.20830920179256168
1.392056875415199 0.2540943520324021
1.3574438382290732 0.2461656493767947
1.3375564456382878 0.21185180960040054
1.339117068091792 0.22331394916837938
1.37443263956307 0.2518708152219817
1.4200754887130476 0.15408653067019218
1.348124131233527 0.2382260449287806
1.4560127763366209 0.2252944272614475
1.4000812436925432 0.25242591486058796
1.4281124031714867 0.24510655476795426
1.3777048535795693 0.2519442805605035
1.460059274307707 0.1804881043228527
1.4586016702346374 0.17854510310718189
1.4515958698571083 0.2291510509913605
1.3947005372921826 0.252326993909757
1.3539312269582153 0.24159119221490458
1.3417791597218307 0.19582747445783918
1.4010142652576292 0.2512572670418179
1.353137922393852 0.24040601709281428
1.3406389292452001 0.22128106423524088
1.3534583291498998 0.17635874149972386
1.339663100449814 0.21134125585126498
1.3486528689596147 0.1829747533523664
1.4584639655860299 0.17987313965521015
1.379392172141898 0.2500713932148826
1.3621019034951227 0.16863650537435568
1.436597194808379 0.1608429172474012
1.4243597950013114 0.2445459092170351
1.3895871466613436 0.15549462894440425
1.4616761039598516 0.21115482054245022
1.432721097200922 0.15923043260650485
1.4011750053304812 0.1540150422964201
1.4585689350875244 0.18133508966401435
1.341058912958567 0.20904799175765204
1.4584545054758258 0.18154014092937193
1.3502433266957126 0.23408761338763964
1.3913027181037467 0.24956606931495737
1.3558043488983977 0.23839602975053265
1.4020692653842506 0.15450504446081267
1.3841905054771464 0.2485143189242492
1.3467315377329407 0.22701021414976263
1.4168914559607102 0.24482121854433267
1.4605618810018721 0.18911587667417398
1.4287175746091907 0.24040213988056097
1.34459572732014 0.22162688584780998
1.3663504649168559 0.24354976570104223
1.450442814557334 0.17237870728325128
1.4552567315104108 0.21893638537506405
1.3669165917178114 0.24358346693651928
1.3452960639193852 0.22269293154051614
1.3720056030731513 0.1637418656508366
1.4348738010939186 0.16161581747125275
1.4517646224571155 0.2227220356645723
1.3921528228700533 0.1563463333521472
1.4369074019368497 0.16275841170327107
1.451079686526361 0.2232340275784519
1.425051795755813 0.2410297561412129
1.425608488900524 0.1581591681590048
1.360385052383339 0.2390011630472279
1.3610649255085665 0.23937620402010867
1.4201026752661163 0.24236718963768591
1.345152574357324 0.21796134737287762
1.3578774610364495 0.23660358098969664
1.3614629499698636 0.23862563693865707
1.4034994463706811 0.24572675024403787
1.3735592602977738 0.2433791120930554
1.368921160446766 0.24174367646745426
1.396715637604083 0.24589837219250132
1.3844423274523883 0.24546712775531349
1.3543832751741596 0.23199429539391583
1.3606416303305138 0.17360035597111603
1.3707135556416437 0.24203276861253828
1.4560806055796842 0.21280510032268232
1.4098465035742507 0.24387840913347253
1.3740740215381364 0.24294875255759535
1.3719161924073662 0.24217387714289954
1.3457400953112284 0.21304992072730203
1.4555949785952271 0.18277851102999007
1.4529847785513128 0.21745267123796386
1.3462425171259453 0.200565984863471
1.3503582872135662 0.1883625481599984
1.3458183355684044 0.2036873886936416
1.3474629231478548 0.21907730942261558
1.409120495904518 0.24354135939655502
1.444927802292817 0.22644661976920397
1.3771297293951472 0.2431906098201079
1.4271711276393613 0.23767320593966157
1.4574854714901389 0.20736761822534805
1.4539077477732691 0.18036675969262259
1.3558268180305477 0.17999057855845926
1.4415352639310646 0.16735689816085939
1.366635216102485 0.23910680347658392
1.3599540014389528 0.2347595226976693
1.4515244580968418 0.21811359498343774
1.4304999304821406 0.16156670555715794
1.412962978722486 0.15699349653398276
1.4397007228473768 0.22957233032711913
1.3485580112110453 0.21835487180896573
1.3794769052930855 0.2425983540773606
1.424214922399834 0.1593948423705134
1.3831877888052413 0.24322498918804142
1.3566003493955234 0.1800668130226382
1.3876438307114913 0.15930506792483687
1.4207114241612633 0.23892327830277527
1.3907077464004072 0.15854611230219562
1.3711266664764774 0.16684457367837893
1.3613732887958645 0.2344514257727385
1.410541321764232 0.24164535313472998
1.3479270525062281 0.1998500839912278
1.3546849879195828 0.22802996417019702
1.4030398980438838 0.24273931913714716
1.3599912508725849 0.2328884867450014
1.454241406548626 0.21117032085909554
1.386015362104724 0.2424703257950722
1.4315853891945904 0.23328569839564123
1.4027457438206952 0.24228212534923457
1.457130470387777 0.19896705177297228
1.4553137768159274 0.18678827602373266
1.4435862006031694 0.22459627786232855
1.3645195004798738 0.172797171069923
1.4308740868584593 0.23295487907158585
1.4534789450451029 0.2106458162575994
1.4019028017823818 0.2415539403572273
1.4474428422307997 0.17496230523791162
1.4505770589046443 0.2152514079409245
1.368470863258299 0.2360351908272442
1.361618400916053 0.2316981755846252
1.4101272145940138 0.23981460333354312
1.4200074187131573 0.1596759448849704
1.3556750408036815 0.1847763032211893
1.376982133676398 0.23871502197863884
1.3645307671263698 0.23302766596899308
1.4508830696269244 0.18063338305135246
1.4167073707458497 0.23756824173059699
1.4166234218627345 0.15906873866093188
1.455417771842256 0.19656582039408207
1.3514433411435047 0.21534575644486087
1.440667907398077 0.22469236912118615
1.4452707491420176 0.2202813317134842
1.4516096922607953 0.2111965130667274
1.446398302579392 0.21887318260275948
1.426777317135735 0.23329782050979145
1.443629793610096 0.22172990223235767
1.4344473532354298 0.16568104858591584
1.4502958054028565 0.21333520221596408
1.3552603496872786 0.18667739936879504
1.4507822751637067 0.21191343089496503
1.4028256206970404 0.23957611830854292
1.3667732979085936 0.23310403077386346
1.4453149357192885 0.21943335015317353
1.3983536668173986 0.23986915899457964
1.3635307857626093 0.1758531732999149
1.4278457732329597 0.23204274686090198
1.4529949738638481 0.1879137764865657
1.4471255238487846 0.17702999094165278
1.4251600817063803 0.23292265137419524
1.3671201351980902 0.1728376182399447
1.425497430263435 0.2327454964602327
1.418869181045142 0.23528487468290177
1.3803116977364542 0.16437185967282023
1.4053344283659728 0.2383978927813165
1.3822645040519834 0.163566937785613
1.3595513100910477 0.22562057851707443
1.3595513100910477 0.22562057851707443
1.3862707524268147 0.2382904900969122
1.3578736117741808 0.223375171785717
1.403425439233236 0.23834158990763574
1.4350297706800597 0.2268284961225376
1.3945804417891243 0.23863703875845288
1.453319089732597 0.19964729798202688
1.4400486004245205 0.22262159072018978
1.3545411967260828 0.19231399892269938
1.4442477988336875 0.21804965383055228
1.3525000514542267 0.2029095754112409
1.3657536312060847 0.22961191535551662
1.4528064309401727 0.1934131885133308
1.3754401713985536 0.23460802190652655
1.363277523240235 0.17809025835385872
1.387174706035742 0.23723909434910123
1.4443564044843027 0.2173268020792492
1.4524594584040835 0.19238531984793295
1.44355280849069 0.17470288729244868
1.429832349853959 0.22885288154210998
1.4523680279968312 0.1919724657339196
1.4275651019887814 0.2300208461293078
1.4123904015058057 0.23549300104075307
1.3938813986663394 0.2372916020476861
1.394718101920574 0.16084246434254154
1.3533634768703804 0.20395862369141152
1.4443771118708273 0.21653635981237535
1.3904733051410942 0.23695155675495563
1.429282550370852 0.22847760757409102
1.3691705922565456 0.2303710565016609
1.3565050049695802 0.1902113738018129
1.4379103210639044 0.170352042086667
1.3796802120982692 0.23475364033049514
1.4518094222676996 0.19900510266679292
1.4504697622750342 0.20497743098028867
1.4052152950415455 0.23604732908572254
1.4259525720990545 0.1638937025926916
1.4020353704908652 0.23631792333244894
1.3580397134974915 0.18751725598707822
1.4073628926892976 0.2355321865218042
1.3769371828583956 0.23339043129116674
1.4204513057243895 0.23180713244764958
1.4184796741998613 0.23244521332449794
1.3606501871669465 0.18358920101694456
1.4353895909526706 0.16914539376814033
1.3553085307533157 0.21044352693935545
1.4170178823705912 0.23270350390677425
1.370401143087574 0.22990328864936352
1.3599547702203232 0.22059438750415936
1.3687667803612698 0.17418740320216894
1.3585897709086237 0.18744777148042144
1.4510497968434317 0.19804310571281725
1.3546982619935692 0.2042458964532027
1.371920007091147 0.23047418274297668
1.3888125862640024 0.23535894288053388
1.3783978038545572 0.16756043350217742
1.4329028476134877 0.22450170073745543
1.3553078068827167 0.20501389089438635
1.4470371385883602 0.2093492223634863
1.366055030818446 0.17758528412548688
1.449766152414544 0.20178498864226496
1.4329710415178996 0.2241388215805307
1.387707554977006 0.16384024795296864
1.4264377610263104 0.2277575180430728
1.3577312582897694 0.19175330843572758
1.3931640532753822 0.23470383220377553
1.365703027781924 0.1786012620264952
1.4481185769204048 0.20514955507825974
1.449607299323636 0.19861415447899233
1.373668893649461 0.2295255191547249
1.4356999202255856 0.22102687470071336
1.4229655373778587 0.2285836727256081
1.3588997085413153 0.2144471237287024
1.3763198067492919 0.16981968216884277
1.3584761203875255 0.19149914460731682
1.3954125289023278 0.23406828374028535
1.4099957130914458 0.16170906148004968
1.4317676964924866 0.22357964629186397
1.3574818587416064 0.1956021320405737
1.3568854129946808 0.20604846290868026
1.3581908354039227 0.193089600111187
1.3932976159746646 0.23374911275133978
1.3667738072952509 0.17822493428056166
1.3880983334989154 0.23303928600025073
1.3638324770062855 0.18210455648468524
1.3572054235342705 0.20538887787570403
1.4118775210440586 0.23163089591770195
1.4450103359932278 0.20939128342593868
1.4486034003767634 0.1989634845038083
1.4239500093427244 0.22727657334174997
1.3749529754105447 0.22874418869436516
1.4460549536211647 0.2069903154206702
1.4429257967785278 0.1787248315445469
1.358139259051082 0.2088234939665781
1.411637512829464 0.2311742868469464
1.3845853342814887 0.2315613801916602
1.362850250862788 0.21808268346884654
1.4453725728520697 0.2072452670735377
1.3922512043132957 0.23251959948001555
1.3871109851538972 0.23188373875794677
1.4481144241149961 0.19723759923202935
1.381278292449562 0.16795312594630069
1.3930433203136703 0.23240202617599387
1.4146778026450306 0.16305755842915892
1.3595843629192796 0.2110768379913862
1.4020785857934839 0.23222972424696278
1.3755115213983178 0.17158834220100067
1.379416785689851 0.16912467668774311
1.3628634033565081 0.21736612234654645
1.430974575010711 0.22228250761758003
1.3684217454088274 0.2232788398927248
1.4464292952422355 0.2033512891460289
1.4474053397025497 0.19896999496473344
1.3962872475851473 0.23210708235595778
1.3884874675022063 0.23146417467683644
1.4072239297888838 0.2312149683259479
1.426976297683907 0.2244093623709539
1.3727668935898787 0.1741950360597695
1.4057002153775078 0.1626357386914211
1.3794875846559569 0.16952668095256274
1.4463656082213343 0.20213871042376902
1.3942172322971027 0.23165829756356138
1.4188761374389984 0.16442895801939728
1.366105098606353 0.22005407819254338
1.3627331819315234 0.21550594667113923
1.4349457397325562 0.21851098552507997
1.3667280377664155 0.2205453371009206
1.4079062691469808 0.23044539183822607
1.3691894129154707 0.22258252001164985
1.4062453209108126 0.2306664529655928
1.4399960022265414 0.2130465791072118
1.4428980371320386 0.18130621841354466
1.389003798746515 0.16559712589215872
1.4070608251761176 0.23038926208972305
1.4102987355379688 0.22975443865019446
1.3644126628896989 0.21695736030552717
1.3982855532032463 0.2310107498673766
1.3819668586832932 0.16872061769570249
1.3648377693210896 0.1842331186352015
1.3641862603986654 0.21600806775240072
1.3783915417859653 0.171021987780241
1.3780954385882476 0.17127375100606862
1.3972376289753208 0.2304694936086631
1.4281155881695002 0.22199312238821728
1.4267764906882796 0.22270021921658173
1.3617615198060193 0.19256868548473857
1.37636155735209 0.17276819793674264
1.376875821697022 0.22576705482404283
1.386782102510525 0.22907026897031216
1.4127693962361374 0.22802482989167913
1.4157908106692112 0.22706909472221956
1.4173952452197711 0.22647731726625664
1.396442645608078 0.22987502702822052
1.4415554443486418 0.2082505424538464
1.3907960773961263 0.1659334961135129
1.41800938834034 0.2259831306255524
1.3616272309604347 0.19508165355165508
1.4188806421302842 0.16570518151469837
1.361512544228904 0.20509486834449991
1.3789605393009292 0.22572293040651617
1.3757900035226902 0.17388978256853888
1.3618754741311088 0.1954265908741271
1.3780123693364708 0.22524634607932964
1.4448482871730453 0.19180877338291596
1.4288973841981871 0.22019114131534778
1.375832669598297 0.1739640252776089
1.4257727850141337 0.22192408733028918
1.3750494895779404 0.17465465191883722
1.44429588286161 0.18969180159143473
1.3865425701320893 0.22778152214068284
1.4206118598835866 0.22428802948854773
1.4440804792858524 0.18912418004304088
1.4439422804428086 0.18868603669921727
1.412978654721679 0.2267831040946288
1.4354403861834393 0.1751314171273835
1.4439032060455907 0.1892284958545472
1.367458482719968 0.1834248964012946
1.433178118261789 0.2162817667196771
1.4167762126100523 0.22534865078085514
1.3708475542210632 0.17921249998176328
1.3621829768322586 0.19926847251193427
1.3969709345814256 0.1652046613331285
1.427804130117543 0.2199330086885078
1.3834064554856766 0.16980457805730062
1.400516135581889 0.22814990582919303
1.4131725657009715 0.16521085403373378
1.4388813899477446 0.2094948415637095
1.3629066779496777 0.20452071321343346
1.3679103342959154 0.2156601253789178
1.3822967154512258 0.1705742881155109
1.3763278253967655 0.22278124997049376
1.4437194843935537 0.19610000164936953
1.437469217649475 0.1781950381577074
1.3634240878474442 0.2059462799412423
1.4271023100608553 0.21975947887799985
1.4428402220130045 0.18836470922426596
1.387581669119972 0.22670598010591167
1.3891319893697878 0.22698506727774853
1.394529305553713 0.22761974802353982
1.365702689533765 0.1881249455787219
1.399401193452555 0.1652491853761375
1.440443569745355 0.20615934225705435
1.408500395398112 0.22670238791022543
1.4315233968520547 0.1731091111271201
1.3636517343901216 0.20460380169375966
1.3759263184679407 0.22161112580152859
1.4399850745628067 0.20611353734394253
1.413327474199729 0.16579686871053417
1.413327474199729 0.16579686871053417
1.4061141040128637 0.16516431609598495
1.36751740425419 0.21344524562144557
1.415530535284988 0.22431862324111398
1.4366469360406833 0.21063133440984289
1.3825837354235462 0.22432270750232952
1.4424220447977754 0.1983378624127026
1.4144412107769404 0.2244538055933127
1.4320724424608018 0.2149683087070998
1.3651725198852658 0.19190458822717135
1.3889424083826831 0.22585967025143291
1.4309205800761158 0.21578159676208025
1.364392945420815 0.20435314142385116
1.3651731396221556 0.19222723751659673
1.3680883432258424 0.21311099373667028
1.4421460721465524 0.19797366162283392
1.3943949923948211 0.22640465902139417
1.3768513299868514 0.17537692609063446
1.3837424844299144 0.22411112790386978
1.4306321431749387 0.2155729358581158
1.3775899223141468 0.22129522306027472
1.411461869786626 0.22466108689164155
1.3644628236746386 0.20072667418847182
1.4420511322927658 0.19633071541242797
1.3754642473046275 0.219619479776825
1.4364608520181315 0.17947041547277595
1.4027950713348658 0.22561228110305323
1.3701148564366719 0.2142335687366054
1.3796230077781437 0.2216980954914828
1.4115164721003728 0.22411486569755107
1.406270877148522 0.2251077571475687
1.4088939524096866 0.22463747573157844
1.4371222672219173 0.2077124472970961
1.4365131821491661 0.17980838271583358
1.3684410624011991 0.18664962487340325
1.4235902739760788 0.21923147226278997
1.368533422889312 0.21129350384248075
1.3680776111670339 0.2104479906003672
1.3785109455264521 0.22058856280011924
1.3667885183756052 0.190962736099171
1.422009461870352 0.21972714453731748
1.3668122614511113 0.1913981853989658
1.440407315502805 0.18849383104257866
1.4177262023256274 0.16804495493641888
1.4152946529412127 0.16746447584658994
1.440899712891464 0.19308946768971613
1.4384644117916174 0.18398704400654622
1.3660785383246554 0.1972882482311095
1.3874041644992152 0.17049790100740184
1.3939164311773764 0.22423929214922445
1.3957529666388688 0.16779060722344316
1.4070028892325603 0.22377292225373432
1.367246201429252 0.1929287428362406
1.4065071094560166 0.2236044224132338
1.3839411531108718 0.17248527812347123
1.390753038696477 0.2233927385822097
1.4097135718108529 0.1671681567899891
1.3829232403154126 0.221061707671617
1.4028157172821851 0.2237764842353639
1.4380987657007545 0.18531469624387925
1.3801545897906813 0.17518614785505676
1.3673072884530515 0.1949371135999538
1.4373651659899696 0.2037030789760973
1.3739938324246308 0.1809773617436861
1.3792486217480402 0.218926302872457
1.3977752260747263 0.22363475771589547
1.37896726634008 0.2185686336232083
1.439071770327733 0.19805523535522662
1.4393578997394145 0.19620849307118005
1.4012567472297472 0.22331758005877872
1.43710561115551 0.202880197675154
1.3737970847252066 0.2138823176354484
1.4364959282262535 0.18337890853638977
1.388675489299791 0.17082805936503945
1.3691974917266938 0.20670615333722664
1.428573392610446 0.2132896714198529
1.4045874165704886 0.222820084680889
1.42467597914683 0.1722530024767343
1.3999431143326315 0.22308346757301528
1.4299406928775633 0.17582166870554336
1.4238788854805389 0.17189531297109778
1.388429533015887 0.1710961214224313
1.3678830460175568 0.19804991979449
1.4319752402009334 0.20977446106556819
1.371013384555907 0.18666266307334306
1.3841090613541849 0.1733629303961243
1.3682238942970446 0.20159401808864968
1.3857027331050253 0.17250203653369092
1.37786292839143 0.21671551034151906
1.4018449847498018 0.16789320775282035
1.4357650535710065 0.18287792342844528
1.37696479105675 0.1789148649914602
1.38024828323295 0.17608247055587437
1.4093002974291542 0.22160865995855367
1.401849552342326 0.16804549388063558
1.4377384838792202 0.19895711700972485
1.3853800967205085 0.22015362669546165
1.4021002044795021 0.22234462359406984
1.3728575452969976 0.21131168822056803
1.4201784951411685 0.217591946620953
1.4383526182961481 0.19337563845072359
1.3727929300514878 0.21087300592378597
1.4220462397678781 0.21647303869053652
1.4026399260820852 0.22202930614010638
1.39063902333324 0.17078986718755104
1.4131666013498057 0.16887978044750876
1.3753457149288848 0.21354677037249242
1.4169265410966259 0.21870311596801265
1.4061103393198513 0.22149661295390244
1.4263324840651936 0.21349185381284053
1.3807582805108884 0.17640114223398506
1.372658482225027 0.185476762066258
1.3725945439377538 0.20986066025971795
1.37084733658067 0.206614127135394
1.4363941576036865 0.20087728101214794
1.3821657780187446 0.21796828014098646
1.4074682042068067 0.16845285797162324
1.435875932876625 0.1852988432853775
1.4375380632225476 0.19267236698084494
1.3694317601065036 0.1969686089731232
1.4288026792523123 0.17643794436821222
1.427297811192127 0.21212261790893677
1.4330196951923269 0.18088684624993415
1.386960486026082 0.17295064694686524
1.3793757693887527 0.21573610249524233
1.424891676368232 0.21375409912997292
1.3770342685599266 0.18054815502529462
1.3809093821053702 0.1769619552658805
1.4292212389824992 0.17706624342852126
1.4292212389824992 0.17706624342852126
1.3895388429223399 0.1719574976762718
1.389046658535076 0.17221418620123738
1.4188613805518813 0.21680122341804334
1.420774240566539 0.1719230879891104
1.4087065581515397 0.16897692191250513
1.3822722581787426 0.21701160463308675
1.4369768618508507 0.19243670240066996
1.4283249315830302 0.1765127022301048
1.4071535788852856 0.22030269950593043
1.3803728005666525 0.21585336358824703
1.3775606751796203 0.21376239949945236
1.3745350073336033 0.2106424047525377
1.3707591217435593 0.1927076539925736
1.4030111453503364 0.22067377398141186
1.4368228089730826 0.19331402638702558
1.4347730946218464 0.20161381991712451
1.4365570988315537 0.1915065400290039
1.3705967754420143 0.20045506096194526
1.3705762249485898 0.1976627207638792
1.418613483160086 0.2162111275379124
1.432888946185903 0.20435697746891116
1.3843905126144707 0.21719581553435247
1.4142324149291041 0.17032882716471098
1.4194315315665182 0.17197193156195645
1.4352366597411972 0.1989720639132202
1.374553734699935 0.18533244493132897
1.3714997996123954 0.20222889388815574
1.418432777007693 0.21592073650405427
1.4006504877669417 0.21986373240309273
1.3872474120816558 0.21760355043599758
1.4186940323187731 0.17211226269548646
1.3942772750170422 0.21918435964598534
1.4352023820649562 0.1958678903430196
1.428123496732554 0.1779185220209142
1.3934747214356378 0.17169605224946052
1.4190045329847738 0.17245860135661314
1.435283100549699 0.19277455907144148
1.3791060584651265 0.18068020904719428
1.3875406043168346 0.17451046878591334
1.3723434696625874 0.1947234221060746
1.3734242114551236 0.19030818403245797
1.400209284259987 0.2187585820299424
1.3941156589329236 0.21828183076320795
1.4030902016309654 0.1703788253361787
1.3760107796458891 0.1854232662483039
1.431929037606335 0.18356943297462405
1.3788315770899209 0.21109680976661774
1.3745938883184137 0.20527423377852103
1.4274493007879352 0.178394356279007
1.4032378325361607 0.2181968873996683
1.4154810528083557 0.21541265052231579
1.4227993132329513 0.21150608306511895
1.42885725691247 0.2061801204908275
1.3762464464697026 0.2074706930416404
1.406836230516801 0.2175482787032692
1.4001145255606815 0.1710795446921454
1.423797551176953 0.21052763548402767
1.4207301585217396 0.17425668307036715
1.3950494033310425 0.17223872767375606
1.3783559594160701 0.20960849596551287
1.386786906221024 0.21530947105431014
1.4194699058981461 0.17374082992981146
1.4096162506234924 0.17109591076138075
1.3734923796707954 0.19623645461438272
1.432304454446642 0.1997520416433709
1.3864771803943032 0.21476936382431228
1.4324044251996624 0.19869890524337358
1.4160705130955922 0.17274647256251272
1.3940397429967133 0.17294075943025727
1.3891596575617224 0.215598678869849
1.3755082543282797 0.20402839571263034
1.4210310581836163 0.17499651800561222
1.4307743049870814 0.20164248985347882
1.3741430163263553 0.19582341160906777
1.416695310655871 0.17319496695790812
1.410467466406168 0.2157533778903284
1.386765842547216 0.21428826682737223
1.4142333694805063 0.21452658907047983
1.39476284508285 0.17301882591130013
1.375339691925629 0.2021786879129915
1.4312230961522658 0.19992806423898496
1.4314835713165524 0.19926099037993703
1.3777481343990812 0.185823681996076
1.4289244391753655 0.2032515813538213
1.4073944464506736 0.21577643632922114
1.4189012368322689 0.17464540857373517
1.3907493354167202 0.21495564898476788
1.425400124530969 0.17881127820033363
1.3812371457940245 0.1818933586574772
1.3905823757516438 0.21476596091110478
1.42911377008304 0.18319517132031043
1.4231709219782394 0.17733807100771368
1.394514283555205 0.21549453435709706
1.4233420460153146 0.2083843058339269
1.380130230141426 0.20819032782942307
1.411659295382227 0.1726941667137525
1.3781585126341769 0.18650842212318627
1.4266038157488419 0.18049138704806386
1.3999368830696666 0.21568722664954892
1.4085483400461327 0.21484627819343013
1.3756965502081981 0.1961056200597145
1.4292629737184255 0.20080542881188845
1.3969271917553265 0.17345547867438582
1.4017697349700877 0.21531968268688584
1.395000827048051 0.2147568918856255
1.4146014866862768 0.21254026911339094
1.3958163286986172 0.21483114088550717
1.4131691264343178 0.173559272226072
1.38863155956896 0.21287926246015387
1.4282031176689933 0.18349888168056555
1.4219138766252506 0.20838371366617117
1.3765853462882927 0.19890016354982037
1.3800420501355761 0.18491325134397626
1.42611949498673 0.2044131830119486
1.377239677989734 0.19093916870424527
1.3917291930172264 0.21373492741941238
1.4035078146016242 0.21482263163106652
1.416372743412603 0.17475525121579805
1.3809397632323641 0.1840324089115856
1.3833263385741308 0.18136435269935897
1.3767508784161617 0.19631858319162704
1.3968516018795967 0.21450063192612634
1.387941048820607 0.17783398933765482
1.3852788647059129 0.21056211410377007
1.3985358309796965 0.17361705035511774
1.3883491717479255 0.21217660007234238
1.407178046698132 0.17301292990239361
1.4110840956607769 0.17352907140655394
1.4288434682127873 0.19935347729616978
1.4208472678961228 0.20840445798173826
1.3771962412365513 0.1942352217893098
1.395891026826849 0.21402737680949238
1.4280136368785934 0.18465532511254307
1.3822401325894487 0.20743116861424757
1.3952789518147994 0.21371464643148796
1.3774137816549874 0.1951979361447682
1.3804504379434779 0.18605346805747827
1.3857354596724702 0.20971638416751254
1.4065899192359463 0.213343602587293
1.4292114603545247 0.1890608992824505
1.4237323234126413 0.20510729991559778
1.4276561832048946 0.19987721541720804
1.4214838014789368 0.17837061411894908
1.390759793772498 0.2120255976985827
1.378298626646377 0.1993155240031397
1.4193986399090637 0.20824210147140887
1.3785499947634348 0.19946092082627
1.4290610525125818 0.19508718221612675
1.4061501817175814 0.17377258856751635
1.3967570776664409 0.17492086018236924
1.4257046131373645 0.20230236391608783
1.4220823107972724 0.17919324000494588
1.4003783795957125 0.21318622758242373
1.4257688834812545 0.20161958624871576
1.3907213209882023 0.1777123359793443
1.3795809804305643 0.19042099570558624
1.409233556504765 0.17445750758077216
1.3798922492910397 0.18969845286895262
1.4095150896790987 0.21176748188432956
1.428455294964413 0.1940217204896707
1.39440558729896 0.21206439555106485
1.425068321648059 0.20202794345273192
1.3959419088064076 0.21225152681873893
1.4101415887069981 0.17474686886130153
1.3827713912974517 0.18482716949271671
1.4165932459842727 0.20881938308854261
1.4091075572982517 0.17471136803651616
1.39594341624304 0.17588273798726572
1.4250929186514103 0.20145766895215134
1.416716072655666 0.2085339337722107
1.4273226778401864 0.18758568436848533
1.3943905638653096 0.17651967063684246
1.4190308582092928 0.1781804234677289
1.3806399229323931 0.1892649655009743
1.4161039507105682 0.1767316871829913
1.3998762109540253 0.21221148325020825
1.3814193729210795 0.18772721194388664
1.421329307325494 0.17986523138949623
1.3811407857023954 0.18854379435539703
1.416769275635338 0.2081480643094347
1.423299245011335 0.20298314320373653
1.3838475392350984 0.1843261786928389
1.4264017637085407 0.18653771267890995
1.3818016439223495 0.1876225493197405
1.4085686028718867 0.17511207148756208
1.3801448445627158 0.19322960688765067
1.4173983375846353 0.17777236965845722
1.4263256845330805 0.1869987679520097
1.3947160439885986 0.21092200150595017
1.4072758081600076 0.2110973854280496
1.403001879995818 0.17515105822238194
1.4178566402505015 0.20694759544342378
1.381564122501104 0.18892454872919304
1.3890802120146812 0.20869878538714878
1.4038883968879228 0.21143442352329478
1.3860834591918039 0.20660651408051506
1.4038286240656594 0.17523070587464004
1.380490741665045 0.19413916212214202
1.425692767839039 0.18632058436946253
1.3851957955454306 0.2055747323175738
1.3854391216727844 0.20568032212751391
1.3812617145174706 0.19084534737615327
1.4088123397444678 0.2101540540215297
1.4266031044902814 0.1915113581940332
1.3940762367616635 0.21003229396406925
1.3928280959906323 0.20959070377628064
1.4231790031469966 0.2013441413349771
1.3959673935537715 0.21031417585679488
1.3860425176083102 0.18340013793138732
1.410999268929206 0.2092982213264796
1.4133769488027352 0.2083054323098472
1.3859922103214553 0.1836258743331134
1.3814456947211942 0.19317841115577145
1.4141393622477136 0.20774880525434553
1.4125210159746486 0.20837575975049608
1.4141731699658715 0.2075430396863696
1.381803249929959 0.1929634465404003
1.3999505704054187 0.2102110974587945
1.3971280093913105 0.1772341744019344
1.3922845393422658 0.2085574552253163
1.4176222231636806 0.1794111167808152
1.4079499100872364 0.17640650773918987
1.4082861316329378 0.20916175850417232
1.42049442038071 0.18171277575800127
1.3858477565584122 0.2037295604391994
1.424448219665662 0.187625629631888
1.3858487010418499 0.18520173167677387
1.4061986274115625 0.20927107140393236
1.3824482502474398 0.19476422475619348
1.4250941834409097 0.19182355121849456
1.4176595789857118 0.20467854369408386
1.4213704543990213 0.2013266095006024
1.3872495716480544 0.20476137635856118
1.42357059864942 0.18616420696972164
1.3880090182967268 0.18305355210638638
1.4246158531838238 0.18900467871825574
1.4106211286363164 0.20806772888908603
1.3827076205315154 0.1929765759913351
1.3843886782092032 0.20110042267882744
1.3966635007380344 0.20893769542197366
1.3835334983660035 0.19913912923574648
1.3979806807688528 0.20911427090507637
1.3870731330766293 0.20421285348564258
1.4246989335519826 0.19332890707847306
1.4053082901959781 0.20902488945213307
1.39771721942933 0.20885854839645016
1.4111741476360344 0.17760351553399187
1.4167429971417933 0.2046679508513122
1.384984974117023 0.20097206920840446
1.424046072235377 0.1891279930917141
1.384679596741002 0.20037465538111374
1.3917551372831554 0.18080697411189908
1.4227697093981289 0.18605206021826712
1.3837902938973596 0.19101123009876855
1.4185108102367399 0.2030692617298674
1.4204687706553583 0.20103766039628962
1.396072776481345 0.2081043545991997
1.4069069647727999 0.20817273423035385
1.3839564307368881 0.19161371582821185
1.3966732283745174 0.20802958725981185
1.385296149643203 0.20036029207794923
1.3971731593728236 0.20798681546833447
1.4083844756170902 0.20748697332359395
1.416696487854582 0.20371613939451896
1.401983017132129 0.20824510671946858
1.3901012843545169 0.2049394574780801
1.410399607719321 0.20680432839964366
1.4231637160576103 0.19487679839095237
1.388821432014115 0.20394912684786184
1.4142522846435988 0.20503747762770952
1.3858900957706137 0.1881071093350486
1.3852836403840212 0.18947557524017003
1.4171658671454563 0.1813500954551621
1.4111627918265774 0.17866350119238777
1.4231381459160262 0.19253222053305083
1.3969326677655411 0.17926632350804866
1.385040462894687 0.19098562935563146
1.396165802184195 0.17968075659762214
1.4062072995268151 0.17817919144871677
1.4104008576878995 0.20601313961747428
1.3850139330448907 0.19517345593905525
1.4078807903345614 0.2067264535438173
1.3902821932478056 0.20393556133076549
1.4204792037836937 0.1984840420436203
1.3868719330962842 0.20008499934498766
1.3867795650501251 0.19989304070776096
1.3948954861851957 0.1806147975025574
1.4048233943093846 0.20701323139906655
1.41092059747931 0.20549594245366953
1.3870309530784521 0.19994589510343427
1.421102008960494 0.18722742527705494
1.4056691259207035 0.2065563730761389
1.3884545778715447 0.20134895589078836
1.3981360769545517 0.20640737081923677
1.4127010901146542 0.2041842698388565
1.3914289214240152 0.18344504865869962
1.402035476988982 0.20658636420683502
1.3860437112486532 0.1924098658985388
1.3995247367370771 0.20637255096338603
1.3894718490556075 0.18557104308113573
1.390816477502018 0.2028934694725022
1.4176136334315965 0.18350864170126735
1.4199648542568684 0.19712250559957953
1.4132843346426278 0.1808419598460444
1.3900418672300296 0.20192864209206016
1.4039575436911804 0.17916989434876596
1.402858383093236 0.20611275661792214
1.4105344698505338 0.20456717860335122
1.3896006539099757 0.18590875392907635
1.3865657661362274 0.1947554243508594
1.4143144051282293 0.18149150770235464
1.418097939605183 0.19938784148728658
1.408810914189158 0.20509218788455577
1.3973201195592166 0.18060813785170113
1.391739169067754 0.20306394059910932
1.3904806094252047 0.20198851029369813
1.3985315269428964 0.1803074781133983
1.4200885107171812 0.1957936100104994
1.3993649338446246 0.20564547042290499
1.409255558884316 0.20465753146283794
1.3952213887716758 0.20444403540237926
1.3883791740172133 0.19855328841382303
1.419986943329982 0.19408812796402988
1.3885784635586915 0.1980709237248988
1.3926476434464503 0.20250774637192964
1.4092117984657155 0.20395154005975383
1.4000166965212721 0.18068910882034378
1.415579482076436 0.20016715506597743
1.3927565810899933 0.2020981260572975
1.4154999016452994 0.1836191637166966
1.3965554235934854 0.18212641170489538
1.388386720710773 0.1915280699657186
1.3884307183170013 0.19499000769722324
1.4164725247361418 0.1987562721960938
1.4186943846496338 0.19513876952546347
1.4054178412599696 0.18057945940679831
1.417413736479228 0.18623919204955897
1.4150942657582375 0.1997480610702421
1.3973474109237214 0.18219882032518725
1.3889973061462193 0.19141351895526135
1.3952634235855101 0.18351488718547926
1.4128924670081349 0.18291169526465784
1.4162122239984571 0.18558688445131363
1.412722602559116 0.20089946006500695
1.3901377106795614 0.19669186435594696
1.41735155267533 0.19556837172313876
1.4029504255024703 0.1814148710627085
1.3951862191814355 0.18415938081962419
1.4174741222644247 0.19470047967084722
1.417099118244666 0.1878454069024081
1.3899209699524626 0.19485936451626426
1.4172184396266252 0.18821645623170735
1.4179004985175423 0.19251492386477628
1.4152755142687594 0.18545237978575452
1.4067671307402658 0.202614185447072
1.4160670655998184 0.1867391137601243
1.3932287600785709 0.19977426507516277
1.3904584914366094 0.19105658805143094
1.4130040739788257 0.19968749356159074
1.3987420953878535 0.20245136674870584
1.4131853083570847 0.18425355223356848
1.401737248107457 0.20271385833019964
1.4052277956213273 0.18192141837654363
1.409360000274095 0.20138725565803675
1.4170759489628884 0.1902188078979244
1.416670130777685 0.1892348129800589
1.4093449387686625 0.1827950512368157
1.3920929177832708 0.18875773501337556
1.3915311037284637 0.19013447688918156
1.3913059253577589 0.19534228273438317
1.3910646153982376 0.19402281716305558
1.392640042838532 0.1978984660942131
1.3913829347306188 0.19548052614641923
1.3912900032651851 0.19445146598271
1.4091136845266774 0.18308021409425582
1.406855770305535 0.18260365745813578
1.399904308340155 0.20176501250682982
1.407638029281149 0.182795140817979
1.4062685663328225 0.20160550694239704
1.4006208276599406 0.20174317843206252
1.3971083730314335 0.20073330932799915
1.393245735003508 0.1977058187215086
1.3922752300262322 0.19001477543616807
1.4155506396392439 0.1887915402771193
1.4066477578757395 0.20117064700583454
1.4062925638228359 0.1829284965973393
1.399122441397801 0.20106820597664318
1.4157515030787304 0.18995551467488433
1.397834550270447 0.2006109109671809
1.4153902187851979 0.1941267507430251
1.393434967074304 0.19732989252192723
1.3967917695462517 0.200059570081826
1.4153736153403542 0.19394879304460388
1.410828485272747 0.19920462916585538
1.3935464144931555 0.1884830263092987
1.399671521573243 0.20095310006489298
1.401839734649193 0.1834305360812045
1.4035337526222844 0.20120408428853134
1.3999714423424658 0.20082233880916592
1.4088240707019064 0.1999138580018706
1.4043727445382241 0.1832991319462484
1.3949435494972056 0.1981981391477014
1.4062271901468288 0.2003856616609669
1.4149209825639328 0.1907707125289843
1.400276686452807 0.1842973727672293
1.4143572883616042 0.18966226000293704
1.41057323783515 0.1854049153156468
1.4083648111508429 0.19923165738254334
1.4142993362307237 0.19304046885213402
1.4028408946691326 0.18407484483756195
1.4139439249729557 0.19403231370080953
1.3939487680060858 0.1951328979367102
1.4140185079126493 0.19353522266013148
1.4141495371961126 0.19272497837953584
1.413747446890031 0.1939437870659686
1.398007435461628 0.18610047846045646
1.4072285079522842 0.19921664700924127
1.3941836871409417 0.19151516229931806
1.4015085215473868 0.19949634769428345
1.4098373186232183 0.18586520546131438
1.4113232956124628 0.19637852371434739
1.4019563391210088 0.184934995617847
1.4091162564280313 0.19751624306186405
1.3954862296070878 0.19052599239215445
1.4105500262711077 0.187361202390597
1.4049746052257985 0.1853319293403246
1.399138939149237 0.19787011321864115
1.4100400376560673 0.19628841207494993
1.410700034878446 0.19558783486890813
1.406085384098296 0.18560375241023808
1.4120417005058545 0.1926190933610499
1.4048824647975438 0.19811909490699842
1.4072379276656757 0.18616139992709382
1.3978231628994588 0.19639650374100923
1.399869086798057 0.1971237971570203
1.410852308846206 0.19382182236184714
1.4061051211020263 0.18644026668069805
1.408221251961982 0.19620091832181205
1.3974299711321159 0.19474649078056874
1.4015948679039474 0.18702872318492367
1.4017073843575394 0.1970606165755089
1.4048631239944291 0.18667181053094514
1.3987805615486102 0.19565006940498947
1.4054595824130527 0.19693760012395223
1.409496047727051 0.1888563897858444
1.4005461188020778 0.1879765555265334
1.39859360932602 0.19134221525475373
1.4057088638505764 0.1956580433667783
1.4085689361335718 0.18978103700569593
1.4069458578141627 0.19498604908372572
1.4060959429223865 0.18826536115735804
1.4060381244211615 0.1888817741815487
1.4048537716095835 0.19482822908726058
1.4004719704063666 0.19074535721307515
1.4006179831875696 0.19166341010989302
1.4042632217745568 0.18942823286598512
1.4026109367827777 0.193759432449769
1.4062513451683278 0.190679912449605
1.4042416396189696 0.19356638857349262
1.4056583972992849 0.19223952340401876
1.4050081338833296 0.19127228002378
