6.256813854836314193e-02
6.630469299876971812e-02
5.321386974716611068e-02
6.571613530752649923e-02
3.674027635029375460e-02
4.049018278515700148e-02
6.791094986397430699e-02
5.379532362268261286e-02
5.394037463710753960e-02
5.445300950624351599e-02
1.602161832460735069e-01
2.405444278829109994e-01
2.223352448892227662e-01
2.145138508664679311e-01
1.917818433988152382e-01
2.026115694841338633e-01
1.994679068698163860e-01
1.812325554698694940e-01
1.865919490251291835e-01
1.628156083616854044e-01
1.899832397965994235e-01
1.850315208048845250e-01
1.831006614718561631e-01
1.686412479923057595e-01
1.656741158541186476e-01
1.553400701957095287e-01
1.522339576546075379e-01
1.482367080516807656e-01
1.466121773777976645e-01
1.295029280210798772e-01
9.951870624630734796e-02
9.757955197418947957e-02
6.123751933003370590e-02
5.134349428749854921e-02
5.732224027993589738e-02
