2.092558331282956888e-02
1.810035664167486402e-02
2.900989676241812198e-02
1.825621561140551921e-02
6.010718476464393251e-02
4.893502971589260009e-02
1.873139902463946682e-02
3.094626725590823163e-02
2.894465370406786725e-02
2.661697472150330659e-02
3.157691722192042943e-03
1.374020056641785765e-03
1.642866733455332481e-03
1.785236133192320178e-03
2.170770403244593350e-03
1.999701331257058672e-03
2.087840503682554961e-03
2.408944522186508546e-03
2.331458204452038427e-03
2.968377047593389641e-03
2.324349422243392888e-03
2.464875108339597762e-03
2.526206576243836960e-03
2.979702680299253000e-03
3.168270176847368287e-03
3.595933292943706561e-03
3.696426617983279185e-03
3.944174553636864596e-03
4.029318411849521983e-03
5.220794870525426873e-03
8.738226187909753709e-03
9.092391491797925315e-03
2.254566916430397749e-02
2.998277490037208962e-02
2.671747679742367265e-02
