mlo mup
0.9279254671706965 2.033092655895342
1.0801076888497714 2.06735936484617
0.9626558753322532 1.9649835080879854
1.0374624105106367 2.0285240065895866
1.094909623836175 2.0538268746719957
1.1489234216467574 2.0531372368144085
1.0494191418313197 2.025159768831343
1.155307570260332 2.045127049009181
1.0328790529157728 2.006758865339959
0.9496315437494375 1.9012191292524354
1.174398365999827 2.006818780572266
0.9746445091301597 1.9364498454615753
1.1819974589767157 1.9287213407541028
0.984074243858035 1.9461547933805068
1.0016860318303755 1.965715754003737
1.055687369479605 2.00895407854655
1.1302070782576266 2.0288045652865243
1.0206018579025466 1.9720401168652153
1.1726427507868884 1.999000303767302
0.9957218112886145 1.9420989946405607
1.1731045472858275 1.9949741967785721
1.093373997973845 2.018930989015314
0.9875314050128 1.9259484394413138
1.13561181237554 2.0233084084403026
1.1536605984368284 2.017921061661751
1.052010000908255 1.993380949682112
1.0364957182604697 1.9788598495732792
1.1196850858413359 2.019616279923028
0.9800162844335188 1.9005258542485008
0.9979480322780294 1.929169331613939
1.0184889702187088 1.9531367320937445
1.1222863026819874 2.015319365162653
1.055898995549862 1.9853051521699896
1.0709686400059515 1.991370461924269
1.1246147773168729 2.0096058048452785
1.0180399927834782 1.9427018766484732
1.1643457141535176 1.996187066161476
1.1787241131558388 1.936367021751553
1.1012366482973306 2.0039122864730063
1.0170798407452548 1.9393100004810713
1.0208693961611628 1.9425905800276957
1.0321822383442842 1.9540310898301676
1.0434349751632943 1.9645127163266434
1.0187180178441317 1.9375627896802698
1.0781195689639265 1.9900644872714164
1.035713500812461 1.9562246784561175
1.116615816847595 2.0037694628088154
1.0056407148355806 1.9178150353215049
1.0307696928171122 1.9488375031648775
1.0921424827732538 1.9945594065209924
1.0719318452103477 1.983325026523159
1.0254195315177967 1.9412947953514634
1.1368059301194844 2.001802710525732
1.1253901593417535 2.001769877799096
1.0373074807264353 1.9528436244714091
1.0152429571710537 1.925944587003358
1.0105069295872973 1.9182376856496675
1.0898501355882972 1.9905791117196527
1.0167462971644683 1.922941491088487
1.1549224904590099 1.9920656769687568
1.0499115739051361 1.9602507238047904
1.1185604553691886 1.9966341783633978
1.145120250651546 1.9934646159770126
1.0275730223436834 1.9311890963345955
1.0151954873604605 1.913552663798766
1.1117195297120102 1.9913612048240272
1.1512755437289535 1.9892729425057838
1.1625813500617825 1.982490715895749
1.102249904937107 1.9879922101905505
1.1039530691050647 1.9878007202533379
1.0687766491371176 1.9685135727433611
1.0506355874886755 1.9529382784908789
1.0660802447520967 1.966121179998913
1.076909499188617 1.9734169220003586
1.1725857286519352 1.9621073784847851
1.0825917899300082 1.974583145700952
1.0776878306364401 1.9716117379329783
1.1444490243104728 1.9871294546816125
1.1294017088783526 1.9887362351643079
1.1658849672946374 1.975005984765584
1.0529394040941207 1.9506662738474516
1.122469683039629 1.9874795549004605
1.1047909935322922 1.9833534970356512
1.102751360057761 1.9817471504881028
1.0341116472599057 1.9272867682252468
1.0659028997093285 1.95962941315573
1.1141121868683503 1.983591116408656
1.0654567085674929 1.9584872163684364
1.0311263245106952 1.9213534438480815
1.1230712341997404 1.9851194263229937
1.0898105753669725 1.9741052282996172
1.0663888009196454 1.958781688009535
1.0623682445520688 1.9549470638295374
1.0668345785812061 1.9585837197600167
1.0920074555357453 1.9748088328394358
1.1724209794821063 1.9562603206435456
1.1461968790644408 1.98211415284787
1.0432474315016411 1.9347109784439658
1.0594736781927256 1.9513199909133219
1.1570064936229443 1.9772323569545112
1.099853444271142 1.9776236625250432
1.0221854945913442 1.9050012546204453
1.0255369504029817 1.9104457444769871
1.0390936099428427 1.928773780245418
1.023110247026382 1.9061007802705126
1.0953295111763022 1.975084135272107
1.0591879668281374 1.9499428005067958
1.1323067277080225 1.9829204471779416
1.091496623890651 1.9723250422521974
1.1566613143227755 1.9760149049000466
1.0502849621326118 1.940036691971016
1.0622160264278737 1.951240100758434
1.031066176106501 1.9154194454104492
1.0508066583957696 1.9398570181070025
1.0986601733589088 1.9746367983202042
1.0843489615912456 1.9668777725568116
1.0889242781363468 1.9693443824579697
1.0501643041334758 1.9385037206873192
1.0688781527079079 1.9555047225245161
1.131358859066723 1.9803708402490017
1.0401744611299684 1.9250767298045393
1.122138318994119 1.97988394748898
1.0247017194514967 1.9021938584566325
1.105184370580868 1.9753364734862568
1.0544719419760165 1.9403756965324672
1.1646993398244476 1.966411447254204
1.077478284343281 1.9592877998520448
1.1692845841374384 1.9598750604410038
1.1775390279869833 1.9132505665286217
1.0965296480224922 1.9694922564422261
1.0623944154655902 1.9457375551099254
1.0660613138315589 1.9488729314032274
1.04695790616621 1.9285553027907374
1.1759368325165191 1.9270801885612168
1.0707290534672578 1.9521082955683995
1.0696049622147106 1.9509811679781164
1.0940604188716778 1.9673137271185963
1.0587652548327535 1.9416044207296854
1.1157952050930682 1.974482620376637
1.04003829555146 1.918695459682315
1.1626992320110805 1.9654564164444097
1.0982957851082418 1.9682551898447027
1.072744093269309 1.9520209488120022
1.0507346692476154 1.9310294506513883
1.036981778309152 1.913417285716178
1.060473554613805 1.9415411596384353
1.1041206454349906 1.9702266738550254
1.1035846444489927 1.9696780547081274
1.037547939485343 1.9132735658305804
1.0688982708523196 1.9478902911708484
1.1405185371157387 1.9739076018247588
1.0584974435346743 1.9377836928371808
1.055489647563195 1.9343333278779773
1.0573457723066086 1.9363669250818296
1.0445568036009028 1.9211109217283702
1.0603166669352457 1.9391633068289305
1.0374359209986033 1.9104329911735392
1.1454026970730489 1.9713171870343889
1.057060548388649 1.934725715204806
1.1251203144283493 1.9727755630756363
1.0337138487960598 1.903820145507066
1.1044868259587144 1.9676193610740063
1.0469082448480884 1.9221762784395593
1.0671847091259914 1.9440607226570603
1.1528348897714669 1.9678251364921568
1.0396288915719296 1.9117705237041736
1.0327520738213969 1.901468902397302
1.1766270184653045 1.9155553923439506
1.1699204276158108 1.951971302250783
1.1114293308353798 1.968701192657799
1.1229633752656365 1.9712468269270684
1.1485177687875585 1.9686756880933094
1.0752961358279602 1.9490086382239116
1.118943176625253 1.969809595223191
1.1395334725769328 1.9701745544301361
1.1321966714298342 1.9705459775747955
1.1288711778170826 1.9706411253851817
1.0880480950908522 1.9568306865087486
1.1763399987315222 1.9161143775071745
1.0879705862555538 1.9562860391427273
1.065332419921647 1.9388378061993714
1.1256471975518094 1.9694426291915366
1.123032748646642 1.9692061015716416
1.1236138703117144 1.9691410934252906
1.0763220278945007 1.947087012190171
1.145670218359753 1.9668344655444665
1.0637213187779098 1.9357421846744638
1.1338942068017235 1.9684797846273276
1.0639598563821866 1.9357463315213448
1.1725926006395402 1.9388521194656698
1.1770418218212397 1.9070009153100238
1.1743759794010142 1.9286892302953622
1.0514624186082626 1.9213781419102138
1.1770757797245375 1.9062660260096016
1.1399424009285721 1.9675057889253138
1.0615469521411578 1.9317312161570697
1.066375964633709 1.9364193623418255
1.1268580734835887 1.9669104210668014
1.1328458728654915 1.966929710299915
1.1463806221830084 1.9644793228816422
1.0746203079035768 1.9427172960202876
1.171171763787713 1.9426678913411732
1.147066107663679 1.9640283739207245
1.1185223707436114 1.9649547289217635
1.0488330056067365 1.914635039740365
1.0497698308401575 1.9157306756381605
1.133548722425187 1.965566446487122
1.1521921822403272 1.9612385623041106
1.14205013849464 1.9646133197169928
1.0533712830680986 1.9195852449538546
1.1579514651245195 1.958053386252237
1.1263567117272968 1.9646819788589143
1.076253135973053 1.9417642230766992
1.0522372487330651 1.9173451786431768
1.0940603751423585 1.9535886849693767
1.133032618879394 1.9643174351910675
1.1020619884747842 1.957463207609524
1.0493356580290762 1.9119381442739616
1.0904891326647497 1.9507482478487697
1.052490697898235 1.9164213652678679
1.0765545360342008 1.94089175413596
1.124779768856055 1.9632504653443037
1.0797937693872721 1.9430150331685045
1.0420772363312711 1.9003946872529738
1.0567774257779288 1.9208649834421263
1.1277712474096935 1.9630992219073746
1.0619859071845295 1.9264334770506706
1.1689152891821928 1.9451787913897784
1.1520933420853603 1.9586482936263128
1.0835287500818425 1.9441890997897457
1.1438002582505373 1.961085992505109
1.1428808876273184 1.9612877502395938
1.1121033801000613 1.958508885124708
1.1069087303629193 1.9568832454957619
1.1377314343838134 1.9615723912817806
1.0920101375105882 1.9493545149715112
1.0915275772413469 1.9489674956497307
1.0697044600855636 1.9316075583581975
1.0490730526591316 1.907634146878637
1.1048379191444129 1.955340876562991
1.118271312156176 1.959889734634583
1.0512744779377239 1.9101803521262655
1.1215570098901442 1.9603095017475713
1.0471106441595261 1.9033361026234776
1.0550520131185714 1.9148491379260149
1.1681319641954797 1.9442457245415123
1.1075383216266692 1.9556305500510538
1.092726901323291 1.9483765796498387
1.162372405348242 1.950271101292215
1.1133577094550442 1.957314368541385
1.0953940482225042 1.949548830417128
1.080228987701793 1.939164087234361
1.1438241748184368 1.9585842222848744
1.049239979649923 1.9047350798643703
1.1109869046619554 1.9556006680923668
1.058513807078317 1.917459082851722
1.1738055930804505 1.922301149845073
1.1293667631856033 1.9594765520506874
1.145003470799493 1.9576354629390353
1.0970481030177943 1.9495188384235527
1.1539470806554655 1.9543295311013702
1.1373747946011674 1.9590293213207133
1.1548945540440108 1.9538983019725078
1.1000571667160597 1.9504566893606448
1.0506590040702437 1.9050859746882665
1.0495201007806592 1.9032927583202897
1.0526063599543627 1.9081267972137348
1.054227194080715 1.9099712519549088
1.1176460391405134 1.9563633967386278
1.0782690935047452 1.9350559085277272
1.167146627464211 1.94306184305147
1.117851607483199 1.956364993685307
1.1514780673404699 1.9537224379053957
1.168869178455145 1.9398845900235877
1.146648556391989 1.9551681356696113
1.0981551178380384 1.9476487581465975
1.0684554591644146 1.9246979328557405
1.1744935066296822 1.9152000393358621
1.0660332298023822 1.921840665083859
1.0623448924113685 1.9179894197413472
1.0871686356380854 1.940429875902831
1.1212900263343941 1.9553412146316915
1.0915437407212185 1.943004508888937
1.0707203814592707 1.9259165906418885
1.1700065723742894 1.935369481110012
1.091463719554463 1.9426421788806068
1.136325840395914 1.9550933659002119
1.1326845083518637 1.955234991034536
1.0987167625773724 1.946124743660487
1.1490538088274578 1.9523847341357672
1.111491083404116 1.9511469451789045
1.1416411662810924 1.9542768438140672
1.109616983248741 1.9504704809232798
1.1195082106475984 1.9534994427974681
1.0780516998746255 1.9306731394070422
1.1184453825485134 1.9529824957091608
1.062589230150288 1.915121891991236
1.0581720623547421 1.9094364747272305
1.0975418435107658 1.94453746186857
1.0605259507899434 1.9118663638666382
1.0543354846127762 1.9033681715810775
1.1130196482046106 1.9505708710915546
1.084413018295534 1.9350095088433692
1.0550509895630902 1.9040901604457172
1.1465855790292465 1.9516007369994757
1.1528325323110133 1.9493759323745583
1.1562616924927596 1.9477319956651515
1.1446231065868853 1.9521757242953421
1.0891077514750636 1.9382922122818793
1.1037260438266083 1.9464330383880546
1.0704098001811253 1.9219310282005848
1.1653246863734148 1.9407908128982825
1.1538663137983938 1.9484622125752984
1.0561327607158384 1.9041969342709337
1.130250390369818 1.9529782125837647
1.1659117387820033 1.9398991564838397
1.1285950895919932 1.952864121386653
1.1432242642182417 1.9516708304112447
1.1039289661323684 1.9457469452232825
1.1553075430957553 1.9471893371277902
1.1472029770158025 1.9501731954645858
1.0844850900552991 1.9330693905083465
1.111424682693747 1.9477385225810413
1.080982141655494 1.9295142849603235
1.0569749509858513 1.9035659665004099
1.0545959306077675 1.900030131685134
1.0786072141311636 1.9274526568417227
1.0934229017230825 1.939088584712652
1.1192510631108898 1.9497766040601605
1.1360763246254437 1.9511687909844524
1.084846680011575 1.9322741358967013
1.1551518637279545 1.945950890277857
1.082065333046727 1.929422592017965
1.0932974564943803 1.9382068827372423
1.1037686895816528 1.9438586337170647
1.1238866130601242 1.9502051997300462
1.1293514769240143 1.9506472058066235
1.0993691898404456 1.9415459801809318
1.1411978260642799 1.950011250014879
1.1066007689709796 1.9447091727573265
1.0979804927931114 1.940708244792186
1.0964013641346093 1.9397813039784408
1.0976374001272517 1.9402589013082268
1.132771722109897 1.95003041690767
1.0845815761553967 1.9302024238450322
1.1188992310266597 1.948013429625923
1.142094080313932 1.9491168997937545
1.098067966026948 1.940009878683712
1.1161537073088896 1.9471403191514915
1.1703181687205384 1.9280352333822814
1.1346243876888764 1.9494699259957033
1.0693144389201226 1.915970831878679
1.079673389119736 1.9252608900246169
1.1528464278701744 1.944809396373407
1.1369758095841451 1.9488115605243308
1.1410570729807699 1.948515826061937
1.1216400731489393 1.947626584789106
1.0779924276135053 1.9232495147365916
1.0798295381942287 1.9248344696426847
1.1111654542247287 1.944161815795211
1.1663657540579841 1.9344499444264858
1.1525483395718545 1.9440587859114757
1.0768784919552408 1.921481689426779
1.0690787873812282 1.9135316563765685
1.0717725112966086 1.9167713970339548
1.125696683551595 1.9476411933071465
1.0923019540311938 1.9342178239754027
1.0792474089644544 1.9235968263808325
1.0914219347326524 1.9331844251618233
1.1183165898331935 1.945899017148181
1.0652341172256001 1.908388961620304
1.1284717305685898 1.9474128913705047
1.0783382275807614 1.9217539966403636
1.0914330871100197 1.932443569516897
1.0599660735816605 1.9004469428010675
1.0690946943065267 1.9116633203884519
1.1091161359166959 1.9417914536818162
1.069086572845178 1.9113511836367452
1.121441532257603 1.9456635157105266
1.098116111436378 1.9361007195973343
1.1308298443185938 1.9463558103510183
1.1612162419778573 1.937429305268363
1.06625511384813 1.90771220639302
1.1452128458328759 1.9446414648399828
1.0882064009340309 1.928036664956749
1.0948659812675114 1.933092185967069
1.0664226759169628 1.9069338713581312
1.0753754135391416 1.9170377794151883
1.065947172124944 1.9063094527639555
1.1404800704369036 1.9453631253554649
1.1191757529632316 1.9437896844909703
1.1238458185881957 1.9449574377584784
1.1124092770111687 1.9414884227999731
1.0685245569613278 1.9090172810395736
1.0676519891500338 1.9078456571594498
1.1574376780280433 1.938784760681388
1.07510427496792 1.9157965369832408
1.1653422966704148 1.9320976385665576
1.101410330740106 1.935946711920979
1.10106874637586 1.9357152434249447
1.0695166956096933 1.9089326216438773
1.1597887563664395 1.9368599750187547
1.069312626659938 1.9086487740015106
1.1472354446397277 1.942498532668451
1.171475069938864 1.9186766577343337
1.114742464935705 1.941209210203089
1.065824203532397 1.9039469855440774
1.1033448367809335 1.9362789468889863
1.1021012494724451 1.9355954933132287
1.0823836505378839 1.9211545500417004
1.1328041349577527 1.9439936201187156
1.0803364019266604 1.9191980364754806
1.0988227066822822 1.9334711199509085
1.0667881576861387 1.9035723457487936
1.1660601855577026 1.9295085843755524
1.1523790033369583 1.9394562198808352
1.08518057982988 1.92283002536728
1.1619679074162486 1.9337318314922742
1.0823939492380181 1.9200126108219584
1.067484270240691 1.9041535237632796
1.1032712309757629 1.93469116262951
1.163453047104154 1.9318213578633288
1.0820264383467597 1.9195027700305816
1.0790536726514974 1.9168313249695637
1.1517413246084651 1.9395175721810132
1.1064044292905093 1.9363328557122819
1.150749852774039 1.9397351992580802
1.1041320035250421 1.9350660315642734
1.1464867206577867 1.9410261761720433
1.1303942151233617 1.9427343580536363
1.0774679700999745 1.9148932923905826
1.150347968114493 1.9396156969456189
1.0880624228699092 1.924277899325324
1.1394671753780128 1.9425503100049168
1.086107167259174 1.9224409239870404
1.1442197688081042 1.9412667289476615
1.1599541682170533 1.9342156729507376
1.0714209431588202 1.9075420968191352
1.0833309482050464 1.919369351281109
1.1378705375240417 1.9417144247380602
1.0953952850543516 1.9284747574913756
1.1092453772793132 1.9360199410395578
1.115170327534874 1.9381746958302188
1.1439128323518628 1.9407735466933271
1.1167937893882909 1.9387018075861084
1.1075526805571372 1.934985847843207
1.1477578782990383 1.939312970282534
1.1115011604181166 1.9362893543569752
1.1629049344693239 1.9303481313243114
1.0694047879320205 1.902975871534379
1.1721521057261923 1.9113519364559513
1.070312533821418 1.9039699475570107
1.1667320653617574 1.926000601983406
1.1575236024734472 1.9338932231939445
1.1186468225002137 1.9381255623521623
1.1381840699765111 1.940141701813783
1.164086535853192 1.928178029996819
1.1263214558164643 1.9395606888223562
1.1417839373024559 1.9394517151213604
1.125496718319602 1.9394071158429433
1.099170350204903 1.9287668806386882
1.0911829436569962 1.9233729729953122
1.0972304972772895 1.9275736599072362
1.1464198319666137 1.9378550427666295
1.1419743313931028 1.939154335886612
1.1513261053831063 1.936132134312559
1.0840904072053934 1.9172493955910286
1.1247971501973866 1.9388973095136213
1.0835877289309712 1.9166556791560787
1.0712364493508642 1.9033525688413768
1.078129655118606 1.910890977468603
1.0881104234064014 1.9201721609386295
1.0819675505824207 1.914815548473189
1.1672735458398766 1.9238594116650074
1.0928545126368694 1.9239738469177237
1.119426524236466 1.9372541677897925
1.069496409135228 1.9008784980762645
1.118514749649971 1.9368171971274526
1.1622708251495146 1.9289244146047195
1.1302879971577 1.9389066338111487
1.0799794091150516 1.9119507617346463
1.1129630663198387 1.9344058257560923
1.0868277763216916 1.9184956948649579
1.1020606400791173 1.929079572019962
1.1376914819807709 1.9385878866712647
1.0842844289184332 1.9161747100641626
1.1112251406362936 1.9331864458439234
1.0878921943420914 1.919136956035883
1.139193337358218 1.9383183495939083
1.0772739985305033 1.9086657592110907
1.1243476871700255 1.9375683879945793
1.162110430066167 1.9282827081753984
1.1051381828978766 1.9302213315409422
1.1448724003883417 1.9367880137226072
1.077066844678849 1.9082212382661605
1.1534757642278832 1.9335663739365292
1.1432696563467415 1.937161080963252
1.1147691371867354 1.933978959897764
1.1636617843080748 1.9264360593866066
1.1055365296511142 1.9296306500315417
1.1523984608126365 1.933401001521021
1.1107958651594534 1.931984873020425
1.1660212755899106 1.9239009962464213
1.1196448077043168 1.9352065628544033
1.1696089048788392 1.917498742652785
1.0745523957239604 1.9041164954799714
1.0887292680978613 1.9183154534431313
1.1092002893573834 1.9310921056627068
1.1601837171750229 1.9288970131466066
1.120537987770313 1.9354050485690781
1.0866170377363296 1.9164239190028438
1.1538708071695707 1.93252177588332
1.1604781239923065 1.9286519635778658
1.1526694400828674 1.9327633054692899
1.082187674523728 1.9117671811237495
1.0928957371155772 1.9213904476126782
1.0757962703958621 1.9049188618351272
1.144395077781873 1.9357364444692036
1.0867570888440918 1.9161263380123454
1.1206266053416134 1.9349185146010885
1.1316445924307472 1.9366219058648981
1.1518815807493965 1.9327985430165384
1.1168077757183266 1.9334981389881671
1.1339502355072044 1.9364226880639814
1.11349583785817 1.932186018149694
1.1371857411570077 1.9364575263540398
1.0953913576915184 1.922856417306132
1.1184401362567256 1.9341592040184672
1.0836220748775174 1.912682356000059
1.1703793473348498 1.9140944387432155
1.1672510049300757 1.9209062114958844
1.1093852883598956 1.9299218360468329
1.1057765105605613 1.9282920083028614
1.115883824984354 1.9324734922029136
1.1518749845056784 1.9320247507195891
1.142526566028889 1.9351518584867162
1.152546578288453 1.931618164535358
1.1134943115989075 1.931284227883281
1.1528680357819088 1.9313096250410684
1.1304027280060722 1.93551265744475
1.1128621663213547 1.9307513749117062
1.1558254942497095 1.9299162438502324
1.1350618122575054 1.935252433025103
1.14762395428989 1.933304750014734
1.1553441889819531 1.9299927929846747
1.1388007543825176 1.9351524821411226
1.0798532000761387 1.9074220816652094
1.1312925072217335 1.9349040732721479
1.0827405283542608 1.9097334700015725
1.1278194239269754 1.9345427388925769
1.1006898251060624 1.9244166320527196
1.0785656596709505 1.9051032168186937
1.1285723629739126 1.9344937586911246
1.1485386638023125 1.932448264257835
1.1636307204058896 1.9236612815486442
1.0878374436102543 1.9144943537393702
1.143252376896354 1.933832135726501
1.1465684622006747 1.932572099168871
1.1520233608709294 1.930517724067057
1.1329126187703942 1.9343112150461241
1.0761071733596208 1.9021937349374802
1.0983937707280274 1.922308060055324
1.1075147257703486 1.9271944877354745
1.0847397269595818 1.9106011541629888
1.1193455472691933 1.9315316256890114
1.0904566054776454 1.9156739850686884
1.0872768861433335 1.9128771568325844
1.086791614363706 1.9122583750404776
1.088719730075199 1.9140051628117896
1.1473195755918295 1.9315645380597644
1.1434967391667294 1.9328381702829893
1.1331082881695345 1.9334540403899227
1.1295269017892235 1.9334083667689952
1.0756364769158602 1.9002932618412949
1.128778516190106 1.933263795850257
1.1022962993398113 1.9236916511643158
1.1366198913425603 1.933223176368831
1.1370678416407312 1.9330812051502695
1.1434616021536488 1.9324689772206591
1.1393995654778828 1.933296022800902
1.094236574483987 1.9181857462854262
1.1513176523202069 1.9296034133868012
1.1624494633289908 1.9232938279608913
1.089754483231475 1.9141622296632672
1.1610224704892989 1.9242895644747577
1.1195195964866127 1.930570713417054
1.1616273246921809 1.9236831557465162
1.1123519590762603 1.9278712705243553
1.0823135873414798 1.9068061243712031
1.090423995367246 1.9144992800950633
1.1052654804202864 1.9247288661749105
1.1527486300113121 1.9286145343067036
1.1534118209682789 1.9283514464312814
1.0827836923301495 1.9069951995815815
1.0978310676862508 1.9200673174314347
1.1124270138423693 1.9274039934086893
1.1535867070145005 1.9280361940850372
1.1217869441946264 1.930624178083758
1.11420416981659 1.9278985739367633
1.1603521973392836 1.924026853108661
1.133038784306831 1.9318747612119207
1.1372654741839647 1.9318087958305326
1.1496084729853309 1.9291616434888403
1.130506671993818 1.9315767590923536
1.1502721457191842 1.928702411192357
1.1373047772444524 1.9315736680413453
1.1021167325051462 1.9215383595413946
1.1031932349589348 1.922120271235565
1.0806246795098766 1.9031570528059252
1.0904744038356295 1.9129958853884563
1.0958499724473063 1.9176184635480416
1.1013847785381907 1.9209705360363505
1.102686254891217 1.9215986473574262
1.1007040650624622 1.9202766754306029
1.0931417597056317 1.9149156796781905
1.1060358339267689 1.9233788306036823
1.0784643385697965 1.9000847050055576
1.1585440998885743 1.9242178022744867
1.1592374564345076 1.9237295632978415
1.1194927940309065 1.9287133391256925
1.0927924143135068 1.914415472382966
1.0798434651739763 1.9017367170935362
1.1172496672022776 1.9278058337223902
1.0915509264802055 1.9130793532462518
1.1113381604950454 1.9253035199925934
1.1154243847039578 1.9270444993788454
1.156610624547844 1.9252132787426015
1.169605402470098 1.9104994416700403
1.1505907503921384 1.9275552614112013
1.1362241857127218 1.93038979614954
1.1578183567439846 1.9241716685985375
1.0855817044317388 1.9073744679852187
1.1599928246444735 1.9227614984645052
1.1301840888261854 1.9301611675350994
1.1664550756354077 1.916420960568673
1.167392477356957 1.9148536593945067
1.0853737533792134 1.9067206601949445
1.1488002885355486 1.9280121759400648
1.086796023202202 1.9079941585172535
1.1051861858325382 1.921474703605824
1.1536230894073585 1.9257396024254663
1.151021176380318 1.926835828318232
1.096953815255496 1.916330208271809
1.1050612225500136 1.9211397211801082
1.1484757719608472 1.927753844948715
1.154068320267866 1.9254315854927255
1.100931503551838 1.9188105748068134
1.1122748360152477 1.924367111629358
1.1028606565473933 1.9196663729606471
1.0876578469937634 1.9079360028385146
1.1155656047720328 1.9256404794943407
1.1562553085371734 1.9239922731310202
1.1442709206989587 1.9283999238256242
1.1094729574785078 1.9229791179443185
1.0908266800307167 1.9103514726103774
1.1145632628262436 1.9250582203067337
1.0982504812535976 1.916754218757274
1.132992347111888 1.9290127881683121
1.090250243259252 1.9096832035242608
1.1068880052927401 1.9212030735366321
1.087088670906935 1.9066155659650115
1.1588678524779674 1.9216341323492319
1.1337712691595818 1.9286493031179102
1.1056868278978342 1.9204979535619875
1.1041889677291123 1.9196299358640043
1.1313567289041 1.9283892223629024
1.106667486503905 1.9207959579137621
1.165252119719141 1.9161610670349765
1.0870822021116586 1.9058359323505853
1.1652850609505654 1.9156960245667949
1.1142128943247738 1.923696761577065
1.101185291013089 1.9172314550257075
1.1663738639622858 1.9140696472375787
1.1004681291181986 1.9165358774847927
1.164250880124362 1.9163174430073577
1.1093267232373214 1.9211869885337778
1.1507821001521092 1.9248545063613385
1.1610517304033994 1.9191742057174916
1.1257184840962784 1.9271385295286896
1.12443011267237 1.926848902523189
1.1573326034073639 1.9215002931037242
1.117296429513219 1.924348426809752
1.1708140860386047 1.903270387013584
1.1262797893080134 1.9268392269171706
1.0831187514065013 1.9000457584379713
1.0963188473682526 1.9128242003762863
1.1615887952586164 1.9181020708194094
1.1250509327793052 1.9263193292677072
1.124670571534307 1.9262088219011293
1.0904910360220497 1.907452054682603
1.1021877924402563 1.9165564183205568
1.1593086475457919 1.9195349976060976
1.1515598376865772 1.9237320355494425
1.0853490722991257 1.9022578198930573
1.1436836926185472 1.9263688634216578
1.1011597435703857 1.9157515261764901
1.1690311588837905 1.9081379635971258
1.1439449734257898 1.9261513609395762
1.122124812953023 1.925411018809343
1.1255927564767902 1.9259170265212526
1.131541614562311 1.9264951776654835
1.0973259172582284 1.9125239385888613
1.1276182114447801 1.9260891198673955
1.087187761308021 1.9032043740240077
1.1351805825456853 1.9261260414181391
1.108340052370641 1.9189468336121263
1.1191857269290977 1.9236076007469853
1.1692665516550287 1.906669666092639
1.1426100832964345 1.9254273103464492
1.0980149258723544 1.911921366727942
1.1324763355640552 1.9257876475937592
1.101431526985076 1.9143747354818392
1.1240374257153285 1.9246623285863564
1.1199272742284998 1.9234592878378578
1.125801363657027 1.924851781528678
1.1420644547686747 1.9253350618855405
1.1639936236740724 1.9141864102045032
1.1286819720421915 1.9253644003031167
1.1053472930408232 1.9169038491631174
1.1514460330913345 1.922329697815287
1.1587409772419646 1.918459651737078
1.1602226848116344 1.917708985799356
1.161306038556831 1.9167706153887465
1.1276258159549548 1.92504343499214
1.0874476289959427 1.902252406342411
1.140385144727553 1.9253296534842055
1.1545192123527432 1.920733216359751
1.0864813010665952 1.9008853153142953
1.1066604808734 1.9170386829115735
1.1513569916596733 1.9217651856484432
1.1456983897556112 1.9237608853225625
1.1588492082691069 1.9179966942067501
1.1424511957974075 1.9245855181843632
1.13002600140914 1.9246575678568596
1.102276695153979 1.913970865068543
1.1544733153703304 1.9204001949530778
1.098527244686885 1.9112096329063448
1.1251755525024238 1.9238070053074514
1.1439959277022276 1.9241379492214048
1.1602957725218213 1.9169461168423845
1.1122143267665525 1.918968256401369
1.156711900628053 1.9191032097976966
1.1436930384708388 1.924049017621082
1.1156088131637734 1.9203743436448153
1.1318924369202243 1.9245104469339112
1.0992945495914512 1.9113242385822484
1.1279895939989595 1.92403209299426
1.1223132359873726 1.9228994767254712
1.140031332977123 1.924527899306139
1.1095889006381097 1.9176229905018403
1.1461930993917595 1.9229272670936497
1.1381417925340105 1.9244491379370194
1.1300307496600148 1.9239777772597193
1.1647943866513022 1.9118705160120588
1.139021231391894 1.92442357414605
1.1649789487605557 1.9117287581358868
1.1635977088330207 1.9132846801106334
1.0904143261150763 1.9033854035082503
1.1373514534770233 1.9242791714932443
1.0956985076870214 1.9082252602708818
1.1640798484235644 1.912195710800552
1.1178931498774813 1.920599642967726
1.0899143342163309 1.9023144363672444
1.1022471674805 1.9124205025354668
1.148190075270398 1.9216594365416506
1.0912863315189827 1.9036505565206072
1.132976629935143 1.9235704143836339
1.1420188833534421 1.9231579198878261
1.1667324829753145 1.9088595942111062
1.1142063742347816 1.9186192157883863
1.1282656818080739 1.922979970799698
1.1443153972540778 1.9224984468098547
1.106877715274643 1.9150006291460169
1.12953385636167 1.9232014954720644
1.1286218642152106 1.9229859948174701
1.1022167425561127 1.9118762959735305
1.121847964918695 1.9213372711849062
1.14883020876763 1.920907288122598
1.0967724266572052 1.9078404207294328
1.1052645881684908 1.913579523866058
1.1550345327686247 1.9184327799189054
1.1528006457828839 1.9190312645226177
1.1091254365297751 1.9155897811894642
1.0989775234890584 1.9092168026799061
1.1215608794100427 1.920870460095657
1.0966107691567923 1.9073893808679574
1.1157320898926635 1.918340774202552
1.112547528090107 1.9170567823157543
1.1226721441239678 1.9208861560650174
1.1082837322312693 1.9147991793489674
1.1624833780677608 1.9125619270483962
1.1383329994290166 1.922493833356269
1.165691236263135 1.909225935639383
1.1228131253833264 1.9207957186836977
1.1581171208707057 1.9158404523418835
1.1395377951527241 1.9224068700637866
1.0953179477930237 1.9056428183020986
1.0959164950626918 1.906166585283448
1.166540101566273 1.9078950777046066
1.1164405112156672 1.918235670997391
1.1568394278439194 1.9167225093061258
1.132260921549673 1.9219199517223722
1.1400337058936905 1.9219653311049052
1.1213857798032956 1.919955861983777
1.1135942798712777 1.9166722486709313
1.0986003042271972 1.9078548847222185
1.1218313981031645 1.919867204480723
1.1043432092484595 1.9114712474744933
1.1132181004837614 1.9164584527542994
1.1089704325844918 1.9141063176598787
1.1599946155723366 1.9139149403916582
1.1073034697123232 1.9131241542344748
1.1280320010876228 1.920960479006686
1.1551720653117017 1.917037232653805
1.1464713181838677 1.919802713992901
1.1152376743008225 1.9170438204948583
1.1668749884356338 1.9064835090241439
1.136284249893178 1.9211694496762954
1.1577771649700146 1.9149304821418993
1.1469946194743441 1.9195191455829201
1.0926162553997378 1.9021501094998265
1.0960637310333903 1.9048622378339204
1.157521819227693 1.9150449064253412
1.1087741070184682 1.913453525357215
1.1468493982794514 1.9194375880189036
1.1018909357787094 1.9092984619554254
1.1505185489884946 1.9182335230694922
1.124701699149354 1.919898766847382
1.1523674061384865 1.9175722701967164
1.1205566801590487 1.9188156747821719
1.1425856415134947 1.9205617117171907
1.151167009681037 1.918067482144175
1.1145545171617766 1.9161483875855947
1.111859719834929 1.9146468777001817
1.1673983038094038 1.9049247900965496
1.1226622632897698 1.9192368095448984
1.1041385861486273 1.9101919845161666
1.154668673462966 1.9163423139735942
1.0979335689907428 1.9057736000180812
1.1523595894916139 1.917153784881221
1.1355573490986788 1.9203947534339358
1.1675434214959097 1.9044706110700167
1.1553730164667217 1.9157774555813407
1.1395518178717015 1.920444297235827
1.1114623500399552 1.913813610514029
1.0942443044831296 1.902323214705325
1.1252662366903947 1.9192581547736145
1.14473672991206 1.919330082807994
1.1182272323895726 1.9171414521176704
1.1581941877119075 1.913587762725511
1.095701454965284 1.9032478482183957
1.1547522222857922 1.9157324877443223
1.1604046981869378 1.9118237111750345
1.092754392599351 1.9006873425485986
1.169159561914287 1.9007808481082005
1.1675846427514762 1.903798369637696
1.1663939243419383 1.90557248322011
1.1690145544979411 1.900826925703917
1.0983272707864766 1.9049981743215552
1.1609694794756598 1.9109873963496802
1.168556187062988 1.9021271317497233
1.1649053030565506 1.9073375732868485
1.0989933364212987 1.9054278435973224
1.118449371540597 1.9167499029873565
1.1593176553936564 1.9118814985004404
1.1471265071107881 1.917854671728538
1.1215467940202692 1.9176028811436296
1.108819486312878 1.9112806270451794
1.1271083954437209 1.9187436459016554
1.1151164555706738 1.9144563154913128
1.137681421819255 1.9194166539747701
1.1046348824619492 1.9088056201102315
1.0993244436661422 1.9049811908864311
1.099171943193233 1.9047800495170473
1.1467863950176567 1.917455852071885
1.1441067549962138 1.9183149546856704
1.1579383271201253 1.9123161860358753
1.100064591673152 1.9051848476406632
1.1349239536017566 1.9187446078190165
1.1473843634006857 1.917197025718499
1.0972149915514104 1.9026688235236837
1.1140287382365601 1.913207649644155
1.1326341116453695 1.9184142333250886
1.1063853741622969 1.9091055131545238
1.1190614091346325 1.9152901303492817
1.1077726774268817 1.909588647266594
1.1527367390842644 1.9143947666591483
1.0987445753167813 1.9034332058416397
1.1374532715496297 1.9183779807058434
1.1469298681663036 1.9166568655245029
1.167541825881333 1.902104284765679
1.1583163217946155 1.9112776196853791
1.1081777942696471 1.9095235180855448
1.0952340020930378 1.9003302834762659
1.1397623641819339 1.918234068747072
1.1252685873727866 1.9169221584688865
1.1124806913986878 1.911284147871252
1.1431101998803546 1.9174866336022751
1.1508439456224395 1.914778947289098
1.1445394065422465 1.9169796724130266
1.1131276360125448 1.9116730029701425
1.1297108079240885 1.9173661964094795
1.1322022243158456 1.9174585876637416
1.1438691298775274 1.917030011365449
1.1383390569782812 1.917539107688183
1.1675542637778689 1.9012917239652933
1.1557393561908809 1.91173934552713
1.1020530756990288 1.9041975440704912
1.148930631393696 1.9148219197847693
1.1377583885136866 1.9171150239760324
1.1386080647219134 1.9170969378833826
1.166407419120579 1.9023309854672954
1.1584327289690146 1.909935000052896
1.141666659042361 1.9164436193413277
1.1639953784960202 1.9047378490728177
1.1383338180520217 1.9168004326000398
1.131639332192894 1.9161137241478907
1.1242506845887246 1.9149958976113257
1.131087418362195 1.9160297420837682
1.13519090717936 1.9162028037817442
1.1431624107326177 1.9156850429886065
1.1251320022998195 1.9148318376819484
1.1502571760172093 1.9132826636919902
1.1214926157717249 1.9139180936991245
1.1384064285841244 1.9161869250201993
1.1337461355705993 1.9157295589634888
1.1344286322677168 1.9156489916869128
1.1095423484769917 1.9081008985726904
1.1649092028380204 1.9030637978498839
1.1349952329953603 1.9154031393880206
1.1640461698297773 1.9037065888098237
1.1530347908136207 1.9115394947166304
1.1206994612232715 1.9129237232053613
1.1390717831186525 1.9156599852073484
1.1302172559927202 1.9150382811551832
1.1071366240260483 1.906026633941959
1.1108529047099411 1.9081864558465202
1.1041228553728824 1.9037738500429042
1.1163067620457683 1.9104705549694583
1.1533114813285021 1.9110934146480953
1.1631151400103752 1.904509718938938
1.147321172460478 1.9134355506237828
1.1086817055541114 1.9066688182920832
1.125324493879555 1.9138358254097934
1.1115098848313638 1.907860653294191
1.1382630247534045 1.9149950539595924
1.152632999538123 1.910975294789868
1.1634059167415196 1.9037915930999316
1.1653225504563434 1.9020249682884935
1.1096023461799152 1.906633074563477
1.1360710608609281 1.9146475425301512
1.1563223704354348 1.909240914442651
1.1019734294321175 1.9018541941614093
1.153380390089018 1.9104968781976328
1.147917578700726 1.9127112134238733
1.1135021744533917 1.908409062495634
1.1049394724205186 1.9032593318686366
1.1218831546961427 1.9119112642672778
1.1329903413231674 1.9140161662525144
1.1390419343123004 1.9143063666035898
1.165435223966476 1.9013977818707775
1.1187690555051228 1.9104946288593507
1.1461143811816499 1.9127576720233663
1.1368853322428163 1.9139679150427742
1.144652438992547 1.91306893408316
1.13237668907293 1.913865959799147
1.1322815801543848 1.9135771219679183
1.1653228585923652 1.900904483026473
1.1304962503989158 1.9132010702293398
1.1349804151677045 1.913381351481768
1.148644909091891 1.9115630637414858
1.143840009535449 1.9130671638100365
1.1142096587645016 1.9077108651349186
1.1159356206302633 1.908507958873782
1.1085145466202446 1.9045148589904413
1.1541307814136688 1.9090589558675557
1.143322995351103 1.912896652427962
1.142743405104416 1.9129552936804053
1.108000737109946 1.9040069489108546
1.1373228799523252 1.9132652732842939
1.122618861135158 1.911053863498246
1.1260214634572785 1.9118262060355213
1.1071711888482696 1.9033230213198618
1.1184072581679378 1.9094456344496502
1.1534620845852155 1.9090872789640252
1.1301948537342748 1.9126109499948203
1.1255402698481147 1.9117207637820428
1.108709897529668 1.9039929350498728
1.1489516921282088 1.9107141788258872
1.1111866333341738 1.9051463164412623
1.1638117377105501 1.9013207579626654
1.1642613105988144 1.900758220196086
1.1587390746640218 1.90539138434707
1.14621813213553 1.9110941725692216
1.1346550106091884 1.9122056992116596
1.152048098653344 1.9090424839815012
1.1575854756682722 1.9063893152660756
1.1569297749164373 1.9068816747753614
1.1133617240717646 1.906181902708231
1.1322928323472916 1.9119974125535686
1.1211740283578004 1.9096074258169915
1.146539666031218 1.9106139805248041
1.1170428615489416 1.9075698501580451
1.1089125040063919 1.9030911060866695
1.1312125582204942 1.9115346537050864
1.1552375981637732 1.9074693745795086
1.1345742172448103 1.9114919559689807
1.1147931427415216 1.9061592694950735
1.1523101770017887 1.90819063352706
1.124618942860308 1.9099867383158897
1.1570528790270385 1.9057681025707314
1.1064137384803 1.9012317177670677
1.1473917051314633 1.909677635352283
1.1476762327064538 1.9094938355775593
1.1422143023983424 1.9108077924344502
1.1067678858790364 1.9010805006413611
1.1564569556553974 1.9057474158192373
1.150825959257947 1.9081995036950243
1.146378955375781 1.9093757703691978
1.1300290082843858 1.9101577316959126
1.1201557151077792 1.9078547667635781
1.143551572091105 1.9104075473925872
1.1295289967822826 1.9101870469932993
1.1074617198553307 1.9010815067928588
1.1182575450080343 1.907027239066153
1.1268339691648217 1.9096567354089564
1.1261352063890124 1.9093325255976004
1.1177374981260189 1.9066332925996083
1.1630854802718191 1.900007126422805
1.1068743464122748 1.9003813771957045
1.1167168755281889 1.9054987003729518
1.1620732606691009 1.9007046245762507
1.1359739174686052 1.9100567423204524
1.1414196498704197 1.910018847476903
1.1373548869515766 1.910048968377006
1.1377040581652356 1.9101099884200887
1.1468711138535692 1.908494218813165
1.1450213248541354 1.9090114471695596
1.136888169023276 1.9098593867405533
1.1332764863066445 1.9096240591657074
1.1594311619230062 1.902400562458505
1.154382909123057 1.9055929023313591
1.1363753671411356 1.9097256064520192
1.1470690719189958 1.9082164144357094
1.1460440196555468 1.9085045302815653
1.1181630590476264 1.9054729242679378
1.134434318798609 1.9092683920606028
1.1437472113238125 1.9090970400995828
1.1565928146833855 1.904074312352498
1.1276831178481435 1.9085576914014908
1.1266652336710559 1.9082979556380755
1.1173235920026394 1.9046855243439464
1.1208915419510217 1.9065736182113675
1.1521742697335298 1.9058815659631387
1.1543299158607097 1.9050326262650483
1.1095521757502007 1.9006335741237357
1.123403417651208 1.9073028334729347
1.1099633055971576 1.9005418310333566
1.11750452301584 1.9045146848388188
1.1118024637141504 1.9015462416765423
1.115088766248893 1.9029428655194496
1.1271083602351346 1.9080432742371236
1.127273086464521 1.907884003497707
1.1349715331080195 1.9085205980514224
1.1270519746689633 1.9077479046736587
1.1126334945069056 1.9017745788471174
1.154924454923002 1.9042237503329822
1.1136906426093458 1.9021015942105812
1.1551179325682255 1.9040087568957518
1.130194772941921 1.9079110902598615
1.1500112212825102 1.9057448462954185
1.1143163240700225 1.9021107961734043
1.1481362574812604 1.906620565156417
1.1215564227335741 1.9056031999413272
1.1565914547373453 1.9027859835018381
1.134208348625248 1.9078644085324663
1.1351204971916897 1.9080771910186107
1.1544707018374112 1.9036419508645264
1.1556129954499341 1.9029290566732333
1.1543304081808454 1.9035867548846996
1.1146969095448678 1.9019483432967905
1.1236482484320005 1.9058653207864529
1.1218244042001764 1.9050706637615595
1.142248891761384 1.9075521687846486
1.1507685183153755 1.9046763792075991
1.139129844558777 1.907756038182717
1.1377925924526182 1.9077770045887579
1.1299717736193535 1.9069029304451672
1.1415590772294757 1.9072765239492089
1.1137831103166493 1.9005837606322658
1.1234524221841378 1.9049750331289106
1.148072980229209 1.9052946285721235
1.1315474383987352 1.906774621468553
1.1186619698911426 1.9028677142031203
1.1364576664280288 1.9071548122665947
1.1359546806951553 1.9070257953291296
1.1175714826195313 1.9023190494830275
1.1469342273199439 1.905209849687931
1.1434048063362856 1.9066288365881932
1.1501844267139498 1.9042707188165813
1.15723289558904 1.901332423745314
1.1406363450277939 1.906897192516053
1.1149802727461813 1.9006054484452943
1.1557365969669537 1.901977020468771
1.1198313551839014 1.9028373608457871
1.1341881215008687 1.906087650178225
1.1236915160816283 1.90430691169698
1.1337920795237255 1.906021811629641
1.157184201372674 1.9006764038205326
1.1434056936838362 1.90591516478387
1.1445671847156427 1.905380849719096
1.140565369665511 1.9063617676091928
1.136448266270057 1.9061867174877658
1.1556795289104784 1.901540954888561
1.1406115836902007 1.9061587591765892
1.1372048873652976 1.9060342404360304
1.1167032444867502 1.900783282061952
1.1367567821121871 1.9059880647239285
1.1280051876689066 1.9048640217941668
1.123915475777377 1.9038469968008283
1.1251785439692341 1.904005381100876
1.1566284641024696 1.900376517680599
1.1429688299601524 1.9049640911341752
1.154639746715973 1.9013141715918778
1.1327160094450919 1.9048207751269262
1.1186768662260573 1.9014575375488412
1.1182880558232027 1.9012529087053236
1.127793469009056 1.9039770686906654
1.1477872494679835 1.9033470054424642
1.1514370141239338 1.9021614945907042
1.1276336861270326 1.9035926897546889
1.154347186167926 1.9005070463214409
1.1321525542475666 1.9039437354952975
1.1446339592615469 1.9035470816359155
1.1204903822488934 1.9010847841804666
1.139150160353918 1.904410136186526
1.1326126227757003 1.9037498468353033
1.142900529746179 1.903610840612026
1.1405146828922985 1.9039082390214435
1.138077998976501 1.9037286643158584
1.120948416925936 1.9007473689229202
1.1394661342736696 1.9038865777454999
1.1326668997073146 1.903160218427147
1.1483801024579126 1.9020563248403248
1.1323750698755597 1.9032746883133218
1.139347031721758 1.9036976492701232
1.1486837933948937 1.9018816852022964
1.142315536995163 1.9030265905068195
1.1511968660289742 1.9006354558303507
1.141220553198167 1.9028688167396992
1.1497649206993892 1.9008788222442312
1.1327534398336354 1.9025396596084194
1.1394984491814872 1.9032097288912377
1.146340673197002 1.9018995479438754
1.1331724559056882 1.9023828726545011
1.1494241470954951 1.9006533688148335
1.146871370230114 1.9012581380588123
1.1386821685553008 1.9024975556968093
1.1288067695522057 1.90168165656948
1.1418784134784794 1.902137803775928
1.13525189788735 1.9020978487309583
1.1262299102140108 1.9005157222701754
1.1377917054036997 1.9022888623570147
1.1315764841155482 1.9017568240249432
1.1272698266581516 1.900894801440773
1.1387992311432262 1.902054665790422
1.1305880533138295 1.9013419809588188
1.1463156216296555 1.9000473732400376
1.128296612451313 1.9004796645451454
1.1278956400081883 1.9000198975490339
1.1399305225535303 1.901632833435644
1.1328124170569418 1.9008115672757195
1.1288246002519309 1.900074558403851
1.1366765127734324 1.901274773992046
1.140238743432455 1.9011848685035915
1.1388826988861198 1.900844780424642
1.1412325652704502 1.9004064213070755
1.1406793819337513 1.900635810317732
1.1383074043315013 1.9004202928410763
