mu sigma
1.1247332836059196 0.2819827633205613
1.1884987449338116 0.37887234776358825
1.2193507002949215 0.20286473626832915
1.3427332676104136 0.3175779191927517
1.4421573348383079 0.16976001721746886
1.2412043870232725 0.3185637487001162
1.215779779757983 0.29696615596131265
1.4418104163129346 0.2275072754157675
1.217480759726464 0.24766244563219653
1.3724386845483514 0.2882626628604707
1.2330278020769705 0.296999974210785
1.4428138632770469 0.20566382241796224
1.388618700651101 0.2775182390059715
1.222663501663381 0.23988202193242927
1.2885499618785572 0.1447943565596697
1.2257136668906115 0.24416135704046538
1.231270765796573 0.22906534253972208
1.413679193849294 0.25165553771658616
1.413679193849294 0.25165553771658616
1.278612034532466 0.15500778337959684
1.2425919990032748 0.28426741457551413
1.2302298178561912 0.26027656608985233
1.2947921917143705 0.14379139884123684
1.2648431549692774 0.17287764085705545
1.253287659551797 0.27989615316600464
1.2581836349162625 0.18329037559698594
1.2495152709379893 0.27429601708899515
1.3723632643583783 0.2716912494060267
1.408438165458901 0.24679935842534687
1.2447846763166583 0.26617377591913416
1.2496133042697224 0.2705031476403613
1.4310030217689769 0.18618959497952006
1.4033610279585411 0.24991138825004625
1.2403484992194962 0.2416074849914638
1.240919874403227 0.23312353293490418
1.2412044429813376 0.2339280728431118
1.4155612328990719 0.23555825539591335
1.3815451846291165 0.2611725535532642
1.3419051572322749 0.13036323650993362
1.412400439366074 0.2351274995691389
1.2479501997198406 0.22463454446411665
1.4140930040406117 0.1602196091333232
1.3875618474875129 0.25375351013113473
1.4265536723240912 0.2003539276663555
1.3870709607577998 0.25294391005688893
1.3177109363975692 0.2758132081610945
1.325268636127789 0.2749484183014864
1.2676491827172098 0.2644106374728359
1.2797211220248834 0.2704756166262242
1.2746402191122144 0.2678516976981414
1.264903698217379 0.18711926779938595
1.2622678449317455 0.2565320887313622
1.2619549383715507 0.2560043241279794
1.2556336672877835 0.23728864007157185
1.2655541106639046 0.2559511419522968
1.3903093298162088 0.24581904041707553
1.422615915357027 0.19621765408552155
1.3166777152930236 0.27045616023521685
1.2566134857023208 0.22180948571353043
1.2876630171086556 0.26595491816335504
1.261024127911654 0.2044234664955611
1.375103178193299 0.2526433264828044
1.3103058453313425 0.26659846958616445
1.3379497363585648 0.26406689776668046
1.3900770104485944 0.24178053198229704
1.3984551436787 0.23328560771659668
1.3144289913102987 0.14296940414814482
1.2877428503410213 0.25959565966085474
1.3835170140187425 0.24413747191218219
1.3597684521500457 0.13549426460193703
1.4178512198021007 0.1974890053903438
1.3519819245254983 0.13529603728845924
1.3635860767842867 0.2527283128051334
1.4130498507723717 0.17183365808961204
1.2791823428413465 0.17549990560212586
1.415625554547181 0.1793981858844031
1.3178663589420596 0.26166758717265404
1.321696667007625 0.2612646312323818
1.361188976426746 0.13663732257587646
1.3627862132202027 0.13704420698659422
1.3707614923181926 0.24791978707699708
1.2933727516250975 0.15995005645879357
1.3131645094439364 0.2595070686461805
1.2701943020463213 0.2354803567077107
1.2766708490072651 0.24468794078230852
1.4071064006930372 0.16474235959481529
1.2738335043307667 0.23952435970530847
1.398712359601847 0.15548749671106096
1.2685644896166914 0.2264731812796303
1.320605271138188 0.2577497250003649
1.2684750172671166 0.20799632083756464
1.3819975290854445 0.14457143717153623
1.4087840513385812 0.16964689632990643
1.3209744854575791 0.14313874228134593
1.278344860407024 0.1830914317910918
1.3627751474478729 0.24718348189524952
1.4122610273918275 0.18198048842412756
1.411193581030289 0.20151576807833246
1.3543248871907398 0.2497770573613804
1.2708265004383437 0.20639570682843314
1.3270766544451056 0.25422111984542467
1.2773204276585948 0.23619801351071215
1.3240265695217106 0.2542087886176537
1.39498153323333 0.22559180695136236
1.4087517858866985 0.1730997509271235
1.2957047992885864 0.2495904371880865
1.410567405154854 0.2000138198802455
1.3335921486990543 0.14000309263692426
1.2799623975683945 0.18292612726957694
1.3261119153497312 0.14230874803067103
1.3481256722302772 0.1385244658951754
1.3210518188366787 0.2526848574359528
1.3440901241129897 0.24970360268158998
1.347412365656126 0.1388416964924004
1.410431325031158 0.1873726007037502
1.4027695725638503 0.21288577730426522
1.4070709554195733 0.17399171674418956
1.4032091761835117 0.21108977140744084
1.3543842748603774 0.2454480606989964
1.3585044817787577 0.13991509635255955
1.3656770424308942 0.14122674253366096
1.400584091728943 0.2144079999422777
1.2978812051189548 0.16144154179578118
1.4093591420307585 0.1855733838372084
1.3170747199334003 0.2499251621805785
1.2750153821774604 0.21443956311204518
1.2970028264703082 0.24518320827438303
1.3681816742959512 0.23973305376461604
1.3329882719088215 0.24934328042143944
1.2892242863490224 0.17185132609621417
1.2911306793020942 0.24163643769226623
1.344346804651979 0.24752617493862783
1.2815888873233554 0.18534951397751906
1.3479054629302 0.24632774708608415
1.276371893268263 0.20289430144175913
1.3599380268038237 0.1406357403558831
1.3668620681034773 0.2390376813175861
1.3984544680192421 0.1618651562063223
1.3528736341334848 0.24395379295976774
1.3478320415952765 0.14015602513650252
1.2992313171183985 0.24352607415599092
1.281137279899252 0.18891937197927408
1.3214983135604064 0.24777690160544008
1.2904121017762789 0.2373316329302828
1.333795859419323 0.24684325126137963
1.3317473190202953 0.14296240859261836
1.2842844922527894 0.23035602189923454
1.3679483744515504 0.14314035229962668
1.3932789277878308 0.1573414517305566
1.2884948249277817 0.2348999064722908
1.288790066008213 0.23474570390133614
1.2818288227366152 0.22517912130915765
1.313513884149156 0.2456064291487016
1.3387756169813292 0.14169930548773782
1.3620810363243483 0.14196761151552575
1.4059196438375454 0.19544592351273732
1.3683829580513875 0.2359750705208908
1.3982776808039123 0.21194721855658236
1.2934170502704465 0.2372275748196537
1.3842665097227118 0.22596569264115687
1.3084767209540291 0.15519386020299103
1.4050940283830902 0.1951630245971477
1.351246328123398 0.1413210458609848
1.281713566909772 0.22023825648183165
1.2801594570064392 0.21356016935148306
1.3984902800818122 0.2099745448401878
1.4043583984154822 0.17926383908706855
1.2977781893730342 0.23754893133525842
1.30902993941754 0.15543662061234417
1.3335452153149638 0.2437298850874653
1.2819885909386635 0.21708074487668946
1.2841617409221433 0.1890635101619878
1.3579745894646962 0.23824883824311624
1.3000863990275777 0.2381021335780622
1.285309174583636 0.22394101058212573
1.368793832066312 0.23333664791256
1.2853980770373084 0.18694282795711842
1.3990678647946673 0.16783521959212896
1.3808687979607566 0.2256491947084096
1.3136809636902407 0.1529532308722298
1.2881633221371858 0.22680831105640126
1.3609860237230684 0.23610892542489384
1.3573431278131116 0.2373102238102435
1.3160886030240233 0.24139380461955048
1.4021617073657924 0.17596011767518027
1.2920885053356121 0.1752587168974049
1.3257501719496396 0.14702197843195416
1.402025239645691 0.1759495090057263
1.364086128805047 0.14415367911653812
1.402973572784442 0.19289057901635617
1.3887872131195316 0.15674021724808596
1.2838633760025728 0.21365826122548204
1.3414663781487246 0.240362210633586
1.3595637400662293 0.1434548520397517
1.3968165917156012 0.20764289188360308
1.3128182041245566 0.23980636385995574
1.3368573357105842 0.24058392498914652
1.4026048795002346 0.19146153590647985
1.289358444480579 0.18188565994100325
1.3211454104604545 0.240493402057782
1.3939929719247135 0.2108132696014039
1.2856771797513562 0.19180932918235652
1.3419874619655223 0.23954210044963095
1.3940025748751903 0.2107231469180649
1.3161296878729607 0.152485386095781
1.3887262719604998 0.21668476455040084
1.3237631925068543 0.2404437838303493
1.3237631925068543 0.2404437838303493
1.2841364750518331 0.20856665386997192
1.3766783559524929 0.14928803227611515
1.3917259209838775 0.2130581925425243
1.2921980586465507 0.22689121400754325
1.2850255727643267 0.19687533022802406
1.3944345566496799 0.20932431597634077
1.3876196917008257 0.21714446973786639
1.3849448962046442 0.15462612826232813
1.330983237198078 0.23980663197859187
1.3070109189898491 0.15966349481598816
1.2911168926920353 0.22446555926905012
1.4018767781275197 0.18504442451685882
1.322416597697045 0.14967043269757146
1.299734323861123 0.1673287646507305
1.4000579451555795 0.19704042356282828
1.2988144886508053 0.16864825915417783
1.3984521464943946 0.17164011130575577
1.2886209926652314 0.21933814284792566
1.2887375836987234 0.21954926426551624
1.3097186889683785 0.15781027577390247
1.3790844807068021 0.2228866442621604
1.3003491955516404 0.1671706336107907
1.3729282903850557 0.2267997088408934
1.2858421221760334 0.20374657131477408
1.3335663812762455 0.23831087987238597
1.3153424798208 0.2370034714105086
1.3039100879146885 0.23290542171894701
1.3501778450296336 0.23551309176772295
1.3894229916826466 0.2130363122366007
1.3261523029847113 0.14869096607492074
1.293645556916737 0.22456448947952057
1.2872717613952056 0.19424526383214372
1.3717191248342457 0.22671826656938043
1.287739224617594 0.1925119806490915
1.367664937050605 0.22874420867645043
1.4003331868533735 0.19016285550159567
1.395334583675629 0.2043848991040954
1.300803833237444 0.16754161671004858
1.392964927382315 0.20802601725878744
1.3295406602792326 0.14766052088514675
1.367689909725419 0.22844530016121886
1.3966960772900512 0.2014861398935737
1.3411596254374438 0.23659378313183582
1.3194461381285967 0.2366656233481464
1.3883090195482004 0.21328609779142715
1.2925082284835616 0.22126773745252437
1.2882295602595863 0.1935200263266715
1.3380666620902397 0.2365014080021291
1.2898877893270366 0.21574986202203417
1.2880302275261544 0.2087479689644574
1.3520635112495984 0.2335232010989087
1.2948935562290655 0.17723108420098366
1.2977909184945418 0.22623228088791536
1.3990581084361624 0.1800912883190379
1.2888505064003106 0.1934753942444042
1.3929561563799844 0.2060989319527845
1.2902081354362651 0.21475301471645022
1.303971090282361 0.2302214884506079
1.2979349845383652 0.22558543655432473
1.3188246426390355 0.23510718813904605
1.3402604450052513 0.23522418978679452
1.2923138034495083 0.18373390987771887
1.288706056182009 0.20305128688582477
1.3573376920799958 0.23074683613177155
1.3350509575589293 0.23522582215346746
1.3185517781074974 0.15389923558139376
1.299777280954622 0.22575083074573607
1.3608175979586954 0.22923732570725525
1.289214864935742 0.19896026510603707
1.290734163400662 0.1903556765929709
1.2893656022427424 0.19963901240897333
1.326364167599826 0.23475835025253552
1.29587642832101 0.22097319779989405
1.3290335624621858 0.23476503687734004
1.2903428611977426 0.19315812454291492
1.3954398903488403 0.17212596278719847
1.316381965593401 0.15565858396605733
1.305171547434919 0.22854883537527146
1.2940287373752997 0.2177916456946324
1.2908223218096064 0.21001705772123255
1.2903073462970671 0.1944500345602602
1.381714517474055 0.21625285120669113
1.3783090343300377 0.1534105253433037
1.2976459934361806 0.17534980399742686
1.357792578198797 0.22957451174595858
1.293427998804155 0.1839221300093383
1.3366968981501033 0.1471436395437036
1.2940673890035794 0.21708813095670274
1.2914901747746383 0.21119737398728716
1.3029578678514149 0.22661536917525563
1.395202145393396 0.19760625695970863
1.3358722453550866 0.14749570898057732
1.3321939011351362 0.1485429452657037
1.324704552109348 0.15151458772522902
1.3870443827602368 0.21004071695419219
1.320856900394455 0.1535359313947974
1.3754029047757812 0.22003386983022263
1.354496587722267 0.22983005048315253
1.2949289994030118 0.2165680045017335
1.3190399211801198 0.23195804501082648
1.2949772843645555 0.2159297562839174
1.3313341208788343 0.1491862389582191
1.2943135767030416 0.18446927748641515
1.344240589887215 0.14658446685328855
1.3057155257874622 0.2263434640259659
1.3962913654212832 0.18960670650630784
1.3502984707929029 0.23026191574293656
1.2930090136375565 0.18965787745178847
1.3754026874458483 0.21885554191325673
1.292327452711669 0.20493170067881883
1.3879522624814242 0.20702070403893888
1.338532128247027 0.2317291898674043
1.3266711458201406 0.23183141279873867
1.3327002366477314 0.23200192373759893
1.3498131729811695 0.14679164288158963
1.3954459761240798 0.1795082923248894
1.373117760646391 0.21962382642407086
1.394448376733188 0.1930673235845523
1.3581768806691727 0.14764098939570666
1.2932974902609988 0.19326915372019204
1.39081177088046 0.20137909595452888
1.3843387967270444 0.20989050666068065
1.3010779784907314 0.2198858229068287
1.367517360703041 0.2221333188227815
1.294731170417078 0.1881883982319675
1.3894559795786328 0.20296139638059946
1.3498634395821794 0.2286186296736392
1.3042327227635024 0.2221024873195013
1.3943861077493385 0.190565124868861
1.3018500313394887 0.17329175337667665
1.2964424956752272 0.18406322171396455
1.3090767140655089 0.224994179440666
1.296624174134641 0.18377719334177262
1.361612903699297 0.22432642868392827
1.307210878623105 0.16660605746293394
1.3357140367229543 0.14921918966709333
1.3014475802183436 0.21888162442303685
1.337276480736651 0.14890753965984496
1.3620269036908894 0.22388983516624036
1.3616435774013804 0.2239862099177385
1.3478026649705463 0.22804599193807729
1.3428181017555352 0.22888077266310158
1.391658423984883 0.19658909915426595
1.2990361529116492 0.2145257371912328
1.3133775031601818 0.22597261976387417
1.3380522462089581 0.14905602512866012
1.3927812239198833 0.17540187622118544
1.2962454993627508 0.18722484479288107
1.311367075749165 0.16317040450674744
1.3300760906682436 0.15150236853253377
1.3866826201253217 0.2045734215261147
1.3890405194195332 0.16783178792221226
1.309525964424497 0.22350281755590148
1.3673707335754683 0.15114340409984411
1.3715202790790029 0.21789466442032948
1.2951419087371694 0.19877124520922387
1.3431832436978146 0.2279642923451371
1.3066436134216093 0.22103403265893332
1.3520504769878656 0.14829651602143745
1.2986230148655773 0.1824434184692415
1.3897620935684383 0.17009538798168553
1.2994036062102243 0.18088471946670745
1.3612647264619304 0.22243077701129707
1.29624526493892 0.1925530722618658
1.39174897780333 0.1756167197822037
1.3557064400070185 0.2243573200083359
1.2960009493363824 0.19698992921319697
1.3386122637338436 0.22779531658402352
1.3389893404158109 0.22773819245974422
1.3369020127261502 0.15007087740032143
1.2998562888857879 0.2121087361546959
1.392133868573739 0.17751493712088964
1.3172793609990556 0.22542264662139233
1.3910332091577726 0.17403241235179145
1.3304453380809376 0.2276567742247632
1.2998270881274885 0.21162125428789844
1.3342964646157667 0.22768179564846458
1.3011399915518105 0.2135347659544265
1.3002132190203175 0.21160871055909722
1.3729657158841435 0.21537063721244976
1.3255217592102426 0.22681755187932573
1.372416877665252 0.21572042097146468
1.3910199233511338 0.17506390479898978
1.3019502196623804 0.17757603649570083
1.3870103081994962 0.20091113636912072
1.3349203892301507 0.1510259701250902
1.324761830814564 0.22632951822321334
1.3921748155212768 0.1840646887825476
1.321281169374371 0.22554720703128037
1.3067212579594427 0.21846993868939915
1.2974865300190692 0.19152686115823955
1.3022212259276544 0.17772713992293795
1.3723693315615564 0.2150625583561761
1.3351748443712657 0.2267138306744147
1.2989649318633913 0.20686117544093927
1.2987265739586282 0.20556862224543962
1.337189618258555 0.15070373670892045
1.3782503730466473 0.21027761640671305
1.3023960689412577 0.17778804647954796
1.3461001071651577 0.1493639250368664
1.3905118963621521 0.17557966002797407
1.381188510780447 0.16105313674424396
1.3104039208718323 0.22031212417282903
1.375414509019886 0.21244289242550163
1.297776482387487 0.19959303169625067
1.3716590391233074 0.154573324496606
1.3343027301077468 0.15167487498962828
1.3284787971051981 0.22580955702881872
1.3333548675352198 0.1520105260663555
1.367112473606784 0.2174256952647366
1.3306606366467215 0.22578957772536923
1.3669116959151908 0.2174485538443843
1.334353183722982 0.15188591794032175
1.314279326720422 0.16327444672863908
1.3453770489924288 0.22474889885828692
1.3824774424717574 0.20476447355472613
1.3902722568815777 0.17797842810551176
1.3737892227878519 0.2126159277285847
1.3246020633066726 0.22444355480761663
1.3016153481810677 0.2089637131719897
1.382193867155349 0.20482174619990373
1.344986134170703 0.15002279513055003
1.3073908576446907 0.171277394820818
1.2996083351947683 0.18808610313888657
1.3249155990102972 0.22427535474220933
1.301970918384183 0.20906286393172463
1.2993183750616144 0.19052359067363228
1.3395500463678505 0.22481939178431837
1.3430842873070783 0.22439526025335454
1.3111874914331836 0.16702360465180838
1.374797682369324 0.2113355960904637
1.3705571461251793 0.21427960865634718
1.3117929938562212 0.21881160171964587
1.3883304718450076 0.1733073484757362
1.3389705717707592 0.15124653181392225
1.3164726471403054 0.22114226988784563
1.2995277705422041 0.19234109934992022
1.3385986383137916 0.1514004809483435
1.2998393874351772 0.19077752406397866
1.3580610365115648 0.21999110511460213
1.305409577747911 0.21250144106764368
1.3850718953419072 0.199080905583016
1.3460160350963402 0.22309599470255245
1.3357771576212154 0.22403864439713175
1.3107124859080033 0.216989405116419
1.3850941726086465 0.19868879381206703
1.3054662801518502 0.21157361967083302
1.3885340446637948 0.17627889379617842
1.382253294663974 0.20253895011702883
1.3345768626969567 0.22366180823743914
1.3043320670728584 0.17849679579290628
1.3029041091417102 0.1817505371684116
1.3669421517133187 0.2151100179647452
1.3884706198924233 0.1897286668828001
1.3884706198924233 0.1897286668828001
1.3886543373076101 0.17755992274520294
1.3882886337958658 0.17617335935648168
1.323327683319775 0.22200781364452146
1.3250901757023763 0.22226453054433049
1.313056898605933 0.2175672091110183
1.3168065017460693 0.21948264521083768
1.3061414024844642 0.2112796287837832
1.3245846974582463 0.22198956190145766
1.3784042531633944 0.16126907094894194
1.323075284851378 0.2215795150434936
1.323909563352211 0.22177607411978092
1.3016909089726536 0.20154709541903595
1.3637198579892031 0.15327181546977467
1.3872849051569953 0.17473182463447617
1.326648898578913 0.22197800874343343
1.3084083701031934 0.17279001651620354
1.3239907421646446 0.1582134919628934
1.3836677148496015 0.19880332409732418
1.33965137365119 0.22234877881360945
1.3777662401287003 0.16120712223752914
1.3603521058971664 0.21732320579395129
1.3311498285326109 0.22223775657806621
1.3135820526274617 0.21669719916326302
1.3835579303841363 0.16779338828358803
1.3809277048345447 0.20223622988501735
1.3052919352563743 0.2080668467975079
1.3128486086643933 0.21595195486861044
1.371030096103965 0.21117714586068118
1.3142326386944982 0.16630605946812752
1.3524022718992552 0.2197344247065886
1.3262078426856225 0.15738856023365547
1.3189988341205114 0.2187240554075335
1.3763471967985212 0.20638724064839709
1.3604339687108737 0.2165471980498169
1.387493844182138 0.17938634234735804
1.3876709385144423 0.18464523558227983
1.3775042831651112 0.20517978412304477
1.3758045239679602 0.20674556444536302
1.3311043879885414 0.15530301316706824
1.3345046875393352 0.221534409266203
1.3796617592278564 0.1640453106542927
1.3159282848839242 0.16533122489895508
1.3873912535269375 0.18239579450792712
1.3240401360235237 0.15919698706633273
1.3459091934989391 0.22023546280085157
1.3395048668690972 0.15300252415233392
1.307137216923699 0.1773070068082055
1.3198134634916485 0.21790632254863357
1.3602083178304272 0.15337295137476914
1.3861723279765557 0.18879856145093293
1.3772983106726675 0.20416646162926264
1.3165473958173777 0.16535474224046373
1.315890914770732 0.21551267968336987
1.3582132884449285 0.2161541791923066
1.306452034185345 0.180009475151739
1.3266534763337636 0.21929925115710364
1.383972153338188 0.19396365591737777
1.309688225437272 0.17399800004397895
1.3618016632551782 0.21445269965108915
1.3084168947295223 0.2083690122181166
1.3825460266182796 0.19648341163993774
1.309433728458878 0.17459660536860594
1.3685070056685709 0.15681710959570705
1.3370486596073032 0.220041031600452
1.3297350677582225 0.2195587019993078
1.3615117814687623 0.1541732582705915
1.3046479953732426 0.19989365573142498
1.306677600276379 0.2051465379450647
1.3655363704199692 0.21220496969993857
1.3516798442595113 0.21766219136529014
1.385386181285185 0.1881847790177427
1.3855838432573848 0.17814133368432894
1.3073595387295915 0.17931827965843528
1.3063492041283717 0.20344505581440508
1.3548169066450884 0.21662822240678747
1.3043792226071647 0.1955879259318612
1.3827435909921608 0.19487260600447387
1.321973559220536 0.16180532367392259
1.3106496336658382 0.17368262277413646
1.364586423583704 0.15557930609613332
1.312059789344326 0.21072001600698723
1.3051999435937889 0.18730911619422475
1.373497644578654 0.20575987773136487
1.3173675256899753 0.21436270660570025
1.3315306938025386 0.15664407946553205
1.325593962592114 0.15976318240589527
1.338583323135608 0.2188198933366666
1.374346979023905 0.20473879476990933
1.375799364062305 0.20329634491596024
1.3102498936520544 0.17514923361090012
1.3602769742473073 0.21368553856695358
1.3591452776479767 0.21417067942628032
1.3188429852606567 0.1648793164653623
1.3086277154434593 0.1783754948759496
1.3489350141136334 0.15323953024133738
1.3075158646973875 0.18094937134031475
1.3059828387951453 0.18594861475041236
1.348307410738344 0.1532530663508028
1.332258156301096 0.2183848302356969
1.3146629067037918 0.21191231925052753
1.3843650277397268 0.17695157936087758
1.3846523821618653 0.17843751128294413
1.3439524330328791 0.21797198638451312
1.3059658335804385 0.1975260101554953
1.3437272827328606 0.21790204540739874
1.3529454088564914 0.15356108717617484
1.36464596279215 0.15627110329977134
1.3651450810164767 0.2107542377166745
1.3057766708623673 0.19458051284155767
1.382006710363422 0.19334966843104148
1.3109952523833575 0.17502925793748184
1.317844300098213 0.2131511701129502
1.3097042154906782 0.17751812726157196
1.324969854602349 0.16084485489261427
1.310119040964813 0.17676029750595856
1.3826791186019027 0.19148293943859612
1.3251488332305508 0.16077705239840917
1.3161652188131656 0.21186680562891141
1.3359039547337042 0.15578319200244234
1.368989413551053 0.20781866362353715
1.3842701114395468 0.1811828031169234
1.3062378209901504 0.19314773988472705
1.3658112438837768 0.20971352568127857
1.339971608674512 0.21750352703678202
1.3084275615440257 0.202315722761078
1.3367718297587357 0.2175339480427203
1.3805212876575885 0.19519263968547582
1.378434861652348 0.1980584173346673
1.3833951063006362 0.17961875628130977
1.3706839829280688 0.20549320202315294
1.3170643450643722 0.210943718901694
1.3170643450643722 0.210943718901694
1.3741600162788652 0.16311094412691557
1.3177097171189969 0.21124512908647575
1.3074526332731864 0.19462172601310684
1.3336507580098353 0.15732418466600845
1.3117171647335422 0.17614399299522399
1.3720123681192067 0.16158160704540456
1.3405463714042334 0.15540945552643082
1.3304578509913225 0.21566561833031272
1.3145752002420215 0.2082499065802149
1.3103881306951966 0.17928592367676033
1.3364196737700231 0.21604377464065636
1.3610808765685123 0.21060403703210695
1.3088625640794895 0.19825882982727833
1.32005257014143 0.2117701229474286
1.381470669578715 0.18967756676002756
1.3300515201332124 0.21520010749161883
1.3820111661049128 0.18778337527747954
1.3606891016461933 0.15639746655931824
1.3082838833490582 0.19491163745279388
1.3600236224138738 0.2109154365207061
1.3205961032347129 0.21183182397144087
1.3311558387425715 0.15890969667036475
1.3140401109915691 0.20651171848095165
1.3393437769464185 0.21537235035532598
1.382258633551432 0.1809010771453014
1.319629071028241 0.16705842516047043
1.3775589361924312 0.16809285304970586
1.334974351133796 0.21519765894358667
1.3707493544347122 0.2035689952466581
1.3304209698064182 0.2143470634766523
1.3472294259038218 0.21418196758167915
1.3475978905864479 0.2139772294541186
1.313519514036918 0.17541582200485997
1.3811654794629225 0.1767977150943513
1.3403802381658938 0.2147280522445844
1.3419737290035056 0.2145605063341685
1.3802089681835663 0.1898223261680754
1.3812206709812815 0.1854242089378531
1.3198332075342083 0.16770577125020367
1.3264876613870173 0.21256620854780425
1.3420314165033513 0.2141538133443499
1.3183263922503672 0.2076000469308009
1.376074448357946 0.1681990251124167
1.3220621794974439 0.16637601940981975
1.3153785744987059 0.20450276296836117
1.3418478955402537 0.21333751169590148
1.3104904302600617 0.18871635968699652
1.3180092399586543 0.17079488122576436
1.3576403917460844 0.15712696183567454
1.3526224763088563 0.21129856077293374
1.37127942602013 0.20078647355143406
1.3111918069922088 0.195157548893986
1.3108052363329388 0.19258514648067113
1.3765472981503133 0.16952848283329547
1.3800226415310093 0.18506517032633532
1.339780751081996 0.21306253262601482
1.375896122595167 0.16876712729582877
1.3449182491832838 0.2126040028332586
1.3152206641935993 0.17528966403992446
1.322017214816592 0.20891025410502553
1.3668896468195553 0.20398279050681684
1.3739902017844032 0.1973033791488629
1.3720827865551053 0.16478189937810614
1.3681864208227612 0.20282875914422277
1.331969490516327 0.2120070395590835
1.3151466558227085 0.20221025375637747
1.369003879735204 0.20191298445306835
1.3314294442515555 0.16090583564965757
1.3157849717856753 0.17518074834732905
1.3760787993950294 0.1936154113175208
1.3143677454271636 0.20062874393090402
1.337063775180623 0.1586588943558309
1.3423364224586571 0.21222190886959422
1.3121374590584964 0.1847462685866165
1.3778885149702091 0.18958062261098504
1.3782542619523777 0.18852666127366727
1.3122973602602075 0.19481581214319935
1.3175951787961215 0.2042218611725407
1.3781737569943877 0.1882079718168727
1.3790424660903629 0.1839702383856831
1.3131619039673685 0.18207180813577514
1.3775365320317647 0.18972669679493806
1.343924785894038 0.21158410950751305
1.3790012259778681 0.1832715122625065
1.3122037181419848 0.187972334758243
1.321126379468105 0.2065874368170825
1.3152397230373372 0.20040632706691808
1.3556517092411875 0.20864257545013334
1.3329283454828937 0.16076667310389728
1.3124714002257303 0.19200356543796243
1.3372866012855953 0.1591101737938964
1.3785150718945143 0.1849647981795008
1.3152418636216545 0.20001773617450766
1.3756598965412143 0.1706205384770665
1.3292189928792988 0.21004284049855942
1.3343983771093961 0.16028315343930064
1.3661392581686984 0.16176615528507604
1.3212957685146207 0.20611432154927584
1.3130079035745124 0.18542521767213324
1.3670794845983492 0.1623929633636145
1.3589509086355598 0.2068206229232949
1.3417570167441508 0.21111037540887057
1.375171492687331 0.17031314842551193
1.3480182437913584 0.21031861286313303
1.3199514952439353 0.17108962744878917
1.3143308504337279 0.18122154043229324
1.3780821577064784 0.1838812225113047
1.3424129630699393 0.15830261021720293
1.3217846066152568 0.20561880221694212
1.3722580071635833 0.19622824181039286
1.318899367124333 0.20310184585974284
1.3440847347032534 0.15815804980770737
1.3646050311641258 0.20294663019518377
1.359983490105336 0.2055905052614857
1.3347313911028453 0.21009347755053928
1.323356132234857 0.16814637758100878
1.3152094639991871 0.19701018853166957
1.3172872776970663 0.20049455847983963
1.3306895852374505 0.2091326192569747
1.355536626205818 0.1586227510012263
1.3246117390539136 0.1672103933037874
1.3152680402257704 0.19668880409001124
1.3763851677729895 0.17463408592156632
1.3365917594618046 0.16026426380902878
1.3177572951238359 0.20078595370665034
1.3177337746977003 0.20073502777890295
1.3437427725123015 0.1585317858757018
1.3271936258763841 0.207636668750561
1.3737337742007012 0.19306515306682792
1.3140770360473735 0.1889441265197482
1.327435417890713 0.2076025715854455
1.3325416004299777 0.20896644785618973
1.3458025934181663 0.20925944617181988
1.3611273922504226 0.16059112068659354
1.3597053017709821 0.2048517187193298
1.353223965976095 0.1586964597507659
1.3568335336827497 0.1593796168190255
1.375075585390711 0.18946117249366093
1.3298599567263871 0.16401376723832584
1.324171456272061 0.16838867098481008
1.31926429890938 0.20122977618518925
1.3675666315523738 0.16436079137201773
1.328685594219297 0.16489275833477038
1.3148221837076706 0.18708703269420823
1.3328260260588838 0.20844853224586438
1.328397611968482 0.16525458884137612
1.3150877312102933 0.18776853493574602
1.3254081764707801 0.1677100729631303
1.3535130702381106 0.2066267443979562
1.3309826039164023 0.1637787482809963
1.3315095765990126 0.20768796162682487
1.3730613130539806 0.19199375076730196
1.318853482094656 0.19954590953232815
1.3736546307217257 0.17168245739473362
1.3756722748671508 0.18535176912213797
1.3175347376820217 0.19694902609081957
1.3283654443213697 0.20636217370636523
1.340000374607894 0.2083909409600806
1.3756267462655842 0.17812513384251508
1.3633489913158072 0.20131844537892618
1.371748304440953 0.19316286412565226
1.3676554191740125 0.19781474929330634
1.366273017553771 0.1645050068411886
1.339110733904302 0.1608172401979495
1.3180662071210965 0.19633638776595397
1.3725043988315888 0.19129468739248195
1.3491047955479347 0.1595082285248202
1.3739868391562946 0.18823632548431787
1.3511570946267029 0.20637234478082128
1.352222191181888 0.15969105397505193
1.3328786423899077 0.16349341276072904
1.3261062756756483 0.16817628322478287
1.3386995614097545 0.20756265212513186
1.3727306307366522 0.19031830788734874
1.3258658664090246 0.20380290604217474
1.3251550736946738 0.2033360607065203
1.3638334648396713 0.16354495109117084
1.3653012576525312 0.19871246401859335
1.3472202049917188 0.15993865006820035
1.3383784110515724 0.20716241885430042
1.34992773127691 0.15993990298062033
1.3368610745099743 0.16216069049390333
1.35538198254993 0.16062121795618348
1.337080271028246 0.2068645464017606
1.3298419303819355 0.20514730875001833
1.3745104649998772 0.1796109721100476
1.3740578147957478 0.1841057945759745
1.3567316648341294 0.2032858606003503
1.317480704718005 0.18957614265619935
1.3367412702841772 0.2064573250133135
1.365502384067519 0.16522011737828873
1.3479404893571685 0.20587431174335424
1.318806378389405 0.18058652167568953
1.3177017825162087 0.1881069675372655
1.343788672855098 0.1608482183802702
1.3700531334859585 0.16983897869299458
1.3737642729434798 0.17894873680093512
1.3286548134457132 0.16745807525641898
1.37319907139886 0.17627011001288104
1.3182554678425937 0.1838232227149125
1.3179584882050461 0.18800313690222606
1.3230320695861209 0.1732303327393582
1.3180608405604803 0.18665154488914218
1.3482727234411278 0.20523723774349387
1.3567511164690775 0.20251165967886914
1.3260181654319823 0.20183072623713658
1.3448950446653571 0.16098623240335536
1.3298706161270974 0.20384824499243873
1.3249242518127742 0.17129120802369582
1.328498563909601 0.16794621613652447
1.3404422215254033 0.1619588100375024
1.3310061225677456 0.16619708232919841
1.3191203774357518 0.19228652170196892
1.3328602142242332 0.1651159461539222
1.3439172172512943 0.16141833921362256
1.3543163990156786 0.20301334399818305
1.3649471793928054 0.1967127823829538
1.3377523806157114 0.2051177325183328
1.370358632042359 0.19009180426012953
1.3728745108767952 0.18024286934043116
1.3565217540008407 0.16220801011205657
1.3728502648613008 0.1799371715060857
1.3192867859636632 0.19021458765651517
1.3251712310794392 0.17190480423234028
1.329504239056222 0.16785983281795078
1.327754304242378 0.20172850580955048
1.3625134779141743 0.16476706932476812
1.3647117872858947 0.16620514278937482
1.3535448770997531 0.20284310885173673
1.3258804464817495 0.17125570035359622
1.3563661017657287 0.16238970826807664
1.324655419116847 0.19917344469010093
1.353317945516006 0.20279382556143893
1.372469505724308 0.18198272320779518
1.3340298537719812 0.203960541781556
1.3371332143812824 0.2045483568210145
1.3490709763198776 0.1614792507875362
1.3597237246756395 0.1636160006312874
1.319480562259866 0.18839513600071142
1.366848774686741 0.19399515649334886
1.3201661734435617 0.1826942859608858
1.3525990561130683 0.16194128299501323
1.3720573762727182 0.17907329277286246
1.371787040060385 0.17757596572862036
1.3200500671180766 0.18369116517101683
1.366758643424266 0.19359928331983417
1.3210906892118848 0.1931403405478422
1.37145373710096 0.1765802702782087
1.3350794569940183 0.20358549470046847
1.3467050222116164 0.1619118549855957
1.334637667737018 0.20346461731602627
1.3242550203051793 0.19770802037128718
1.3376057268248762 0.16398098838679048
1.3202917256396998 0.18955848445376114
1.3575367080992857 0.2003049008921291
1.357386906436848 0.20036529786392993
1.3247257263770305 0.17365252723036106
1.3461104309697465 0.20370182280131258
1.3202256014988183 0.18617154391673726
1.3226374307845927 0.1772142471157955
1.3215210838245044 0.19283371034673244
1.3710305075984675 0.18478342231780018
1.330903399425137 0.2016774420543341
1.3346341349263169 0.2029324677546895
1.3685281905190902 0.1902462100073084
1.346673561904814 0.20331325781199966
1.3266945458724422 0.17185805033306978
1.322979202611563 0.17718385418327015
1.3210599667893537 0.19029688146721432
1.3659047280980086 0.19344676758001914
1.3532627287334043 0.1627245851279913
1.3212745431095245 0.19036769876201096
1.3426245641863301 0.16301693664582648
1.3688024264299405 0.17265924444403521
1.321045697451986 0.1873684314633002
1.3494173737553532 0.162519420847441
1.3686164534582224 0.1725465577254466
1.351531493914525 0.1627468699437165
1.3608283636575587 0.16550080602101092
1.3527342611958288 0.20123764994928386
1.3464335294215153 0.16272629834159397
1.3706783567002914 0.17997533393882037
1.3437735521522607 0.16319980324622757
1.3491558473455876 0.2020216194045038
1.3701316968869066 0.18410096799501735
1.3556485378427574 0.19977150319601686
1.3231063812448114 0.17878334183440187
1.3370568125690951 0.16529679893691154
1.3701584475778634 0.17778671728154843
1.3579734227952311 0.19848040211352264
1.3352091739817729 0.20185799342505517
1.338416085851282 0.2023284730622286
1.3682857186350867 0.18829740482716098
1.3664153094201374 0.17055417021019983
1.3593592674637507 0.16531954275982066
1.3692291447070324 0.17568013300785287
1.3343779592780032 0.16697598136704023
1.3674118937952642 0.17219058184665637
1.3472819683700905 0.16323551391271926
1.350269766143958 0.16328622116524097
1.3599221875302157 0.19674317840947392
1.341547892632986 0.2021314159547325
1.368732963775627 0.17534243024616508
1.368732963775627 0.17534243024616508
1.362675868441281 0.19439288638456695
1.3377193216664365 0.16564992496428874
1.3587669585074282 0.19715496213394212
1.361888036565195 0.19491727318033575
1.3667969585758633 0.17195795802091582
1.32284599523991 0.18733426811378565
1.334288592268046 0.16764951381234947
1.3241363594584075 0.19190385885503636
1.3238741005192858 0.17992337860383745
1.334218753181905 0.1677119468249932
1.3528863355707332 0.16403525856984624
1.3545710931267827 0.16441592956744266
1.323898842020375 0.19094748542101592
1.3668488899200792 0.17289774924781057
1.368732289027757 0.1776211959025329
1.346540555896281 0.20098111140272293
1.323399339759005 0.18280000304744615
1.3627474283833598 0.16850589779065772
1.3660292569259755 0.18926887261626277
1.3391653283685865 0.16576994171459056
1.324980857261005 0.17863559391133324
1.32710300444564 0.1950562298298994
1.368192641785544 0.17690051084370534
1.3280256568353932 0.19561633864050834
1.3544625200403493 0.165011165815249
1.3240365026991991 0.1829408572337461
1.3629459463673113 0.16931163449591896
1.333993611924 0.1991190178523502
1.3267329472877165 0.1760370494629549
1.3474615148926072 0.16439985918778555
1.357994888740498 0.19603104076071612
1.351625949156578 0.1646780390221274
1.3641502651646795 0.170724849250759
1.3616570514306907 0.16859164801367924
1.3243230995216455 0.18330940308599386
1.3244424189813162 0.18268731039866395
1.3518394947129115 0.16479792731612458
1.3417725346261369 0.20021820209188745
1.33442311509067 0.19881987113080574
1.3558533157431838 0.19689494490128664
1.347206603571456 0.19970922307311337
1.3541097294260793 0.19740361637619286
1.3252071677763104 0.1821681606592701
1.3337003737400703 0.16979223879322586
1.354197776400894 0.1971640427336528
1.3252418292010755 0.18766697937717983
1.3611130326485519 0.16903596268605406
1.332339582688812 0.17105024555360254
1.3645771464754548 0.18849125960035143
1.3252119228442192 0.18471899097716332
1.3271561739561797 0.19184298143922202
1.3287762202838602 0.17506385082890463
1.3497194619572443 0.19833787244257678
1.3293894453362332 0.19429171099522985
1.330143079363606 0.19493940384268196
1.3585853095496878 0.19411845479675616
1.3592204376002017 0.19354947701837524
1.3294951457425317 0.19412016212235733
1.342729481618008 0.16622049665038646
1.344743797622312 0.19883229343504671
1.3650068126852681 0.18667095765123862
1.347198955442851 0.1656809720012197
1.3454503426202093 0.16589610711096697
1.3317725942014946 0.17244386451190072
1.3649044362075284 0.17471557511450017
1.3295861048589694 0.19352299857461425
1.353166263740355 0.16634067376816025
1.328868787486154 0.1760901041183818
1.3588639615193014 0.19325413489401957
1.3612569734432702 0.17028150632741773
1.3386338639523259 0.16799248279479317
1.3541454030857947 0.16671014325444938
1.3390019508954283 0.16798040589660465
1.348655547167169 0.19757946257389133
1.3330689892460628 0.1957341881498801
1.335939325951506 0.16966291179246384
1.3649325230800875 0.17619616217631626
1.3648472840476915 0.17612280471004685
1.365451724357569 0.18161353472459607
1.3649014976851412 0.18350652474305718
1.3362069086138728 0.19649428853886178
1.365015762488088 0.1828907454576158
1.336180978148258 0.19638440558681938
1.345832578582316 0.16671973861145745
1.3335872114212965 0.1951068096420377
1.3278132493312569 0.18068539112022702
1.3637502337350194 0.1859176438169534
1.3285428320907984 0.17891445444934964
1.3280455574335397 0.1803061875690357
1.3274248414000498 0.18362983906276767
1.3506683188435198 0.1961294808380157
1.3302775215808544 0.19191855058712315
1.3573300481621984 0.16892806927820922
1.339480586531667 0.1686686938747948
1.3506202854031004 0.1959620458498114
1.3347432896954758 0.1951436233532084
1.364299132362384 0.17748244026727109
1.3291473001222869 0.1785239475521225
1.3315737270821735 0.17475660415288716
1.3638917140015674 0.17653697354994569
1.3290374467508441 0.1791291031719974
1.3643133610769769 0.1819826810239177
1.3481285643874288 0.19627200870023753
1.3642819247210274 0.18000762286834016
1.3522345437189227 0.19491964373878157
1.352838553941901 0.19464460031688077
1.3328239306041068 0.1737922716051476
1.3346282466970518 0.1944259978487629
1.3634854025124863 0.18393246873300154
1.3607015291559272 0.1722344822241991
1.3346604092230456 0.19428335609013545
1.3453888483702547 0.16766825014363426
1.3565506161129384 0.16935352353502595
1.335042526024635 0.1720735288447647
1.354150302799895 0.19367490867313725
1.350696451259445 0.1949892676796239
1.329722223482693 0.18856754236017867
1.3288328739014292 0.18446903979790827
1.348924575509507 0.1677382285088152
1.335886525505432 0.17176799679012936
1.3587255401176028 0.1901610356253316
1.3633125940377666 0.17812638173182835
1.3296915679812398 0.18793039968699077
1.338268756570712 0.17046602009932849
1.3322518467610744 0.1914371348276648
1.329285950877404 0.18415513647058243
1.3562610643546698 0.16986471924624388
1.3618850226303052 0.1752820075677292
1.3518630921472194 0.1684298899484746
1.3608534230350358 0.1871200506294899
1.3506690401740713 0.19436060217978685
1.3476272071400857 0.19512855858622366
1.3533048353264334 0.16884310106124018
1.3624629198452587 0.18349682392136235
1.3296304047257936 0.18477481588761036
1.3593653039389308 0.17233304939181532
1.331821906495943 0.19017378467436766
1.3347371599453965 0.19278667880243483
1.3411629487455772 0.19504923700690066
1.3329213668878752 0.19119616940352221
1.3328563209174376 0.1910099657580443
1.3458441518437039 0.19491232894420188
1.3331001450573978 0.17557559975324782
1.3367154229984848 0.19345943478937522
1.3536191918299045 0.16942783859601582
1.3375837322168254 0.17170144472477641
1.3325261820625878 0.19004971366163848
1.3350277294654906 0.17379131942154158
1.3375221152159646 0.17184248739733493
1.3305360031139963 0.18568884264737798
1.3614523328604051 0.18417711945363352
1.3555901716799188 0.1910430507699527
1.3619333151988195 0.17826189465988665
1.345203437151632 0.19425581689788204
1.3588743917960895 0.18750529562556476
1.3609534214459498 0.17659296498200727
1.3350372848407894 0.19145906115619435
1.3417802298518469 0.19399884496627595
1.351174751204806 0.16952050782148556
1.3311102598362186 0.1826754771957739
1.3382640861794957 0.17205099446959496
1.3404170337804866 0.19363742348317062
1.3610108524585431 0.17731614935306533
1.3313445992429531 0.18180528425986647
1.333711083339124 0.17653001380791258
1.3325205657795318 0.1880199960644498
1.3558254379692822 0.18985998447394065
1.3498210530032615 0.16957943241537254
1.3439591431592202 0.16996863801934908
1.338146114615394 0.17248494371019926
1.347377074125765 0.1933146038622471
1.3324963203864317 0.18715701386428768
1.3366447075856724 0.1737961955731041
1.3388644615299097 0.17223993022064235
1.360664230980462 0.1806701933769549
1.3487586682283614 0.169924835124354
1.3443058530217336 0.1931549104020035
1.33282017385614 0.18572827235318237
1.3325559044515116 0.1818379004255391
1.338054926332776 0.17344662521470597
1.335613749641 0.17567285788910475
1.3427177184066619 0.17111417974880602
1.3488772589644158 0.17032024245940042
1.3544749120614608 0.17180179026876544
1.3338345997088477 0.1783719733073286
1.3395422874506224 0.17258827880936653
1.343559034717356 0.1926418369548232
1.349489910577852 0.19183945589897397
1.3484350589051797 0.17047188843275587
1.3401574412678774 0.17245297817711205
1.3479917564039423 0.17066254174630416
1.3366288713016556 0.17540259801116542
1.3518097658811834 0.1713410686618325
1.358507353910146 0.17650945697264628
1.333750116212875 0.18536553532045766
1.3470812118689586 0.1709578376759651
1.3514842623429422 0.17146767535935656
1.3439184481274686 0.17157075004181735
1.3582861899696672 0.1768297550316057
1.3371294481012008 0.1895088138790694
1.3568135545222255 0.17492053495453208
1.3544849642596053 0.17301640171863547
1.334002012192432 0.18375849870384234
1.3542983397817103 0.1730583985292464
1.3581917683679154 0.17855964197395716
1.3348525078632862 0.18523660226049163
1.339359729601618 0.17431405711370332
1.3499267148203307 0.17184662411312415
1.3353170947471764 0.18049194844442837
1.33749397140926 0.17659355159039533
1.343592260700361 0.17274452470007762
1.3352418097815284 0.18301943334375803
1.3354104657853076 0.18370248945850692
1.3408838882313896 0.17421479106034019
1.3475113720388623 0.18992060471468777
1.3563458368745005 0.18374050563855568
1.3511193077129349 0.18854714152011676
1.3410273684388032 0.1893656954962932
1.3567015913573253 0.1783145354540325
1.3370876537969383 0.17832502591224494
1.3376293359726636 0.18688637001497468
1.3369782714308684 0.17905499626184546
1.3408748814642535 0.18861934798502097
1.3562037869943686 0.17865753323228561
1.3535841005265115 0.1858991713217067
1.345274162403556 0.17344568070313923
1.3417111556456376 0.18869303278376462
1.3485301775041398 0.1886707865048353
1.3516185137576349 0.18713983667051473
1.348893638819849 0.17349609131960939
1.3522588320218025 0.17454079693521818
1.3507724669875814 0.18752731390884442
1.3552209403418558 0.17754914103000266
1.3552999206508403 0.177732123939438
1.3390331849329342 0.17721416770705464
1.3373785417583086 0.18037564497930356
1.337631038847031 0.18434871100825334
1.355214760721256 0.17854916234964058
1.3387321919223563 0.18591015979600314
1.3516021162045506 0.18651913402672674
1.337582804692877 0.1831964003021069
1.3474288949640252 0.18805148192120927
1.3415398693786749 0.1758847547600349
1.3546013301610436 0.17865020077623933
1.3434308166995796 0.18782734029532427
1.3436571418310645 0.17511680972727336
1.346122792122873 0.17455651809632886
1.3472974301654885 0.17451331105323642
1.3458468279213913 0.1746392687506413
1.3386357532832311 0.18298303107653
1.353418810622476 0.18329561525397262
1.3508111071657423 0.1858633122968824
1.3530605982305302 0.1837573608132527
1.3414829399774968 0.18651829042393417
1.3419438014105343 0.17646103556477602
1.3452361964366506 0.1873476557517868
1.3538285967246821 0.18036948422234156
1.3427636184107923 0.17631532354107105
1.3514031871500307 0.1848466385436826
1.3405338737573937 0.18492011124988542
1.3423444237323543 0.1861843154951701
1.3456859913711705 0.18630470330290433
1.3514063488892591 0.1837685901061304
1.3522788433219144 0.1823316310406195
1.3518438922447662 0.18301339964748045
1.3510550566589596 0.1771829638658112
1.3462710711076868 0.18606627660683883
1.3464730724915843 0.18584469873473985
1.351534538664877 0.17909107925297083
1.350630668291115 0.1780436519223052
1.351378276077236 0.18017338184353024
1.3415940562684785 0.18190802188139332
1.3444730519647352 0.1846230597612139
1.343478212615411 0.18166991279643085
1.3478931388641429 0.17928545255297257
1.3448984742944035 0.18216237638122854
1.3447370678957948 0.18069806617743045
1.3474951303752145 0.18191936072172282
1.3467739881520129 0.18114445391199382
