mlo mup
1.0127080832427708 2.108158381991377
1.083957053502768 2.0961389152749828
0.997580150743076 1.9369453489403199
1.1524841619426294 2.107431430067682
0.9962047974518056 1.9105352445718606
1.1113397073034443 2.0952239870760136
1.139572783010433 2.102996471169259
1.0429501433808557 2.01406401300313
1.0840649281092278 2.066176191073265
1.013285594397462 1.934733557111605
1.1340076852702803 2.0845698236795895
1.09698172250993 2.063656969772226
1.162145239518411 2.0703222883559054
1.0356589585045455 1.9751488607925591
1.0181030956433987 1.9282048804455063
1.0491796893220469 1.9985550494591453
1.0969043951854955 2.055963428373396
1.0343021177922052 1.9624807424130668
1.0256951140686676 1.9363093856321019
1.0375250839535748 1.957158318855493
1.0994598962562268 2.0441926023167563
1.168500729533596 2.04562448018349
1.0957678621472349 2.0361778490584306
1.1515711663404653 2.0554077349449247
1.124576702368416 2.049748811936634
1.0637610120064804 1.991733439732341
1.1374860963359346 2.0514627003374972
1.1809694832401108 1.939442840314919
1.1172348937654497 2.043134178263244
1.0460722956693063 1.9521959880387765
1.1461998254486794 2.0464661052829722
1.1763207984922208 1.9940677067909007
1.049655175953746 1.9552305767399976
1.091167571546706 2.016241284367085
1.1171064729091984 2.0331434197275398
1.1626885079838913 2.0335954708168216
1.082965035159062 2.0025589674745587
1.0579668722800117 1.9623775750498083
1.0833164201076462 1.9999815228423286
1.0486433150106056 1.935757174115734
1.0441522886585464 1.919386256448649
1.0495478941086884 1.9290125920710295
1.0863163035876489 1.9953839506350681
1.0962613653396842 2.006216250776594
1.083046629661807 1.9911204434992122
1.0437923046909077 1.907034122682601
1.0432756444381184 1.9008385303279713
1.0823307077284834 1.9871583214163964
1.0768162151579477 1.9786596924402282
1.1391141943022427 2.0264351678243924
1.0647858684033358 1.9581845566808862
1.119639093473954 2.0191854709906867
1.0610753044685457 1.9499762141451809
1.059276906894002 1.945698409945517
1.051168107070067 1.9236636468369797
1.0765796328605526 1.9761218663803701
1.170292449296874 2.007356980192149
1.0556111568180313 1.9340800018266882
1.1000420806014308 2.001716435004169
1.1749140905614373 1.9817447767978256
1.1573455548561402 2.017938511458781
1.1577567019690664 2.01708324823834
1.0933972430358199 1.991145011637909
1.059636031912644 1.935083024885153
1.1325024396198469 2.0168387395327962
1.0844910986565357 1.978212242622836
1.1389827087901683 2.0171278884199753
1.0743392200469741 1.962324840991205
1.0520547805155915 1.9065201160836796
1.0958234673216776 1.9904822153383928
1.1296950630102363 2.0127595320484337
1.1022453413871047 1.995179837839787
1.1505601137976418 2.013372994619436
1.0730608041098808 1.9558489972807835
1.1299367274843723 2.0106067277235153
1.0688795379185068 1.945844129391423
1.0983064489427685 1.988741559778223
1.1262373906547256 2.007588980608301
1.1410411602448052 2.010106446417095
1.148205897414356 2.0095360837386442
1.0557601172978486 1.9012066515802792
1.1039982719568482 1.9903328146967791
1.070921477264224 1.9439926333169784
1.174748747936984 1.969300632163264
1.1693588628451164 1.9939931738405285
1.1448222882765744 2.0074106956745648
1.1505053959597051 2.006410358729264
1.0814769991191349 1.9582518065648873
1.0679727460764754 1.9312478286797317
1.0713638841411222 1.9396706243856918
1.1206862146527155 1.9988730012167129
1.1532152886849343 2.0040046323998575
1.0752730250815312 1.9458793345329797
1.1766682323842912 1.9470851147968273
1.1613915107152966 1.9997605126941773
1.1401546810533842 2.00453205641357
1.1048133157541897 1.9851272589785178
1.1386664570585343 2.003630982623567
1.0720857432303335 1.937320485224133
1.0595425677437524 1.900545584766845
1.093520673763085 1.9715947842564276
1.0950437794222496 1.9728240477265475
1.1634564679482786 1.996191218195559
1.06823073560169 1.9252949559977022
1.107944349308392 1.9854631850244995
1.071775911002242 1.9330091499990998
1.0681105642195634 1.9228716640879444
1.1747760536210374 1.9606392188991872
1.0745883979812854 1.9375901247353076
1.169760732136846 1.9857843719590884
1.1673363053003214 1.9902467188240505
1.170058061675559 1.984625707255562
1.163358240671359 1.9940811638122122
1.1263679517078335 1.995302796292902
1.106835999558895 1.9816414776958917
1.1506394590378128 1.9983692912276314
1.1388557846291605 1.998584107700594
1.0802472144236321 1.9452698782944113
1.112357665804124 1.9849186426596332
1.1084661273473504 1.9818907920546536
1.0950725989520755 1.9677036296024588
1.1344577423321691 1.9960097862946027
1.1343047259925236 1.9958528172231755
1.0704824572651876 1.9217074107954435
1.106072910546884 1.978247447307961
1.157249481632084 1.9948107226951415
1.0659454351569906 1.9071149023621994
1.073647103559169 1.9281772088561657
1.1497336770500826 1.9960057038874313
1.086526829540471 1.9525278172349885
1.1554878024591118 1.994551737340529
1.1769447110779105 1.9333827091416156
1.1556055395144345 1.9940600041344598
1.0764786362336562 1.932707200287531
1.1291256790324635 1.9922707552688381
1.0820988202032067 1.943478770116954
1.1031295695269792 1.9728432828342803
1.0710539176205416 1.9182191309268375
1.1382098315616784 1.993939540412719
1.1569878557041802 1.9922783142965168
1.139916125131242 1.994149830244659
1.1639538736349175 1.987641603662686
1.1303456088276747 1.9910580211608784
1.1335908364534366 1.991061030436953
1.1515119101002047 1.9921896001527868
1.0803114736007016 1.936309904132649
1.1175125573081184 1.982845063874302
1.162026558322803 1.9879763050812005
1.162364077506479 1.9873344333268326
1.133306413374654 1.9901083022376451
1.081646313083534 1.937441319661044
1.1288364385043812 1.9881025238902852
1.0906871630961446 1.9522550208431682
1.081735440964638 1.9366796251574716
1.1746939229321889 1.9505451462618526
1.1095222253523531 1.974437567410612
1.0987231374647202 1.9624880165578542
1.1209109871249434 1.9827977650154707
1.1498416057642966 1.9897195767110454
1.1518223973058295 1.9894319550575934
1.1122954517009007 1.9754192651328522
1.113946552774154 1.9768635719978407
1.1783606539612295 1.9013586156381512
1.0751584042181834 1.9182647145096228
1.128889695657095 1.9855315214826574
1.126293389957337 1.9841161504226423
1.1764583274432208 1.930036199525075
1.1264841461639268 1.9836700355515229
1.0965048017644594 1.9569442279045706
1.1579604157083994 1.9854610763899097
1.1771848620711718 1.9196703116525526
1.084333836091362 1.9362147946365544
1.0721078000466795 1.9054645119194427
1.160730552755734 1.9838177239673638
1.1658607583571703 1.9799015499540271
1.1273206061620302 1.9831300238681921
1.1614171636369275 1.982767664398705
1.0755024107292577 1.9148807793523799
1.159961245449669 1.9838437779176348
1.1538099663439143 1.986047824574925
1.1549709668818533 1.9856991127717414
1.1198121790758888 1.9777124284177625
1.1327554304537812 1.9838574823556798
1.1179417753152865 1.975693695064553
1.1630998242940203 1.9805842152265
1.1643463398591067 1.97892544241818
1.073966621970068 1.9072836765057823
1.1404215537145694 1.9855137205255105
1.157457523339639 1.983258075208605
1.11358273567619 1.9711123832300435
1.1607356858356173 1.9812119330824773
1.1596130668795726 1.9814148026826637
1.1476766482689926 1.9842517197870764
1.1642054718704344 1.9777526946906965
1.075380508948426 1.9078343929586536
1.1634560456177987 1.9782036287124727
1.0946514475592029 1.9480713285493374
1.103720092028921 1.9598911254607878
1.15934264841986 1.9802951438995813
1.0901223330661423 1.940327013529655
1.1367522377502475 1.9823978941287024
1.1649247557127724 1.9763648324209848
1.0741341681501957 1.9020984477651521
1.074129473051397 1.902093464400315
1.0949476742059046 1.947635089470401
1.0740772362245914 1.901807421261012
1.1680043129073423 1.9718959042815454
1.1521864317860233 1.981743641102009
1.1020341168136536 1.9563013325711918
1.170293929224099 1.9660551666539234
1.1629995388937793 1.97650505624586
1.085101842191256 1.927148908435193
1.1617551668440982 1.976846323861672
1.0792508653761457 1.9119379607655689
1.1042003284502178 1.956875166704894
1.1695507601878357 1.966508084870881
1.1685408286574177 1.968982297301682
1.1467813499679815 1.9803456288083903
1.1231581409980198 1.9734858671745088
1.0800833722487808 1.912920697363703
1.0786814640961049 1.9085748790484456
1.0899756907351648 1.9343536035319586
1.1509486960446143 1.9792413951990857
1.0763374199921947 1.9000125734473114
1.1313685611345907 1.9765732403184806
1.0801787245966474 1.9108410238891325
1.1164566930937414 1.966588055989609
1.1613219073353462 1.9746035453253106
1.0810038073023243 1.912003785081747
1.078670039349493 1.904927888536095
1.1164012173768496 1.9658619106139883
1.0917291240050582 1.93526039403433
1.0862058585937666 1.9240864961953899
1.091745200313165 1.9349617556988228
1.1011677562112936 1.9492233739252354
1.1341966128061776 1.9755966507387004
1.119519393782312 1.9677728340264262
1.1762197054598595 1.9182521667504453
1.1514334042262215 1.976750037400019
1.1142866870762207 1.9625214626773118
1.1115936645917237 1.9598495445896738
1.1246298285019618 1.970520826332023
1.1039267451472812 1.9512889416115289
1.1693088758928185 1.9630526386412115
1.1699546985158507 1.9611116113271962
1.098938121899933 1.9443449394011998
1.162080710695734 1.971726900418495
1.0991941015054776 1.9440618820039672
1.1002363553026389 1.9454075640714417
1.1113341617203054 1.9579019925782422
1.0976601153233132 1.941650270681937
1.1199433582671632 1.9658849235097078
1.1551847070689059 1.9745144530219547
1.1572727800547962 1.9735643082718608
1.1308470622175473 1.971923010575151
1.1489308947404488 1.9754768565114955
1.098756714884097 1.9426940927778507
1.1092583054344383 1.9554808295560784
1.1165201940613072 1.9623080939503745
1.0897701888977058 1.9264908278893254
1.0899387453280172 1.9264882629341773
1.1381776525779754 1.9742059641163652
1.1177509310640772 1.9629779668710046
1.1323600256244433 1.9719103770259234
1.1312207108102386 1.9711319646105048
1.0863665332187584 1.9180362535685804
1.1573131855333836 1.9724071627343869
1.1353124544739948 1.9724062837069651
1.1276534263650837 1.9693389330837383
1.126363632632359 1.9681879365891914
1.0911859411040763 1.9273281622380294
1.1101038079617471 1.954329200675305
1.1431551107307418 1.9736864157897995
1.0894051305295716 1.9228637414972471
1.0837516726803997 1.9091691569211948
1.1314083207740118 1.969874936389154
1.103446005775037 1.9457461673841498
1.1338392528961567 1.970397633982318
1.173026562432596 1.9429605323337138
1.102666561783112 1.944698275427829
1.1533466917588426 1.971967264126315
1.0931217947884775 1.9292732320781656
1.1630840912166716 1.9674640059317798
1.1763353830010008 1.9104866986264133
1.0827355945112767 1.9037823142835795
1.0960827197232808 1.9343056921879291
1.1363170754168266 1.9706961456971344
1.118668165507643 1.960274434320444
1.1213577826989316 1.962379795606885
1.1253709651040205 1.9649808340506298
1.1473133242201266 1.97100711579525
1.1382523494217598 1.970147365909889
1.1636309022251876 1.9651759131298587
1.1019582644174408 1.9413802242659972
1.1446006802123496 1.9708808178600685
1.0913932789003309 1.9229565500697938
1.123913324169501 1.963374311094455
1.1162956239483486 1.9568063915830731
1.1601434644873878 1.9671993182334153
1.1222726938885073 1.9618378800865053
1.1634228806205549 1.9646335514047508
1.0912632922251566 1.9212506284731279
1.0871260342162592 1.910808996339572
1.0983854273093807 1.9341409187883079
1.0886141063901387 1.914448649223434
1.1354041915682822 1.9674777187995731
1.1009281148439176 1.9375653645918496
1.0894087180526197 1.9159835800081058
1.1199985635032526 1.9584568602054193
1.0906996272724456 1.9183069473727474
1.0926279578901859 1.922466743336748
1.1231294835475287 1.9606469675889078
1.1166189623548914 1.954669181870706
1.0964508958628472 1.9289624751477201
1.0909954921219676 1.9183237956592663
1.1306385263084258 1.9645453708614433
1.131268341357421 1.9646813759343371
1.085860378592386 1.9039976808491066
1.1469899214163533 1.9675288173992471
1.1607162506649535 1.9637950324619458
1.11563891828513 1.9522519196794372
1.125856183593415 1.9608028043022248
1.0873642670306904 1.9065671362693681
1.0855185740172977 1.9016070614842457
1.1735858527376772 1.931537681379554
1.087161295928538 1.9054523818824947
1.1690625658355296 1.9536298869469984
1.1185601449418814 1.9544594405696125
1.175414478742223 1.9143458678717624
1.1259665350233934 1.9597725289830452
1.102434024514487 1.9353379531007149
1.0930588131525287 1.9188127689336527
1.1002876470338592 1.931562554036707
1.1501858751245806 1.9656796117167648
1.0967710471524668 1.9254893239776623
1.1244911286590142 1.9580571587237725
1.14598285637431 1.965257832994148
1.1303793828656696 1.9610132901941015
1.1754836361437204 1.9115171381927747
1.1705135369891033 1.9470019923262476
1.1117240186486659 1.9449443603993137
1.161618229370927 1.9604100229006154
1.1181549479782422 1.9513970211892853
1.1063090854591977 1.9386053447149618
1.1732561192872875 1.9312898408001553
1.169097535495506 1.950709704044903
1.094808013837731 1.9189900055752582
1.1181723165233106 1.9507725341827402
1.123265169688819 1.9550699550891977
1.1281408336933636 1.9579870354112237
1.1456150607762376 1.963117852272351
1.1740729149836415 1.923505381644007
1.1627470384993408 1.958323017462935
1.1749081950686646 1.915691107450707
1.0921790778858027 1.911016235906689
1.1265672598711076 1.9564479505023409
1.1148460125731614 1.9459862866834667
1.099748129585294 1.9260644170368566
1.1687880075151023 1.9500411224815584
1.1108345514943416 1.9416777296023493
1.1468972952192444 1.9623218236782547
1.0967591920325968 1.920151044806859
1.1679910939091231 1.9514189684083432
1.1045322501709085 1.9329842257833056
1.092804969426004 1.9107090559014686
1.1617896020060523 1.9576371336747445
1.1362595205450365 1.9599499370266218
1.1293574923033873 1.9568495983194731
1.1358228726917787 1.959544208238744
1.1409868795549112 1.960801027845154
1.1352560917874381 1.9583867294630795
1.123045680649986 1.9514598038072966
1.1574638087731504 1.9589595610089496
1.1698161563167546 1.945149687481249
1.1176357103869483 1.9463277505438543
1.131099404357869 1.9556323060530971
1.0964199829213124 1.915131131959973
1.0948156640258926 1.9112527519512559
1.1302920273813262 1.9548100172233198
1.1711764062383232 1.9390132532910884
1.1037101949816326 1.9275799376946714
1.1633695484286846 1.953906206034791
1.1005465625303184 1.9224031080538568
1.1348040790193066 1.9564555862674493
1.1507927522457129 1.9588869520567322
1.174107251110414 1.9179441631070675
1.0944664387905332 1.909250292040723
1.0990944113018002 1.919209861775414
1.1711451794842143 1.9383465015889205
1.0949635030291147 1.9100405095920172
1.0939268377027056 1.9073530078181096
1.1352043936204916 1.9556714975300757
1.131713440200293 1.9541395022712553
1.1005922493517721 1.9207304808689756
1.1179876435021876 1.9439968302975454
1.1284233186277657 1.952005395351678
1.1636068829531079 1.952061534992671
1.1192925931658122 1.944790562225799
1.118008308549058 1.94349859041832
1.168778780965873 1.9451076404398322
1.1151894766713715 1.940360074618381
1.1233127140883228 1.947842719434011
1.0999328212447212 1.9186542160066429
1.1567373733688084 1.9556921977789745
1.1244180904757248 1.9487181719799607
1.1271805724435429 1.950391099008148
1.1193201685193108 1.943865974312013
1.1183703509129386 1.9429932145000501
1.1196735786971916 1.9438902719522726
1.1754347102957112 1.9006923665767466
1.1660544697341972 1.948296469403113
1.0939912703463777 1.9031624908867095
1.0978087778659273 1.9121177465087908
1.109825055187591 1.9320953058844423
1.1067383919890341 1.927898446214493
1.1427081811227768 1.9559673707040408
1.1651906069320035 1.9489531773924451
1.1575303572632445 1.9539897656397993
1.1085972722032837 1.9297123542124357
1.1662277259520388 1.9475178056530627
1.107537616226728 1.9278595251472634
1.1007332218186088 1.9173237183377194
1.1045593348432203 1.9232458190799349
1.1063995387358727 1.9257982092319004
1.1118741097640814 1.932492689184974
1.0956496660140567 1.9043216878592946
1.1514172672259309 1.9542684134446344
1.1671488733168618 1.9450882426010005
1.1151134671889913 1.9364735573361065
1.139169192547267 1.953385524484897
1.1149393515595436 1.9358697382244574
1.1721407091155944 1.9279139506973437
1.171235237951437 1.9326795324302528
1.1005018206083217 1.9142189179177214
1.102771172342983 1.918537688637858
1.10556382519117 1.9230677229054411
1.117613246034398 1.9389223470975214
1.1238540559013925 1.9447880345264503
1.174659664426511 1.9059958860877544
1.0994771822579414 1.9116431052693417
1.1053658104823771 1.9221087854684762
1.1182754239534638 1.9394695811387295
1.1625856440824505 1.94897549625375
1.115364393653229 1.9355134257951085
1.1044232606413227 1.9202264397955535
1.102179917985235 1.9160835389666633
1.1547816301201435 1.952071039585592
1.1451796036501363 1.9526390659344395
1.1746285117488016 1.904706821484875
1.1722704962729364 1.925502882938969
1.1619413872050808 1.9483527145877728
1.1243506755864299 1.9435689544974906
1.1140222350443187 1.9321875444309387
1.1108867007656384 1.9280986653849823
1.130988708514192 1.947249241100077
1.140865315808812 1.9513978558823897
1.1129395922851084 1.9303942959926168
1.1369288237719575 1.949873806075603
1.1525138596525608 1.9511745954413386
1.1140022153584803 1.9315249723144667
1.1019758817324683 1.9139086931053473
1.1232379827518713 1.9420946825143954
1.1153882602430594 1.9331041841596426
1.1704588014046884 1.9336811376145835
1.1098329912778306 1.9262538656261534
1.1455831790810922 1.9512218005143853
1.1040248757923856 1.9171414590349052
1.111498805412153 1.9276551162283762
1.125187939986658 1.9426627682622342
1.128185855552971 1.9448958556786515
1.149769950891761 1.950901594968448
1.1470869172954743 1.9508634981892325
1.1491299272632742 1.950871357557089
1.1322679373834734 1.9468435147545051
1.1517017672127534 1.9505639019763918
1.1336419356198049 1.947086759159632
1.141043703297399 1.9501842004646426
1.1132912405631106 1.9292142005303887
1.1334230550352193 1.946697216262675
1.1302667027490283 1.9451415451181169
1.099279629244827 1.9050963787267614
1.0989536686300263 1.9043386328657568
1.1209365181439246 1.9379494176804535
1.1078381955217558 1.9209672862570455
1.1264569344315718 1.9422177305250328
1.0986050829741578 1.9030274870533268
1.162345439094427 1.9455219235346988
1.1164354322488872 1.9318278012532786
1.1027215404383706 1.9115376933093569
1.1235370697905893 1.9398746671189895
1.0995716180357293 1.9047090877179171
1.1205906906261192 1.9368755453090836
1.1510785124594591 1.9491543293239946
1.1609771306349606 1.9457604122986576
1.1590939596964782 1.9466975675882914
1.167401618164529 1.939729587460143
1.1745419947743332 1.9018696280469987
1.1394296753702404 1.9484627565134545
1.1354263676455645 1.9463142820816675
1.1558967324425091 1.947863243785998
1.1424508319913682 1.9487368789027002
1.1542909585824401 1.9481946296550052
1.103030505308357 1.910514443049403
1.1235662761790448 1.9387821988693266
1.1011861516530475 1.906888728148395
1.1021288991230942 1.9085413266493971
1.1120772628741291 1.9247661190316094
1.1326129136279748 1.9443267027286422
1.1499770088720238 1.9480482415401306
1.1470166747021078 1.9480580224305029
1.1458413889202639 1.948233358889617
1.1552065704878103 1.9475556213074066
1.161203504020624 1.9445933694925446
1.1496147762672686 1.9479996033077716
1.1672144398364437 1.9387450446842691
1.1003977416668362 1.9038434049179283
1.1575926897382935 1.9462635856432877
1.1703135211611582 1.9300852503876562
1.1118152616496975 1.9236538379855972
1.1088273714366235 1.919519323497373
1.103862618462297 1.910572780108513
1.1396929106600087 1.9470487934813212
1.1048971448168312 1.912418379433776
1.1046592101666328 1.9118381513319087
1.1012295706122825 1.904731387126156
1.1000900911655054 1.9024280410994014
1.1135420310948605 1.9257140933958272
1.14644910032506 1.9472925326627615
1.1319270412657452 1.9429166790344157
1.1364672584187332 1.9451108691351273
1.1519116709343182 1.946815582491672
1.1744169708314258 1.9001787524432658
1.116657497323249 1.928944948177155
1.102077377782466 1.9058397214091127
1.102140381702947 1.905865025866435
1.1385224131559817 1.945684083153086
1.1247184339124168 1.9375842602006224
1.1526394739881671 1.946241782007385
1.149866186782691 1.9465956660546195
1.1499868113028666 1.9465057213536725
1.1431542900500107 1.946294758492956
1.121009498043831 1.933451127930997
1.1111458199560211 1.9205410922267443
1.125707211874808 1.9373852126695776
1.168794484237647 1.9332906764119813
1.1045859123611559 1.9090137488839871
1.124410301618835 1.9361112185715876
1.1180292007347667 1.9289343334815985
1.1377786531952128 1.9440405278039983
1.1556509969459239 1.9447752444028907
1.108236241863712 1.9152179614576335
1.1062546991812579 1.9114446936593663
1.1690966342746856 1.9316894112645822
1.127064905710304 1.9374907026595811
1.1148136389588887 1.9242179134552078
1.1502263582047947 1.9449771064006403
1.1030681278345047 1.9044698473393262
1.1081720128571753 1.9144067390358777
1.1677675414648632 1.9343131435067469
1.1531824228265184 1.9442502504467987
1.115399135961572 1.924601305208018
1.1623344612124493 1.940495971874161
1.1274650825207297 1.9371697292137693
1.139625955151292 1.9437551310514893
1.1405953016092039 1.9439020010190513
1.165644987946191 1.9373765722315497
1.1437978797676558 1.9444910125810138
1.1383740855698514 1.9430380033971033
1.155227729550433 1.9438219343836942
1.163024629000424 1.9397420474098632
1.1144038797532516 1.9222989110911421
1.1259013827868698 1.9351214208640117
1.1404028827734982 1.943642616831205
1.157527052957991 1.9424263608119203
1.131539626871982 1.939179927627232
1.1380259920367113 1.942397590462873
1.153696740833183 1.9433968160175608
1.1711016089686053 1.9221275988306812
1.1691218479396437 1.929941304217433
1.1731212173583516 1.908867237521545
1.1509988090973566 1.9434608960295212
1.114283420476609 1.9211417372614703
1.1234277485250383 1.9322130770481503
1.1424737950606263 1.9432583390672733
1.165258523445875 1.9365190931826808
1.112053180771885 1.9178504307606563
1.115335350250069 1.9223084327890025
1.1296396836399745 1.9370278680131687
1.1619591606917745 1.9394979255799982
1.137133425846096 1.9410965039543067
1.1158641613513038 1.9228673081455145
1.1372473575972424 1.9410945381940374
1.1729456213303513 1.9091074769494762
1.1528227117798229 1.9424569636013178
1.126202202789391 1.9338958553141021
1.1581481087050023 1.9411510872131987
1.1365118982177176 1.9406752938221905
1.140042571252521 1.9421761047133634
1.1680988440891769 1.931355208729396
1.1120222413518421 1.9171397522761444
1.1696251125089778 1.9274224840677077
1.1035473894520302 1.9013769032202708
1.136350014850165 1.9401080497971521
1.1532496828746885 1.9419286717507125
1.1681483193525397 1.930713151072149
1.1593025681528417 1.939992484496341
1.1168619740409733 1.923138329950806
1.1299300325425046 1.9359365166050304
1.1410175303495256 1.9417232629177157
1.1094727786172778 1.9119027639646609
1.123894437346747 1.930603832501453
1.1449623059945029 1.9416199149400029
1.1496480881075903 1.941799497478004
1.1515548086451528 1.9415727737879718
1.124565328318323 1.930636597054278
1.1368032059442135 1.9392038386572463
1.116942725501791 1.9217646139185827
1.1371166384466398 1.9390943465624801
1.1624319318761398 1.936737092200145
1.138641655522118 1.9399738537893412
1.159669277022528 1.9385156061333344
1.1538392987143906 1.9407825260372327
1.1672283034900934 1.930964177318906
1.1588714281060208 1.9387603094756103
1.106283382597881 1.9040946058872705
1.129090476332844 1.933743050122137
1.1108700234111617 1.9117287379652481
1.127373753410794 1.932043699969102
1.1600495993057445 1.937760795890407
1.1369953554316012 1.9380590765816863
1.1693762997570127 1.925860783489116
1.1626530755194793 1.9356783029537519
1.1079012496837926 1.9060725885374479
1.173002766102585 1.9047718993505967
1.1595589670169424 1.9374363428705148
1.1210103425156777 1.9255234381057083
1.160928862183781 1.9366037243415863
1.1241053896397508 1.928320017645093
1.156175126093369 1.9389908159125966
1.1430342247499954 1.9396988673843625
1.14791027310025 1.940028777299547
1.1332876541007884 1.9348575711749847
1.1453099395297583 1.9396256971272046
1.128099205909705 1.9315010284673702
1.1679157343706388 1.9281556296928355
1.1128657899736192 1.9136837303987622
1.1461175279264126 1.9395234225859959
1.1597838974463335 1.9367385462482134
1.1310102576797123 1.933033824996542
1.1332558879315104 1.9343260171266026
1.1477729531296033 1.9394405658169964
1.1367612013495836 1.9365863544694497
1.1585827925160876 1.937108981075315
1.1080195404253892 1.9044879520078666
1.1096028913887699 1.9075980409307944
1.1439113961083403 1.9391948029108423
1.1495406011826639 1.9391218664678203
1.1644073440629046 1.9322636023182076
1.107317319224707 1.9025626126207082
1.1410491878450648 1.9379575220049192
1.1424852971493231 1.9382650204399978
1.1674115869608301 1.9282681753625037
1.1426983386347418 1.9382844698885817
1.1542416992860576 1.9374815744262868
1.1527995226984395 1.9373557864875979
1.1291594378664536 1.9302057930787204
1.1339372758728934 1.9330422958199682
1.1666898788114277 1.9286663348945292
1.1552425087549734 1.9373117524640509
1.150909350424959 1.9374688442040195
1.1479482520251374 1.937677253811957
1.1087032109961215 1.903270197117573
1.128174469247077 1.9290252839714417
1.1505415238509815 1.9367971873754528
1.145382644706123 1.9366817312998317
1.1593873217789676 1.9342450879900586
1.1704577523667554 1.9180374478714854
1.1163499122300096 1.9153236034221799
1.1280327515354 1.9284592340209068
1.130015503266581 1.9295206641923133
1.1200092793300689 1.9202517790118323
1.1588782299759623 1.9342742404282984
1.1439083283365523 1.936526897741846
1.1098008407572915 1.9039639143754081
1.1571656679282387 1.9350535459136675
1.1299627013630984 1.9291085739972422
1.1423441326249568 1.9359218735429908
1.1569684512899905 1.9350367438745788
1.1516711458130446 1.936222307429277
1.1245154494391196 1.9249191507453949
1.1488018605194972 1.9364101150940143
1.1432233065505604 1.9358501369014744
1.159724424848626 1.9334865178800473
1.1542696880500043 1.9356612538903604
1.1196467041015858 1.918826941134887
1.1719563458146869 1.908478935860326
1.1434983470984676 1.9357256559360683
1.109582863135945 1.9022810605536866
1.1229887666321305 1.9224553673249145
1.1686951074429859 1.922875097668472
1.1543682347366624 1.9348321597072795
1.1231421903447107 1.9223765857587072
1.1206816855184991 1.9187929985824996
1.1542467910151633 1.9341758362611436
1.1623928953207976 1.929840203524944
1.1397355783709588 1.9330168216688757
1.1602545904016435 1.9312998372845394
1.1520468743631649 1.9339474396091956
1.1589979975265459 1.9315064068691545
1.114672505644274 1.9087524415683026
1.112325603928481 1.9042035257395846
1.1541493666872906 1.9330662789754318
1.1432882642034838 1.9331966279688897
1.1206708486644803 1.9175522936465088
1.1545045086728178 1.9329235898900363
1.1241277257619802 1.920675404587003
1.112751238691617 1.9036944127313755
1.1255496812830863 1.9215861869152375
1.1390264531484449 1.9309534835688864
1.1586684873815445 1.9303424201915969
1.1401564188817912 1.931277365207841
1.1705826609626513 1.9126502327827895
1.1245208095347123 1.9203877156833828
1.1688787029365246 1.9189979258329584
1.1135618976240338 1.904395213243126
1.1411508849228802 1.9311814297967553
1.122497096683332 1.9181448505561138
1.1250234437048856 1.920341061630651
1.1249714807854045 1.9202410960993732
1.1671897217267948 1.9221097537806504
1.1154648969513212 1.9073901134111908
1.1369320062575259 1.928501613553789
1.1254029388053532 1.9203070400521534
1.1295926869716728 1.9240093089136714
1.1247944984826408 1.919689290847629
1.1244070791314715 1.9193883531702327
1.1424257246321032 1.930667123791722
1.1529594194030983 1.9309150163659583
1.1168956150998601 1.9088787273103036
1.145963962832279 1.9309930804550546
1.131584209892697 1.9250877908672968
1.141906004007195 1.9302487206259715
1.1449664347102713 1.9306461615212607
1.1304271199116038 1.9241804403761966
1.126230091201698 1.920240870005749
1.1699736271493304 1.9134983607426441
1.152068364133911 1.930333114939122
1.1721193453516587 1.9018290175305013
1.1514904376279445 1.9303254027245005
1.1459102052247763 1.9302334209521448
1.1150734629993202 1.9042643397258683
1.1464306222491893 1.9298232696323951
1.1702655881647503 1.9117165703771937
1.119254403186246 1.9107576651567746
1.1719137486534454 1.9023540746268428
1.1200620177235068 1.9118838652633978
1.132854636339596 1.9246570202315472
1.11552458752908 1.9046145800540153
1.1169249631889269 1.907129828419595
1.1673594634623765 1.919914222659319
1.1184262370902047 1.9095014838096294
1.1152410323430941 1.9035408039552424
1.1159222920574479 1.9047417882535638
1.1627920759540913 1.9252253997926516
1.1175779238287629 1.907867468602367
1.1318955690183548 1.9234306064314497
1.1666270201856326 1.9206623499251445
1.1589930918796347 1.927184190019018
1.166090020990352 1.9212898161931873
1.1386904165145395 1.9274314748109393
1.1665174388063009 1.9204584851908926
1.1672126296534235 1.9194354857898903
1.1482251515354756 1.9291500006487963
1.1479290769714665 1.929052467962993
1.13868568193788 1.9272940986214475
1.1426761719798049 1.9283447795208581
1.1254170341266325 1.9175999169574045
1.1636226541601302 1.9237228049398953
1.154477329937916 1.9285974419574794
1.1394806437567442 1.927585839130927
1.1353526230860254 1.924853902203835
1.1506035360791649 1.9283404161788884
1.1195904075651462 1.9093547219405955
1.127655180676166 1.9191068418199542
1.1367323205059094 1.925605346938296
1.1322957750619311 1.9226596237056688
1.1711031689957814 1.9049597060368673
1.137846574662998 1.9259713825825673
1.14416307239247 1.9280011829497736
1.120357610262478 1.9100125979240534
1.1590082040761298 1.9259498146408727
1.127455108172714 1.918540055182996
1.1250287526058438 1.9156484036310208
1.1271414297857971 1.91797774600262
1.168072019934448 1.9165102546735275
1.1298383523137467 1.9197407307869916
1.1211380585140522 1.910411981413171
1.1300490936162024 1.919591271804842
1.1629237580833145 1.922828930523388
1.1187290168912989 1.9066462862521427
1.166716135266966 1.9183736721902713
1.1250564129731433 1.914501146094484
1.1563281261367393 1.9263257244322198
1.119647507762712 1.9075301424408917
1.1210982046606615 1.9094151553149463
1.1447177409501916 1.926819336163326
1.119597634351057 1.9071578436963372
1.12706812351623 1.9164197316330018
1.1329774039416012 1.9208624128847136
1.1324017128968467 1.9207322952372226
1.127380316483603 1.9169132508639435
1.1471192964141128 1.9264401208187079
1.1261760624274364 1.9149308908561704
1.1664803917069861 1.9180503145184455
1.1667162071775299 1.9177924777461122
1.1465413460103455 1.9261621557675541
1.1685151827294344 1.9140694414743864
1.1488494538042002 1.9266222728255777
1.1328541968659211 1.9201564171467531
1.1241458202225245 1.912119742616662
1.1484896561582634 1.9265300149259041
1.1253640521692712 1.9139309537290488
1.124035298225618 1.9120091017729708
1.1631494628728185 1.9213700973743886
1.1451854380945925 1.9257322618478783
1.1469393536048946 1.9258143410012525
1.1615343343038906 1.9221656510942564
1.1569894666877543 1.925001621097343
1.156882010099165 1.9249303676864125
1.1628158174641279 1.9211486740462487
1.1448253565472897 1.9254265876211003
1.1674569944807462 1.915349431562228
1.129898587128398 1.9175503386887736
1.1475032854218858 1.9253635204963777
1.1661268804914595 1.9176920595793374
1.1345897351363803 1.9201607381959442
1.1448643762489452 1.924926570689809
1.1334211937704153 1.9194110689312267
1.1456171565398852 1.9244326084363998
1.1245508132531792 1.9107478743562736
1.1669265222308551 1.9152726064997165
1.1702435218017915 1.9053145112026955
1.153376365246897 1.924310696505329
1.1456835360734958 1.9242502513294852
1.148389270706465 1.924695263970302
1.123944978085241 1.9097755201778643
1.129038162283739 1.9152766970712067
1.1337030080329642 1.9187066851049392
1.1529340907353693 1.9238459091163123
1.1342988082389005 1.9188131006428704
1.1235433676416802 1.9088202089130382
1.1645806518232138 1.9178666056802693
1.1404141643917074 1.9227143408960183
1.1601405833434184 1.9212320903722304
1.1566691961064592 1.9231868529230345
1.1372731686341329 1.9205233787244027
1.1558679976199169 1.9232930244136959
1.164011044955624 1.9179567503592097
1.1483102214610708 1.9238513836958815
1.1254918209491167 1.910436626181331
1.1369753757931764 1.9200284747741074
1.1573084619565994 1.9224242773355669
1.1229956491998443 1.9075940048474895
1.1388305731025543 1.921288169758592
1.1431205473170203 1.9229852141509143
1.155345929288596 1.9230481178549257
1.1260919718724183 1.9105907885720277
1.1326441785394634 1.917235816649248
1.146632238108191 1.92303309763228
1.1217918771156357 1.9053865658906362
1.1327175761188717 1.91700893814606
1.1512121573062462 1.9231751793430967
1.1655119026413805 1.9162036206729782
1.1447049859809926 1.9228348836983922
1.1620613748405788 1.9189813038816539
1.1669955705579964 1.9133274366417699
1.129278288721123 1.9138733886033614
1.1431011735867653 1.9222480472697294
1.1229651498970263 1.9064775500865938
1.144488389773495 1.9222604461089319
1.148456757595098 1.9229584008477132
1.1504977284933218 1.9223367883236995
1.155310154973732 1.9221525048655208
1.166518580849613 1.9136762493712987
1.156337491294463 1.9215277783358298
1.1617651751533873 1.918852923271612
1.1296741111281519 1.913184018593442
1.1376530979471886 1.9193652836454684
1.1554439731190085 1.9216084858830558
1.1289238603027227 1.9124512168566703
1.1388924934791849 1.9196698613339294
1.1279759079944256 1.9109202376305239
1.1679098285330547 1.9099698707704618
1.1437524354610005 1.921162148569636
1.129450212526565 1.9122817219955024
1.1320217294443153 1.9145046917249369
1.1227885318035078 1.9044881965466065
1.1342768942788999 1.9156668242873467
1.1508558756145046 1.921009410020128
1.1236736079257739 1.9050091623954983
1.1659565048534484 1.9133794616800963
1.1367995209296748 1.9176000132131328
1.1698683288890495 1.902896690312645
1.146213627485969 1.920607832111424
1.162837197044685 1.9167500185241826
1.1352040560076726 1.9157480282461343
1.1245409571796439 1.9055933092488537
1.1571984446538652 1.9196578656692163
1.1210509027480478 1.901151802367982
1.137196357491392 1.9173138037090405
1.162116475525354 1.9166434976622335
1.1429132386293108 1.9197104924404604
1.1370632958467 1.917045278098648
1.1231925357157968 1.9031760359675358
1.125423564371686 1.906303688251254
1.1261984941981653 1.9067281235096576
1.125418047234086 1.90624685125003
1.1510520450582473 1.9198596657628855
1.1359654635359757 1.9154576492194995
1.1606218295399608 1.917407098406215
1.1286145550154292 1.9092091867087877
1.1549829065422328 1.919492373741265
1.1679479519235312 1.9080677174312475
1.1236510213652193 1.9028319343050082
1.1286758810643789 1.90899732831481
1.1579415455688775 1.9180805915739843
1.1358118440196383 1.914555255191688
1.124227254249026 1.9034149511052074
1.1326254258771782 1.9119433804884969
1.1226237396050553 1.9016670245850373
1.1476532535488522 1.9190938975818794
1.1569615158689763 1.9182959009707685
1.1226020574194593 1.9014330644275645
1.163211989638603 1.9140339309553627
1.1257664045665894 1.9042819673410945
1.1684295459809952 1.9058856423143522
1.1564645409413583 1.9180530379158132
1.1684890480635661 1.9056335304117693
1.143481295634192 1.918092898108752
1.1628702699099034 1.9137312469732861
1.1339183970657205 1.911758934667366
1.1353299049916914 1.9130451605161136
1.1311130693085543 1.9094985267823326
1.1463928927507523 1.9180037465695479
1.1510623373452136 1.9182311790531208
1.162151448304908 1.9140623332790032
1.1405715630825701 1.9169118654518535
1.127799810729231 1.9063855873627447
1.1679784288918404 1.9062516655847774
1.1346927150166244 1.911782392304698
1.1649020757359596 1.9107865574906084
1.139734176357206 1.9159081893441259
1.1585050140540378 1.9160362129407789
1.1676759851119385 1.906397865351862
1.1420150441039083 1.9163119782998481
1.16290375370013 1.9126397055091002
1.1282676799446962 1.9059430375729598
1.1526471721687037 1.917117035032009
1.1248551147490817 1.9020729354861288
1.128484828786691 1.9063978667876345
1.1296855282563765 1.907388131855008
1.128308911065398 1.905830739660588
1.1692362060345747 1.9017906737790624
1.128263907759914 1.9050420525159455
1.162813654511151 1.9121737290393035
1.155924041961678 1.9167422454482983
1.1291393687336673 1.906394700250837
1.1427165897739966 1.9160372584330303
1.1663887851293087 1.9081025688448536
1.162888433324487 1.911729745792539
1.1538557194009114 1.9166709051203261
1.125520188199021 1.9019981904850265
1.1443732142236378 1.9161041603853937
1.1684532482030854 1.9035112607620515
1.1387305227352718 1.9136569275085131
1.1580934549000204 1.914820035013175
1.1296746759370793 1.9062931437639776
1.1647250423380229 1.9096652502106093
1.160149524824818 1.913973436978795
1.1440396346193058 1.916063488920655
1.1365657161808744 1.9117732276377486
1.136888818045616 1.9117858390912386
1.1491243918918732 1.9164609137613726
1.1528667833670687 1.9160686565311758
1.1626664594414098 1.9114166916069466
1.1407431246483655 1.9146070963011843
1.1585982954132759 1.9143108886727382
1.1388075970329752 1.9133785516870836
1.1600885682797633 1.9134868155959286
1.164881073753885 1.9091723371714224
1.1599303565183834 1.9136714404692812
1.1366991345060362 1.9114274676032112
1.1521956928870827 1.9155749626615917
1.1295400998815521 1.9051875083579426
1.1670618685688274 1.9055423164025242
1.1434667849332516 1.9149801306788494
1.1603465764644312 1.9129100193026962
1.1663355795566364 1.9070443560101866
1.1435315204337044 1.9149109683726857
1.1346382255695466 1.9089390574177687
1.1687524034641676 1.9017573234500291
1.134671542297567 1.9090102880906543
1.1586052186964884 1.9133290553905027
1.167513995592595 1.903969629909783
1.1333931689069372 1.9078199444379207
1.1294108848408435 1.9041098784835853
1.139629427107289 1.9128543892495506
1.1487986644195238 1.9150998191626738
1.1262851356845336 1.9003201908922602
1.1511546491264706 1.9148817401696308
1.1590688978417325 1.9126198911936438
1.145936967526926 1.9145356364174846
1.1379812072644506 1.9113361268974296
1.1600622799307767 1.9122419585900268
1.1615088955036852 1.9108983231494738
1.1428435108237984 1.9139516922805022
1.154813828098804 1.914702690868818
1.142777362440863 1.9135159665539512
1.1377421975720188 1.910799588156437
1.1424458625937548 1.9133533073097155
1.1563260202684518 1.9139219567403516
1.1328515108433663 1.9069132296923252
1.1566638052235392 1.9138959680748209
1.1580391458822172 1.9129454930567178
1.1441301008392193 1.9135823067949946
1.1352147536981072 1.9083571363134872
1.1462157183940638 1.9137037786942372
1.1459246645758132 1.913504507660298
1.150281696436637 1.9137898670237898
1.132649624456315 1.9059958770076326
1.1672497961207795 1.9031853247730868
1.1470689483706624 1.9133195260682911
1.1332573402951243 1.906290482325609
1.1514537628685035 1.9137428868626778
1.1624913316353922 1.9093683097389758
1.1475488658668616 1.9133723858133287
1.1507211992703472 1.913340319971557
1.1559735215297502 1.9130946300937923
1.151562441547914 1.9132762542552597
1.1617241658608708 1.9095187971173873
1.1324677943061037 1.9052189609099586
1.1408344122396883 1.9113694836589799
1.1436330093726585 1.9124852133575219
1.1612833595318457 1.9096454892271344
1.1449960918210886 1.912079737301275
1.1390340192208037 1.9101671287057793
1.1591066478903573 1.9105004210743801
1.1449142666531806 1.9118567990411754
1.1647040973643124 1.9059934609717613
1.1414938674930062 1.9107565642049569
1.1559116072455182 1.9118897744024088
1.1367048029965323 1.9081596726692567
1.145399049572152 1.9115507012044453
1.1451575643117275 1.9115442883121323
1.1643272697513767 1.9058634665632324
1.1478766264991636 1.9120682481464297
1.1565396842644229 1.9116319982117718
1.149028245072581 1.9123346153224356
1.163830801113957 1.9062391466325603
1.1293036549354392 1.901078463350732
1.1329686077076795 1.9038776248777423
1.1573042706382521 1.9109489488721567
1.1288931771407642 1.9002435507118545
1.1632332328469581 1.9072106011540806
1.1351865764394409 1.9056712347911544
1.154348356358744 1.9114991774413563
1.1448078840203584 1.9109236333605428
1.165782317410768 1.903651075577789
1.1323548244639927 1.9030051717607328
1.1587557333652232 1.909432151347698
1.1496717440327529 1.9111539686631966
1.1453465825055802 1.9105211765034795
1.1652263959235998 1.9039763857821195
1.1446194950036386 1.9102120532808329
1.1549677923675519 1.9109065433713273
1.1432119068953717 1.9098532579191942
1.1368739108278068 1.9061867232225571
1.136677039986513 1.9061909515664575
1.1346421295648954 1.903532268116618
1.1375545663224165 1.9067118037879993
1.1515532330086928 1.9102722032128912
1.1371977938696751 1.9060889851790643
1.152304113098754 1.910006324233978
1.1526721630502077 1.9097168368376631
1.166747270905153 1.900825715803264
1.1617877848432352 1.9066174659045287
1.1630246292830686 1.9050034992070783
1.163723741989966 1.9041934720482194
1.1474221267694789 1.9096724656636022
1.1502850253825405 1.9097137453741093
1.1625089451085242 1.9055141984878816
1.1434458602893636 1.9089185408033034
1.1608296214416138 1.9069341987824318
1.1563435355296539 1.909219241029624
1.1544654852669531 1.9095253786149111
1.1344376326553887 1.9022459537381506
1.1655055775567928 1.90220330250339
1.1383587118421818 1.9056120056911114
1.1359917516356828 1.903369630795762
1.162882269368959 1.9044451737643482
1.136831512603022 1.9038447005659702
1.1515332597332275 1.9088500148978604
1.1552093176187312 1.9088359489821407
1.1432104081908068 1.907773101779259
1.1577421369398604 1.907522708941383
1.137499515192114 1.9044114062206783
1.1652441010410455 1.9017571028601576
1.1462140535393526 1.9082031346754964
1.1427866576305767 1.9074167312574906
1.1437420198257617 1.9078475904412584
1.1649151222796124 1.9016191028433092
1.1527137309793958 1.9080908823308633
1.136371148808636 1.902539240088961
1.1543540463739055 1.9081613321859963
1.1433907092431563 1.9071665346611664
1.1527328943300883 1.9076387768382648
1.1622227622578343 1.9035657411364169
1.159669590138038 1.905341633006682
1.1426413262204045 1.9062281600103534
1.164913966104244 1.9006342799857816
1.1539822347128657 1.9073250960487917
1.140116511343312 1.9047582802074599
1.1490172803278673 1.9076567853050665
1.1612938094058132 1.9035768026543505
1.1427738792596631 1.9053947798607263
1.1511084446586701 1.9071189464303302
1.1383065961300807 1.9027983730402749
1.1554813882201915 1.9066463546207906
1.1572916930614736 1.9058963596779654
1.1407589088048735 1.9045107249492945
1.1408080762574242 1.904426076390086
1.156873705864986 1.9057990532423588
1.1465017059655032 1.905767040962651
1.1406870382553957 1.9041172829568644
1.1362263309447969 1.9006183916835695
1.1504421654286454 1.9061756265486143
1.1555863819224603 1.9062554076623914
1.156113786358092 1.905746222644594
1.1593277019166832 1.903952537648142
1.1563538419966337 1.9055811468650623
1.1629710052185023 1.9017780493682621
1.1427813795531048 1.9043087345494973
1.1418747906943751 1.9035643952591412
1.1475259591709956 1.905022972053685
1.1367382318596753 1.9001938970354824
1.1595767216428838 1.9033218149229842
1.1440958044482428 1.9046288714455457
1.1502412611424835 1.9052079152760504
1.1629668393731059 1.9008568904177607
1.1581987633703328 1.903839529592114
1.145948959705314 1.9045092154202892
1.1624501627340091 1.9014669227174532
1.1506951597750208 1.9047278983958447
1.1450787135882237 1.903886604606094
1.156216966989306 1.9045157289230554
1.1394485211589953 1.9022206282197343
1.1377313653439203 1.900189837246656
1.1623448172949686 1.9007100232817657
1.1559156505602857 1.9041939845701785
1.1594322548965894 1.9022798391759204
1.1555308969675389 1.9040639612687662
1.1387372300543785 1.9009357572813792
1.1512129984487456 1.904093375260991
1.1499297378148052 1.903894099188239
1.159320450331536 1.902146721002878
1.1491790296450863 1.9038760078649248
1.151754652488673 1.9038705742608426
1.1568665198923724 1.9028394407121396
1.1527899220010782 1.9030992344181268
1.1438938029794068 1.9025322894738823
1.1404162486582463 1.901545850161268
1.1401541539519706 1.9011883617767618
1.159202784806414 1.9018333559214593
1.1561611033458363 1.9029123524610658
1.1466185301563243 1.902525005861303
1.1553946594933688 1.9029354534508907
1.139804057716152 1.9004907454356696
1.1497657380260533 1.9026644270114594
1.1500207706537549 1.9025642011202775
1.1586565786857055 1.9014795413502823
1.143960303245816 1.9021095832341222
1.1508688451175222 1.9024951272694375
1.149743279825017 1.902454664063166
1.143232581036042 1.9010380717353943
1.158881553846505 1.9004187117432636
1.1573883597466765 1.9012664846077232
1.1498564650144567 1.9018419253284917
1.1557830628400372 1.9016494143650489
1.1563053636151033 1.9015981460680962
1.1571799161710146 1.9008700741413647
1.1570969015533554 1.9009835623213296
1.143604252219243 1.9001150375228635
1.1473120738613212 1.900546262392546
1.1543872301362028 1.9011343466645176
1.1563138266998654 1.9000981502136716
1.1565468590201111 1.9000193272775647
1.1534936184275077 1.9004502137566
1.155864129005669 1.9000561236083802
1.155717980284661 1.900063153785235
