mlo mup
1.0930971392377904 2.0953454873531148
1.0099080413711563 1.9597591322669707
1.0016854653684848 1.9148081852715384
1.0580165944216282 2.0339363203474643
1.0450040627770802 2.0098796145205062
1.0709105630393008 2.0457614147131364
1.1219485134981526 2.0789027729496397
1.0692762688658581 2.033607003044033
1.1198486103727314 2.074941003625727
1.0681243618956935 2.0195795913911274
1.091101062211794 2.042746618125082
1.1530855668154607 2.0578309546279616
1.1555459239466932 2.054345629473486
1.0426144317980244 1.9554419296064998
1.0369598412776337 1.9405255037930988
1.0779893254207085 2.0064266135787587
1.1338167356651505 2.046405228091914
1.1335965994808503 2.042828836970962
1.0331727182588242 1.9025035983482772
1.037438969993689 1.9142774474878759
1.0432228079551096 1.9321003667127548
1.0851995992521695 2.004306907200379
1.0882849693035075 2.005802237921147
1.1051934847429585 2.0196921143970745
1.0471013596439538 1.9319089955337512
1.047487973116083 1.93047979042244
1.0975026992906105 2.0107653862543273
1.0407935294715749 1.9030373441322224
1.0599948106541606 1.956300304815398
1.070828303178465 1.974700627482272
1.1442419288155883 2.0295439342453236
1.0535304326900825 1.9380411082238012
1.057472366055807 1.94695456402398
1.0703780931090345 1.9704278570771034
1.0793691291147052 1.9830171939312478
1.0668742018547213 1.9623801612644571
1.1735119260588383 1.9954655998444693
1.0494517376077457 1.9193810524937913
1.1732846141079594 1.9960042782549734
1.1110134381408718 2.0121990651359085
1.1169589424376063 2.0159442349789742
1.1466998553127068 2.021522819740035
1.1801617346176898 1.9150733520788006
1.1291609765957833 2.0184769339714776
1.1791141114138088 1.9327494438199249
1.1525718184776277 2.0193138650725304
1.1783553132790014 1.9447162059981933
1.065226669921024 1.9498231662492085
1.072553965606676 1.9635640023576912
1.0577894941424955 1.932542633415462
1.1668024586379933 2.0102150032679766
1.098943044761551 1.9974852950671786
1.1415027704697258 2.0194408442567515
1.0556112674779268 1.9251032675776885
1.1203680477825335 2.012027779129686
1.0534926788303343 1.9124944712555854
1.1242003499540236 2.011428330558972
1.119525047928394 2.0087683205607534
1.1030773355805283 1.996399729840121
1.142626435946473 2.0145653967962107
1.1195645711949176 2.0072891371080868
1.1349325560798338 2.0127572027176592
1.0650515423243219 1.9396259541723986
1.0542223254713587 1.907633677412235
1.1358074246477667 2.012474930934142
1.1611626937480928 2.0085301779625526
1.1774428805287709 1.9483783879282397
1.1788190715269138 1.9267354918763535
1.179939178660286 1.9059391075256562
1.0905984382539295 1.9790490494778141
1.175820212370262 1.9639543065071554
1.0554226417624977 1.905978243757641
1.058644046762517 1.9175601043421941
1.1338587672503393 2.009698706029114
1.0839944064635052 1.968897224702626
1.0614781686647354 1.9247776315740805
1.086783083882711 1.9709656458678129
1.1785205529089864 1.9275763154379664
1.0624932966233054 1.9242359407502896
1.1498673570163773 2.0085421289718974
1.0776468882493768 1.955930516085636
1.065683865516377 1.931217029973499
1.0852430317131994 1.9676221344100229
1.1352166743970475 2.0073424317139006
1.138870895847182 2.00733262342359
1.0825072913962484 1.9614624174996367
1.1002250328049261 1.9842880031392702
1.155551713443205 2.005255127924156
1.1091630585946335 1.992188566165088
1.1718248870546022 1.9849575696408444
1.1508973698265845 2.005670184775367
1.0730676673835828 1.943127251573111
1.0676041398572202 1.929466629273817
1.0659322294201545 1.9253345582827712
1.1045385382105528 1.985883178593594
1.0835990587040512 1.9600503642987475
1.1504299943969511 2.0035083697014233
1.0635867354252069 1.9170600679378393
1.1605748893333965 2.0001337101231274
1.1314196985105445 2.0017447237010275
1.1300234399048183 2.0010266324692583
1.0706411765286115 1.9332739225828806
1.1727768964005028 1.976534511378977
1.1774189379259474 1.9363001689402641
1.0974921916297005 1.9760930550896296
1.068119835541392 1.9258002670470442
1.0962973058327803 1.9745193259664642
1.1149397596786894 1.991440613386028
1.0685485338406824 1.9266300487242392
1.1587080968341632 1.999138298274913
1.0876493512276832 1.9628003981386004
1.1334466535749748 2.0002762152787694
1.072868612320707 1.9363180046201496
1.1547756584090212 1.9993977533594651
1.1677412696533787 1.9903385041078863
1.1056164358938063 1.9816530637260488
1.1621905354532858 1.9948365596543685
1.1344275229648013 1.9981426556251483
1.1323694894047969 1.9977005780505899
1.0686382911611103 1.9211352076752628
1.1228328251352 1.9929327202244669
1.1365712248265258 1.9978766390875282
1.1523121918579227 1.9975748497955015
1.1556903866220725 1.9965293469137215
1.138761677130561 1.9979695112680624
1.0955878231761624 1.9679977939507334
1.1505006831676505 1.996669515249484
1.173424953917695 1.966673589245165
1.1023009598000748 1.9747234141207257
1.0979491491535607 1.9695530046262668
1.1035642239168224 1.9754203482095665
1.1609106712384616 1.9926634177379579
1.0760169054576483 1.933886500760168
1.167239656461344 1.9869928934240857
1.1284170204748807 1.9927271447994432
1.1552389645142296 1.9943703295377662
1.149351197355382 1.9950331400264891
1.1364008515548008 1.9944430909701596
1.0991699658215766 1.9687125345031224
1.1175118571121616 1.9851741572852182
1.0657058710601663 1.9007508309055483
1.0967571147722903 1.96511345224248
1.0997015859863262 1.9681564455436849
1.110704812088479 1.978603755589324
1.0867810817739045 1.9482565045416185
1.1469228097234092 1.9927264445379045
1.1167002351490545 1.9813652694849087
1.1184708384328756 1.982753121941305
1.1259552267375335 1.9871400243288249
1.132184918471069 1.9896462954433258
1.1166473009939917 1.981066336892831
1.1242100687888197 1.9861970583560442
1.1754354365932704 1.9442931329760698
1.1140856131661447 1.977936861382491
1.1301594276581972 1.9878574628778731
1.137290117617421 1.990150545080343
1.1517320753017637 1.9901546741377292
1.1332288054719917 1.9884582400523654
1.1631251348222145 1.9848114287660512
1.144914225039753 1.9903747779998031
1.1539609602827734 1.9885304824316112
1.0935544321895732 1.9543505453696617
1.1231336679099766 1.9833072078251712
1.176444294347308 1.9310452351893685
1.0878781737150218 1.9448563565449983
1.169093497115423 1.9758234750186134
1.119663934808436 1.9788412562191886
1.0950077316842768 1.9537082859220707
1.1545285461909773 1.9862978701528204
1.0783590045482823 1.9221776836475404
1.0737404034128248 1.9093524867071459
1.1039899661268708 1.964195706106721
1.133132672073247 1.9846383909860845
1.075377116517203 1.9130854246745224
1.135360062538938 1.9849372793211564
1.077436198673582 1.9184976376779332
1.0732682990206623 1.9068262610103373
1.1233885414135716 1.9798839370215775
1.1560446480205981 1.9845618687942503
1.124040749467902 1.9801169478267235
1.1661347438982173 1.9777936542241061
1.0937743732831522 1.9493000685933413
1.1574181212694712 1.9834401580692873
1.0795229761056118 1.9206226578680188
1.0765542437557982 1.9129452292116749
1.0726856130775142 1.9010332740418274
1.1765767552409423 1.9235435131223169
1.1110605197925891 1.9684431139116245
1.0997189621701562 1.9560594229979547
1.1516660458074086 1.9835135648171691
1.0841633991496904 1.9294259867023227
1.0773499734544707 1.9135976984573122
1.0900909305854753 1.9408926277271004
1.1058416500554193 1.9623075882479266
1.1477038077987582 1.9836934002484359
1.1297022464993296 1.9801547977310368
1.1488527563103128 1.9832686133938575
1.1518741370129633 1.9820726838689473
1.13196540607335 1.9801920807059787
1.1559790104989167 1.9812428418471457
1.144614590261484 1.982682078500231
1.1684069603887917 1.9711738494787163
1.1750982000525756 1.9374759560555483
1.0982662562890995 1.9511537277736457
1.1456454623484706 1.9820391126358619
1.17058061129195 1.9648188712686059
1.123785029268579 1.9754823772468018
1.1023278647122783 1.955766280852805
1.0783491831792857 1.9111767453753428
1.0824296491827152 1.9209494693452767
1.076521271767177 1.904358905630302
1.1660919604822122 1.973062668205979
1.1544972372125395 1.980011466710624
1.1114807949063052 1.964397569718901
1.1350483042117152 1.9792548317155525
1.100190693202907 1.9518457168633137
1.1219876541687137 1.9730183264997798
1.096295751140805 1.946176384845829
1.1649937980974971 1.9732477583483636
1.1386274522546715 1.979793193266988
1.1758527239439807 1.926525884387671
1.0842218914915085 1.9231262557394166
1.1316153360513672 1.9770248737506821
1.153035532937106 1.978968085782375
1.1671733683202572 1.9702636812119554
1.1203044004965752 1.9707269223328212
1.0960232713974627 1.9445279868208991
1.1768690928906633 1.9124947521892568
1.1605009839046985 1.9760186757842324
1.0786340529732346 1.9074692075353248
1.086962480660822 1.927924006088708
1.177534978411702 1.9022391795039486
1.1748978346885908 1.9356329194426047
1.0887532295325184 1.930760509328457
1.0811011400633304 1.9132567838607337
1.1261750101275159 1.9729585775410357
1.11394850616677 1.963783281924517
1.117386851926947 1.9669113916436545
1.102430956071799 1.9514354355359589
1.120843051684205 1.9695350375242842
1.078700801502819 1.904413154943609
1.1318791023953994 1.9752705259740166
1.0948632533555773 1.9407108331584169
1.095039724069601 1.9408049721063807
1.095039724069601 1.9408049721063807
1.1658349314731575 1.9701481641538543
1.1378292783089643 1.9768062890146247
1.0985464893394652 1.9452217438988884
1.1600458676292502 1.9741047610963391
1.1641143817348394 1.9709628125908965
1.148430159864645 1.9774197359777268
1.1079645535493707 1.9561521691628805
1.0866590335759823 1.9231046251647415
1.0841042770020892 1.9173786729759799
1.158336966400249 1.9743365987036632
1.164975509526664 1.9693701350011854
1.1033771424305328 1.949744831830113
1.0986030762831906 1.9437434537460767
1.1424270269015617 1.9762946536918906
1.0820712270309911 1.9097901748119006
1.1333031036133776 1.97310880066173
1.1131899319869858 1.9600703036814768
1.090614572579671 1.9283274945495312
1.1570391803725242 1.9728883935492856
1.0809788289931348 1.9035976839600002
1.1474889435266433 1.9745654272178168
1.1534108321342986 1.9737036309055658
1.1169679505566612 1.9619570660276757
1.1334444592149195 1.9718899246851675
1.119440849437834 1.9641337977533078
1.1009071902798806 1.944117862505102
1.148850860845144 1.9742207162852556
1.0941763973580958 1.9335535803134298
1.1549573481071258 1.9727028807401044
1.1741243352591642 1.9350819831051824
1.091247964256407 1.9272117717828439
1.14825205477641 1.9735392530730835
1.1506636145685105 1.9729193887474943
1.1451098068822418 1.973296726562637
1.1761579582527162 1.9137203318263218
1.0860283691377994 1.9149430013353708
1.1658974228453363 1.9654858332911898
1.1701806353885964 1.956826099474401
1.0836212409813002 1.9077931646111603
1.1601467981507851 1.9694610074284693
1.157101506023448 1.970907204951368
1.1269142945982065 1.9668987738092536
1.085389646333738 1.9115246420371104
1.0892189796162446 1.9204906919705629
1.0827224996136773 1.9031025686392702
1.0817552240241608 1.9001887451638586
1.1032307713078748 1.944086166327555
1.1516698732414439 1.9712938453890343
1.1646207047747246 1.9651611408149157
1.1367659294455916 1.9703147495421502
1.1119730575689974 1.953434508389231
1.0823205635704098 1.9001235496168314
1.111918149066196 1.9532038070750894
1.0885350637066646 1.9176815476468057
1.0912764136774173 1.922981247534355
1.0849889241725983 1.907774494163396
1.1129738247048566 1.953946859483246
1.1532765160443486 1.9699027563237834
1.1737513020717119 1.9344862197856563
1.116923120352067 1.956972549394593
1.1533987403167723 1.9693198580956008
1.1261098547757364 1.9640318448862193
1.1550493932916213 1.969233852830224
1.0853821641891084 1.9068477169439482
1.1578012721179851 1.9676111059543813
1.147756907175883 1.9693792887423125
1.1376272409434216 1.9682979881900928
1.16485347435759 1.9623477030732976
1.151557271020013 1.9686784343784485
1.155623267161298 1.9679196008078566
1.0932309436454135 1.923839948692852
1.0898764173067534 1.9163948290813573
1.1609567790637383 1.9650596792852677
1.105742312666018 1.943304638947277
1.0952826076718605 1.926708627193431
1.0893205785002522 1.9137410551573597
1.1382669741689944 1.96737482473836
1.1240354706750408 1.9606178420152771
1.1520742681891911 1.9671609871621532
1.176382146673324 1.902912945335309
1.0907494109439817 1.916436232870239
1.1436666590135878 1.967731445333902
1.15762246394271 1.9655412931587841
1.1368242431879862 1.965877605839733
1.0873308146354863 1.9066715403144772
1.108958393296276 1.944972317451079
1.1572131363710931 1.9650578542218695
1.0978914852408455 1.928772594395462
1.150907204622682 1.966287416679731
1.1104717085585598 1.9462326885973507
1.1736369879180728 1.9305812225528771
1.1537552545837428 1.9656236229893522
1.148278402184271 1.9664287854645788
1.0933009243179372 1.9194913908274933
1.088479494559168 1.9077879203914654
1.1728229038144455 1.9366183465200215
1.1143541148974916 1.9491086580946475
1.156050827381264 1.9644620287718813
1.1292193526626293 1.961057599063378
1.1411352078321095 1.965360892074208
1.1048290839797086 1.9378716126821354
1.0982727112626591 1.9277328559523734
1.115480017735823 1.9497512678405289
1.1624177907059021 1.960680751987265
1.1218739123125951 1.955809935820127
1.101140868870826 1.9318097660647133
1.1106386259290955 1.944556535648119
1.1299956342977864 1.9605265581529954
1.1098558209843166 1.9434702667683004
1.0888797069980216 1.905919507212763
1.1364696905156668 1.9630207445030459
1.0884245525821479 1.903783166615056
1.1216371284207491 1.9547330377542167
1.1649286214312538 1.957395659151272
1.1544455187583944 1.9634053170261911
1.1671199569724906 1.9547053987294136
1.1610862269964872 1.960394653943641
1.0898058880031138 1.9072806051180085
1.174178336161121 1.9236684812131448
1.089822546822957 1.9067085983252134
1.1198636715452734 1.9522680951161453
1.1120568483503734 1.9441687356216872
1.1381670178598087 1.9623028100881303
1.1665899440487106 1.9546520670773315
1.1158473628060608 1.9476025545159086
1.1084415152414349 1.9399744509457575
1.1237692494966047 1.954919233040304
1.108062027717582 1.9392276130421944
1.1257694503950701 1.9559841963163247
1.169774105871359 1.94772119796495
1.1675655664343307 1.9529078362864238
1.1657448726327686 1.9554226960213157
1.0914205243091872 1.9091011991434272
1.1103471629321802 1.9416707625583092
1.1154594777400095 1.9467487926437232
1.1616191844802488 1.9585511880985995
1.147026457735668 1.9625288893032335
1.1121223788712506 1.9429207270011426
1.172478665459437 1.9346943893660598
1.1120409469548764 1.9426427019021781
1.1508287118101672 1.9618835414594291
1.1525765713603797 1.9615007523680386
1.1362557182767132 1.9602830347564915
1.1509089595557396 1.9616313157085734
1.1113077750145395 1.9413492838177766
1.126918233401317 1.95541939104101
1.1499857880505926 1.961599047735393
1.1267049267889375 1.9551377466397877
1.1153377749800906 1.9452861683494176
1.15820189869119 1.9595315204242436
1.1154109509813597 1.9454282556381957
1.1564870245480938 1.9604079438172801
1.1620059480907368 1.9573185799359583
1.092578565180041 1.9097020359354897
1.1089026412994163 1.9381181697148149
1.1080171941558303 1.9368889163076444
1.100516136241603 1.9255111735978603
1.106761364657543 1.9347310363302552
1.1700155804736887 1.945135856187854
1.1091121589524298 1.9378023758534348
1.0921558677415557 1.9081053484512114
1.1461810105201593 1.9611741909938074
1.1172338754369762 1.9465680689885663
1.090713817197146 1.9029587229707785
1.1609763360736414 1.9570800332438103
1.109481452584863 1.9376544794128037
1.095776920385615 1.915167069775445
1.137425715182313 1.959351159295384
1.1159369017714618 1.9445519892460046
1.1725180722079092 1.931735595812436
1.0981308785749206 1.9193978827918967
1.1122870623345513 1.939977968190192
1.1072522542042533 1.9335045820780852
1.1654449923535708 1.952445091332189
1.124722894464227 1.9515846099503973
1.0919852032517567 1.904226292397558
1.1433975329641808 1.9597623572034866
1.1465791763814743 1.959488869709713
1.0967454541146255 1.9153383595739766
1.1099529364317866 1.9365436695728164
1.145687963114332 1.9593517399493448
1.0955703866807913 1.912502404778996
1.167447573356192 1.9492838865861248
1.1021200425740036 1.9250422558605087
1.154788387623289 1.958444537196933
1.1040491721920314 1.9279322130143903
1.115735954859987 1.942594097875206
1.1594989013299264 1.955894931240346
1.1214914796948923 1.9481925186327875
1.1733526433244639 1.924565958918112
1.1484058948552913 1.958936989461784
1.1241117608735771 1.9498058109705632
1.1493785598554676 1.9582631652438818
1.1659408316522597 1.9505765947039735
1.1258317936250606 1.9507445872885434
1.157935882709808 1.9561090258544545
1.172060345348064 1.9326850835751381
1.170671374746738 1.9401214491334569
1.1663926661256534 1.9495353262919672
1.0963108951104554 1.9119228548597493
1.1702135496689017 1.941405484332846
1.1173400353088785 1.9432532094205468
1.1628005207027559 1.9529888400334507
1.0976167324574455 1.914740336199774
1.116885241934603 1.9424050011023677
1.1274386233719282 1.9513365117388581
1.1023371154420856 1.9231330261784199
1.1572038010413133 1.9558234344987124
1.1555254735257654 1.9562058180459032
1.1433724722216294 1.957027398760671
1.1149735804140555 1.9395305002460264
1.0961097697004254 1.9094196236291097
1.1140211844611363 1.9380203550543362
1.101901746552162 1.920800680828856
1.168573703771839 1.9449280634070352
1.1155171026329287 1.93977146525467
1.107523455102194 1.9291842881049608
1.0991943017911003 1.9152947178745567
1.1073867269826074 1.9285552577993037
1.160307131333162 1.9529841662883727
1.1300491513844682 1.950853722254643
1.1265974654733297 1.9488116971766793
1.1164638750411655 1.9401140434900255
1.1659704920464886 1.9481794018846088
1.1489260628664695 1.9561513513039297
1.124033895862952 1.947012935617927
1.1276655943323646 1.949507543536819
1.130070644548212 1.950742033149373
1.1711143385497849 1.9350544235755447
1.1105916031110017 1.9323910491365979
1.1090676657359348 1.9302008913268487
1.1389801076609714 1.954831313108308
1.1110797366769185 1.9326589930604818
1.1356579523243109 1.9528087297827383
1.1282018503172608 1.949281227119664
1.164914974975872 1.9482480509444637
1.0946859665838695 1.9029124734565577
1.151556815441821 1.9545760960938865
1.13126079055194 1.950393634281351
1.1044225151748601 1.9221174017121057
1.1314015787688647 1.9501794056083352
1.1346402482299436 1.9512196621891615
1.1214978915153337 1.9432653186099285
1.1397624602667786 1.9535935751164941
1.1223683636667017 1.943750643358148
1.1727503212207648 1.9235214703277626
1.1655585434349787 1.946672302638039
1.154366105296285 1.9531530520150868
1.121365364494694 1.942640893105078
1.1063794789874994 1.9242358663805037
1.0977922777485458 1.9079026524922873
1.13003608305223 1.9480495181073125
1.1198877645312428 1.9406735891755709
1.1673527238030987 1.9435921656448383
1.114722238739846 1.9344124772507216
1.1247553079275399 1.944690788209217
1.0954581839492097 1.9018320084170124
1.1051706290347463 1.9210901762131862
1.139524973589237 1.9523405647717778
1.149432098667326 1.9528828322899974
1.1552034225913363 1.9520107629545844
1.1017960791199064 1.9150550941910538
1.1180794424605338 1.93813743739366
1.1339607418197184 1.9493817527796362
1.1543929050116244 1.9519462972074257
1.170498724789796 1.9344802470257183
1.1549548162842764 1.9517258631700258
1.1316314825139355 1.9478299435113404
1.1632816167483682 1.9469939926285993
1.1115433147823948 1.9286410009168644
1.1672679600974845 1.942484465774029
1.1176414991702976 1.9365809147631354
1.1717470210006702 1.927831030574267
1.1439854647945307 1.951855346739636
1.1191911764596876 1.9380049281455114
1.1057894226062925 1.9203757333686862
1.1358235920439186 1.9492386586100023
1.1450064044827901 1.9515836319227977
1.125268008998627 1.9432124223985354
1.1564467030560501 1.9503816669916874
1.1729006024630557 1.9196372553026726
1.1483388236406673 1.951561060701319
1.1286886054322482 1.9454095808701322
1.1100853874789998 1.926047268429957
1.1277234805257317 1.9446593059942383
1.1539860826330828 1.9503883947522809
1.1488831794837457 1.9511332622088573
1.1042090473327366 1.916163357043909
1.1287415207475666 1.94447627647568
1.149428253030679 1.9499842400015572
1.1057967979032963 1.9181390173935808
1.1741790407798134 1.9064838382560387
1.1529289035299248 1.9494318280232767
1.106683164728374 1.9192487583764362
1.141246159021795 1.9493084361120623
1.1719770981429345 1.9242498051662988
1.1309242000972084 1.9447660401984583
1.1399199836854133 1.9489826382704607
1.1004485297002662 1.9068020807980262
1.10929586571228 1.922127552336736
1.0994114924533207 1.9038413718057232
1.167716970329427 1.9393125496839554
1.143095663780617 1.9492206155536667
1.146203273172062 1.9492301320232128
1.1649787701945333 1.9422424036001509
1.1071903794028848 1.9182176643556816
1.1184047571884264 1.9331607064297611
1.1229876347904164 1.937979079714368
1.0998188648033522 1.9032193829967432
1.1002200011720022 1.9040664935516585
1.1307155895921321 1.9433620018031628
1.1457121671291612 1.9479837396103146
1.1329759661735592 1.9442675225682648
1.161104930616031 1.944653688516715
1.1585480142553595 1.9458204828020849
1.116143577240439 1.9292628592622494
1.1356084680608545 1.944819932243079
1.1467356723204476 1.947348069447787
1.103450858731501 1.9092266501426727
1.1668958782802028 1.9384786883988387
1.113778664688366 1.9257413254856148
1.1738383954610414 1.9058976828550795
1.1170606771467044 1.9293544525619624
1.1692343494425161 1.93305233526956
1.101689588830933 1.9047325204043686
1.1256711053250361 1.9383285448457406
1.1455906123142994 1.9466987227578865
1.102027452159727 1.9052981672543898
1.1576561492647075 1.94513472747044
1.115318611442856 1.9270228670897804
1.122309549323593 1.9352594512549992
1.099846499232656 1.9001347631860555
1.1327168984747198 1.942454750355093
1.126451226593695 1.938488295410155
1.1467866034727185 1.9463836769259073
1.1022015018969715 1.9048444242507423
1.1266482498671824 1.9379833384197902
1.110579237845496 1.9194095010826138
1.168823412561208 1.9330094447248958
1.1257088025751425 1.937169725553644
1.1246078674625153 1.9362585939326997
1.145785694183893 1.945719070111282
1.1306494996732201 1.9406293919495612
1.1054327836391606 1.9101640811520824
1.1095860586926476 1.9177779756335727
1.1448901709096517 1.9455207974588742
1.100725077858082 1.900371182233987
1.1275302420436193 1.9382695043979998
1.1653077705178059 1.9386465201827712
1.1033255802154025 1.9055620664390829
1.1482221443379503 1.94560639087103
1.1011572145740547 1.900917417090394
1.1044859130628866 1.907745599143851
1.1094593267457067 1.9166936910515737
1.1071184483510417 1.9123499961828463
1.1643590605060872 1.9387079379835666
1.1648887051390493 1.9382756094146432
1.109703991636794 1.9166998066169887
1.1138543110902153 1.922185251154906
1.1292279870974815 1.9384480802911237
1.1724778197559724 1.914749361405519
1.1339277497876166 1.9408704006157569
1.1158612345848693 1.9247339490315232
1.1579568149934594 1.9425104417219408
1.1302608251691717 1.9385838348726583
1.1318245177390152 1.9396801689113106
1.120774325281273 1.929987511443958
1.1666102601649033 1.9352752521521055
1.1220707522570823 1.9313449376820393
1.1255023679718683 1.934496600574424
1.1605386550899328 1.9410509853260869
1.1474867917300517 1.9436532670617683
1.1663579229115877 1.93513623844009
1.1104778860639066 1.9159691519637199
1.1180662879415104 1.9262614302005918
1.1405311698455716 1.9427076238639658
1.172152123542456 1.9156898889340117
1.1315514962534114 1.9380270354739708
1.1130098645318982 1.9189936851497336
1.16874243549329 1.9300747179125661
1.1293993085817304 1.9365331597813653
1.168030379074374 1.9314583046339109
1.115270316381915 1.9215084039539987
1.1182964621490352 1.9258424365841087
1.137275780404374 1.940714748172701
1.1085498497055768 1.9110039664801037
1.1476828021212748 1.9426224080864867
1.1735727256433943 1.9023922615632405
1.1061621798839294 1.907056368171611
1.1199227118693629 1.92732357274493
1.1610584431439381 1.939161427532733
1.1089897933769925 1.9113551875069152
1.1192685333623404 1.926300812810466
1.1320225325488975 1.9374278546456247
1.143646121869391 1.9421202708412797
1.120364329544615 1.9273748999794582
1.124525248577546 1.9311831173226057
1.1125034564599319 1.9167287959747104
1.1052594968835543 1.9033248175434712
1.1391276545876738 1.9406896999524468
1.152441743611953 1.9412550558838255
1.1629301693114813 1.9367570504719902
1.1455304806761175 1.941344681353453
1.17321364676124 1.9047957906394475
1.1252186794562076 1.9310329681137604
1.16151977457132 1.9371670092613071
1.1108470293691368 1.912048661265292
1.1511472378131817 1.9407601507249264
1.1217325430594094 1.9272296011275798
1.1138806064386957 1.9169568660210103
1.1194850061700012 1.9243344028676606
1.1316558056131325 1.9347893922550954
1.128135894302074 1.9325322561919185
1.1164686391061744 1.919822291360097
1.117526683434243 1.921371834238154
1.1345333660032921 1.9362210100038424
1.1188602978242805 1.923099313727904
1.171331405534554 1.9170894941914318
1.1367069619258927 1.9374654545281245
1.1189990211358813 1.922814608821052
1.1549220854024318 1.93952156858821
1.1619798829507186 1.935722214801749
1.1161440910554516 1.9188603821568015
1.1419680907602543 1.9392282157719607
1.1720305958165729 1.9120059718338995
1.1694162883017765 1.9249072846759185
1.1155980237709353 1.9179972944710575
1.140038320224875 1.9387879633154628
1.1193801047370813 1.9226714960809577
1.150092277117405 1.939165223214324
1.114627580891193 1.9158614025305445
1.132737850811563 1.9338234293685295
1.1522656179516644 1.9383759208115539
1.1699826145848613 1.9214367433459283
1.114885447183675 1.9153225605657784
1.124319160182846 1.927377227241421
1.1188156045778948 1.9209483801925447
1.1109835409069815 1.9090672893631702
1.1195304195699265 1.9215752855647892
1.125767981368307 1.9281949190225376
1.1067262162645322 1.9011060224930092
1.145549356491565 1.9380189397634962
1.1276930700703554 1.9295538661075455
1.134101408018642 1.9338591227547477
1.1405825234173477 1.9374544980697035
1.1727288844412844 1.9047068033437726
1.1377753437796732 1.936252402673385
1.1096637298859038 1.9061702662047089
1.1598954584384031 1.9352862592225837
1.136442206052179 1.9349817653734889
1.141063045691212 1.9373265251184608
1.1564908845511128 1.9370009856457395
1.121594881789878 1.9237421619902086
1.1472763797628556 1.93778954617467
1.1483977770747118 1.937922156754652
1.1132277935427257 1.9114384651580203
1.1262016218221642 1.9276257400774506
1.1470417809089555 1.9374339000151373
1.142449521258712 1.9372711875698119
1.1612364781960296 1.9338317727418493
1.1425222172622518 1.937072577857516
1.12012018417346 1.9211383533274575
1.135801700860938 1.9339041652612223
1.1396962534214254 1.9363241047152426
1.1618691125201934 1.9331262552459187
1.1659022317072127 1.9293151156398882
1.1313058734469956 1.9308246841324588
1.113764221785491 1.9112624279025934
1.1442924971712483 1.9368116529583679
1.1432427385593267 1.9365874260171716
1.1281118545847075 1.9285033482342488
1.1418851717624532 1.9360678941675773
1.1077863757342168 1.900368058741845
1.131471034281059 1.9303939085603385
1.12930829255598 1.929078946092586
1.1707634677179284 1.9162297668555135
1.1189220074653305 1.9185644357262184
1.1536809568278852 1.93591603363335
1.151097097290865 1.9361967545855723
1.1206069813004063 1.920383755823183
1.1183671432833155 1.917738453070724
1.1326068123707036 1.930527851258731
1.1581467176860911 1.9341871573166127
1.160326256148706 1.932907640419187
1.1320393658363008 1.9298984833626427
1.1376409303307102 1.9335021346376184
1.1531831186730057 1.9350380874774473
1.1279022476103355 1.9271444864220604
1.1230567422410864 1.9222119135854048
1.1479707821411302 1.9353330881247894
1.1232716304973707 1.9225790939354512
1.1461598262753996 1.9350742976051547
1.16856130600696 1.9231752507747588
1.130265293622563 1.9282022303745925
1.1138276269966214 1.9091249420650245
1.1338343379114593 1.9301210729913454
1.136629362169056 1.9321445806904283
1.1307331418213873 1.9283059405399121
1.1275448549393015 1.9260479613092787
1.1109985540409637 1.9036010766128784
1.1458686256713593 1.9347583341897636
1.1102213391267468 1.9023578573029793
1.1679345238360481 1.9237504091394895
1.1190475113440113 1.9169412608853937
1.1162612586295269 1.9121720636499044
1.11715567059984 1.9138414590795214
1.1555789028227528 1.9339209131035355
1.1703077654993306 1.9162532215361525
1.1407128687988746 1.933631588128271
1.1206232403619942 1.9183891271833027
1.1643863012496904 1.9278525258080434
1.1339456567624873 1.9292857754335508
1.1564312071695049 1.933235622720372
1.1228397745797902 1.920618682305802
1.156542195275305 1.9331051707159177
1.1703990564906415 1.9150823173215048
1.1444647645861752 1.9339164644934193
1.128120007969548 1.9255658701530927
1.1566570996866838 1.9328728169771972
1.1270750762933197 1.924633628528952
1.1300407908499375 1.9266072937296324
1.1285417786873047 1.9256379591095996
1.1142149915082822 1.907697039084246
1.1406522741719818 1.932720115947336
1.1445511273249747 1.9335562296105604
1.1595166001342898 1.9309167834980085
1.1349586400701361 1.9293082884763537
1.151979686593064 1.9331511660972385
1.164699424283857 1.9271574937344949
1.1551482209036257 1.932968889082358
1.148378353953845 1.9335856234463455
1.1652062577430486 1.9261550178953821
1.1470834668423326 1.932426676967239
1.1114427912032927 1.901210149352724
1.1164268579218164 1.909576452973048
1.15510086934119 1.931955906969309
1.1528707431192267 1.931779260951711
1.1126240256450939 1.9026282511307877
1.1159049159536822 1.9085638347520948
1.1116386764053168 1.9006852256589946
1.142533435533025 1.9313705301086004
1.1434769769636142 1.9316795337448869
1.1185464454743739 1.912564226124129
1.1487554424943194 1.931979183289515
1.1180144973675636 1.9112847539607714
1.1253306553028746 1.9204777480798394
1.1578074391701279 1.9299492108685075
1.1695394003264568 1.9164046804540762
1.1282453493064823 1.923336413826679
1.1414063653267847 1.9305583769838905
1.1722674302162142 1.9015200158740724
1.1377230280545034 1.9290134229553215
1.1153125636285686 1.9062366193297167
1.1554858607473164 1.930503977783599
1.1242904127226778 1.9190124107290374
1.1545911724316662 1.9306507600843812
1.133438756227701 1.9259898918656226
1.1242243115557864 1.9187848421649065
1.1135038858129875 1.9024969752610883
1.1139934275870595 1.9028332234336578
1.158921995230139 1.9284629813126861
1.1657096623801966 1.9235406222944897
1.1316796310095185 1.92448827470629
1.115422043661201 1.9051369178012247
1.1335532505105637 1.9254444181892152
1.130037611519568 1.9231853584036465
1.1500862600830493 1.9302478764268565
1.1239183653659903 1.917847830470773
1.165848576249974 1.9232161667434322
1.1198392428279873 1.912290169750737
1.1392657241415725 1.9286308205094453
1.1230504578405056 1.9163587191158986
1.164195973692415 1.9240760543279944
1.154965516064966 1.9295417657690674
1.1321247036793898 1.9241942617613323
1.1534074439617625 1.92947121071527
1.144993457336582 1.9294454675787043
1.1425622488014124 1.9292438011117652
1.1264881360929042 1.919374208339777
1.1256263873903736 1.9187448952828485
1.1701687358840789 1.9113129736396792
1.1363558931963453 1.9264901897447688
1.1143330186000004 1.9021553879094155
1.1335958717697026 1.9245603239172497
1.1325001653507059 1.9241867180382033
1.1410391133122106 1.9286049136770866
1.1165383540054612 1.9055494861503877
1.1555777542411145 1.9288335624878123
1.124830298494588 1.9175197426018469
1.1432421611342398 1.9288557957791344
1.1666863976854884 1.9204856359511815
1.1247011836120717 1.9171606686539717
1.1236970587074038 1.9159413896731086
1.1391943702304277 1.9275687343147376
1.1174747588172935 1.9069158434223132
1.1536250907495855 1.928596294820801
1.1215945841727826 1.9129661583768611
1.15911792560147 1.9268545377357778
1.154182368047484 1.9282797296854146
1.1581869631307264 1.9272575095541586
1.139411659208505 1.9275205436648528
1.1674103572721528 1.918822750494551
1.159158967366242 1.9266201833963716
1.123281246502159 1.914776156594316
1.1319894355599438 1.9226063463960263
1.1566676800951263 1.927851495513745
1.1290207420028324 1.9203690494808925
1.1333605808459621 1.9233116094320217
1.1299427403229558 1.9206159689022293
1.13092916310448 1.9213743460162471
1.1467157293305346 1.9280415296950888
1.124505023026805 1.9157061130436603
1.169926775432387 1.9106913701207313
1.1329251629808246 1.9226657740303708
1.1338873784226864 1.9232783534090985
1.1213724002048346 1.9115649622724735
1.1426005967315436 1.9276194686976407
1.1292604737251912 1.919881436162529
1.1582426558729644 1.926525600318793
1.1649934226432967 1.9213448060960363
1.1303138076756365 1.9204858267216756
1.1254151592067416 1.916243435467541
1.1354402125550502 1.9238061934337758
1.1591584336976266 1.9256863429211895
1.1362557603835368 1.924063324498248
1.1696451784473738 1.9113951148986268
1.1683352359879784 1.9159286797861963
1.1716073245011065 1.9015106693537962
1.1373532852214863 1.9248141473894602
1.1252777187108558 1.915252561521981
1.1256170104126544 1.9156057531505517
1.144251759177169 1.9270844992192404
1.139427006930851 1.9257955284016117
1.1685493888245202 1.914790755301023
1.1227321716853091 1.9115550849792744
1.1563861043612953 1.9260555991675208
1.1609265662730301 1.9237766826746021
1.1354137935945552 1.9221213887681228
1.1585437537196697 1.9246749699747525
1.1255452676215363 1.9141530129132094
1.166024145803487 1.9186358101077412
1.14418280897944 1.9260204127701406
1.1552258070986656 1.9259669240425648
1.1466434854036331 1.925885040227675
1.1472867904087496 1.926235379292087
1.1360734073793197 1.922274671678668
1.1449257602877645 1.925707166850207
1.1415567151116872 1.9250957113493765
1.134791823215866 1.9209616722378113
1.1197812721213882 1.9055094228785088
1.1250700617817868 1.9123693531290114
1.1451180608408447 1.9250965155312998
1.1224351019923884 1.909248541847252
1.1431728132391263 1.9248461199163591
1.1270915024061896 1.9145810725128853
1.1409236375977616 1.924211664996773
1.131126033255489 1.9180028844222075
1.1544098045692222 1.924964887466006
1.124405599473068 1.9111022117653378
1.1639057955871743 1.9192166020996844
1.1522874209830754 1.9243287574490298
1.1227451046973416 1.908652590113303
1.1692187102580958 1.9096519885314043
1.1360991790093427 1.9204536012583309
1.1206240132445324 1.9048604162034506
1.139219862192147 1.9223388335526006
1.1698345024478698 1.9069697234885685
1.1291694451281922 1.914995048578534
1.1527231886419504 1.9235412327391728
1.135961607937931 1.9196630947557165
1.1282095909878782 1.9139246449597662
1.1429147046763386 1.9231003507028508
1.160908206314554 1.9204333756325793
1.1217729025022427 1.905555783755401
1.1624371601297483 1.9190836369586224
1.1571345516108722 1.922262424171473
1.150475281269969 1.923081251786864
1.1214643685913368 1.9046622817060856
1.1191882544500844 1.9012456476455373
1.1507745982358843 1.9229358327545698
1.145807983295012 1.922800926929759
1.1232567920922778 1.9073366046432259
1.16563735776827 1.9157581722682455
1.1249272559725596 1.909172540595973
1.1376851580737197 1.920044591610122
1.148489845135674 1.9232735895535085
1.146174560712776 1.922561446136725
1.1331605169498342 1.9168502156660991
1.1449874418248815 1.9220371171688755
1.1224375962391386 1.905393241890572
1.166427943425553 1.914037858706576
1.1483038745884868 1.922757402966684
1.147727514777328 1.922442112628119
1.1488979090521374 1.9224625036669327
1.1326940553846492 1.9157490042406302
1.1340757160703092 1.916389435152454
1.1617969812064362 1.9186150726112614
1.1578544397903099 1.9203600605144713
1.122959984397255 1.9047927969982104
1.1422054194783946 1.9206328620848119
1.1228739063577453 1.9047042186518672
1.1274056297139214 1.9102034918084834
1.1324790435575147 1.9150771962522903
1.1335431780739915 1.9154644905888054
1.15198061809583 1.9212501932219068
1.151786973086807 1.9212625968977588
1.1561462255621844 1.9207241585822044
1.165249337388857 1.9145281508326535
1.137709814514638 1.9184005996792994
1.1697490070169847 1.9038539511908132
1.1667106646966068 1.9119486264939358
1.131156924190943 1.9131765568121186
1.1269485363160978 1.9091686270975459
1.120297200275465 1.9000658899734855
1.1687274685401876 1.90772330655882
1.1267162951771243 1.9086394210071584
1.1636198865296925 1.9154345138731568
1.1282976882020297 1.9101167649055975
1.1577447821088713 1.9193395545532814
1.1246674952681333 1.9059194650821774
1.162589783489593 1.9168176237226981
1.1463102753007353 1.920180375528403
1.1400558496861355 1.9189833351015415
1.160900463741996 1.9176457887917144
1.1278468199895986 1.909177976539076
1.1471464094959394 1.919883369472155
1.1249037645419357 1.905485889531207
1.1388759338468522 1.91809457188793
1.1699147775191325 1.9020631063143585
1.1659262287216297 1.9120820548487645
1.137439658479191 1.9170765944865946
1.1372790186226736 1.9163138402898157
1.1431896027461315 1.918993331772556
1.1602187809108861 1.9174261524499217
1.1287013924892695 1.909217839973759
1.1284730384772574 1.9088773130829892
1.1673573145019402 1.9091545907363854
1.1647659032112703 1.9128085896372873
1.1486871267917282 1.9196947260340236
1.1438366969663285 1.9190178449854354
1.1667812127676556 1.9099055381640537
1.1373122793550332 1.9160448169953421
1.1575628982491235 1.9180626026821497
1.1651147160441888 1.912202496560854
1.136861109617961 1.915225448899063
1.1404648373611344 1.9179075240786134
1.125156805831459 1.9041267324529731
1.1687648086699198 1.9049682156189576
1.1464754339863048 1.9187437935306682
1.1359349727248689 1.9142242942747076
1.1305617934253345 1.9095677051301712
1.168078648317966 1.9067673512430878
1.1256785900040374 1.9041163532999583
1.123526244692618 1.9018901850172123
1.1685725820423842 1.90549095874046
1.1385015202897175 1.9159889090339024
1.1279710823489553 1.9072278865154804
1.1471449616748177 1.9181291872349036
1.1608165981830962 1.915209515563558
1.159445196386124 1.9160427181048065
1.1381134428890223 1.9150944575294715
1.14453869223825 1.917805308038798
1.1648794832024483 1.9109250308052634
1.153783508739656 1.917819709299691
1.132681348376334 1.9103145692454246
1.1321257104736353 1.9098905055622506
1.1374728240143628 1.9140874878607252
1.1365109807259577 1.9130816175828018
1.1473748501679237 1.917354251254685
1.1289849449753278 1.907053120962087
1.1463096550519867 1.9171015875116069
1.1627323397271492 1.912664002235004
1.1645872838774947 1.910538649890831
1.1421457290402166 1.9159187859398874
1.1486731240770833 1.917152577132888
1.1265234835440276 1.90257793913578
1.162698350403913 1.9118329451611227
1.1312384596396312 1.9077424732278037
1.167449321610908 1.905440167708533
1.1608447516381406 1.9132245125703589
1.1398747720144489 1.9143978999316074
1.1314608110149504 1.9077232862075038
1.1269528336553076 1.902632008587146
1.1361851036407922 1.9111253059642057
1.126772451831088 1.9024911434869134
1.137830343180353 1.9128802217143275
1.1662411850052983 1.9079269256218976
1.1506077689355607 1.915831662894955
1.1422499227907712 1.9148172673921207
1.1385031577114189 1.9129027804461272
1.1606494527475801 1.9127269828786115
1.1543250437200556 1.915569661413779
1.1303756292810685 1.9058429422800751
1.1403102899409332 1.9139690201772925
1.159718464137412 1.9131387543132994
1.1468826708062414 1.9150255853230211
1.163913249398687 1.9093781468605833
1.153826348332248 1.915187267250238
1.1290237968454362 1.904196987243016
1.1545802210273348 1.9150881027116795
1.157191907384245 1.9142460011645086
1.1598603457160426 1.9129153031342345
1.1412637481090178 1.9134694224480562
1.151515226033759 1.9150589903532318
1.1588900975990735 1.9130114515967467
1.145953887067262 1.9144524678165964
1.1370496886931698 1.9104801638290219
1.13183807960119 1.9064564255330585
1.1309287693714722 1.9051256421887133
1.1371453607390059 1.9103899250476686
1.1535993185722238 1.9145019832734187
1.1486949329169773 1.9149997330002788
1.1395671444064024 1.912265943637536
1.153333813068375 1.914255619371784
1.135292602448857 1.9085621062779878
1.1407571809979187 1.9124453193943485
1.1619162014783908 1.9103525830214212
1.1365198807361407 1.9094815956183107
1.166322653911455 1.9052904317210173
1.168441307012725 1.9015188767299875
1.145655399703459 1.9131407025917309
1.132754002307648 1.905534616205653
1.1682586175772023 1.9014511872799065
1.137954792740218 1.9099287193420353
1.1418833658834542 1.9117517944684472
1.1682370763888679 1.9012661331568852
1.157353641234771 1.9122524862363308
1.1523507607136823 1.9130831196962348
1.1486177114199074 1.9135814361059047
1.1462408741990753 1.9129198856012732
1.1652130216545546 1.906204419989922
1.1557355857657936 1.912781211271538
1.158628466982222 1.9111952887276062
1.143699850043574 1.9124646248743198
1.141433154677805 1.9112875576167285
1.137287920782855 1.9088903633070822
1.1565055363454924 1.9124598335733523
1.1445935890175518 1.9122906996474582
1.1478114654326692 1.9127371055964855
1.145809650576131 1.9122040853538833
1.131540034646086 1.9033527275843862
1.1461282428688884 1.9121887592191469
1.1396256702414596 1.910262050863038
1.1541175196461948 1.912338402308662
1.1476158189101247 1.9123180371848687
1.1398589989475307 1.9100691575357944
1.133873851443299 1.904882397027019
1.1450018426204098 1.911486223298068
1.1578683436205939 1.9107429235184328
1.163644051257836 1.906999940254444
1.1589419364360576 1.9100932388924077
1.139297600647385 1.9095966902662556
1.1309545286893703 1.9023188988542348
1.135347321752897 1.906191324393821
1.151400797000511 1.911818829511959
1.1650840477148068 1.904694349152793
1.1502179226302227 1.911602098500828
1.1638434861861477 1.9057136440004243
1.154244252978326 1.9112398161457103
1.155901002105591 1.9109243067985977
1.1434753271697922 1.9106017126006816
1.143169675194119 1.9102857574524073
1.154523457860327 1.91117226642988
1.1653109572963463 1.9042019414575762
1.163733085595624 1.9055696898135976
1.1314800210699119 1.9021087037680549
1.133059171119836 1.903032007012484
1.142036182956801 1.909576462487374
1.148717603751635 1.9112781146931963
1.1425194732832535 1.9098204592886625
1.1613752129117318 1.9076438421434414
1.1335590485480103 1.902968865516655
1.1576497286990233 1.9097030534056203
1.16351797515849 1.9056370084999867
1.1304073380809465 1.9003704963949435
1.1429350138933547 1.9097135083780388
1.1446409356358385 1.9098383950955855
1.1649292741505217 1.9034948970451722
1.1350527204518261 1.9036946147394262
1.1631955670798217 1.9054456125978125
1.1358542444103137 1.9041169691663176
1.150348117543458 1.9097994117803578
1.1341181970862402 1.902309533342257
1.1346151297390246 1.9025795360566102
1.1491989674547105 1.9096333169571356
1.1364342064299633 1.9043047396006503
1.1533543009443 1.9092766718856302
1.1616992023129151 1.9057872775312181
1.132071798977007 1.900316852014309
1.1396666575976335 1.9071594646883518
1.1340467688062417 1.9019123996147755
1.1414146633012687 1.9076463185525507
1.1519044027961356 1.9088505757647691
1.1519071808131047 1.9087775104011209
1.1430357134688596 1.907878262751088
1.143349478022945 1.90784698385698
1.1436139768473281 1.9081485551868995
1.1623832218431418 1.9044212825195204
1.163434865228816 1.9032716019712457
1.1448907018545105 1.9078458512067928
1.1357360523729803 1.9022799758151117
1.1424061041019378 1.9071645528613688
1.162876960067069 1.9035124982456304
1.1659042096992287 1.9004760303850683
1.1517062644495748 1.908367804593797
1.1595336862316985 1.906023316449273
1.165721863675363 1.900748861697186
1.1586917379276365 1.9064127211916757
1.1451332252297968 1.9072908678830427
1.1656659878017017 1.9005530537018365
1.1508209553891153 1.9081447979414394
1.1559877429319207 1.9076286688415296
1.146040022470121 1.907453262860212
1.1551312272071093 1.9078092136413975
1.1490206265093663 1.9080149688867272
1.1594189927166634 1.9050889805934994
1.1356806526086165 1.9015999316221546
1.1434195807505572 1.906588622133717
1.1611625113733808 1.9040572353748146
1.1392707943098674 1.9041792488773175
1.1585576434517675 1.9055479711339816
1.1378249329590102 1.902839330729127
1.1368442105083139 1.9021282395569092
1.146562566308615 1.906474753376088
1.1482409058688792 1.9070725058731002
1.1587866879307893 1.9047356693008832
1.1381231128169191 1.902568433532149
1.1446963744555723 1.9060030817890306
1.1386230953800138 1.9028543164205267
1.1512998813408746 1.9067015210569933
1.140206017685586 1.9040728554685642
1.1597887493734942 1.9041947603327531
1.1544158675866936 1.9065219340034092
1.162076918665537 1.9024188476639503
1.1408253230437886 1.9041287707238324
1.1362739763836296 1.9005840810511108
1.1594283715717206 1.9040020299781024
1.1604015533998309 1.9036490436436406
1.1465615982618445 1.9053460359546324
1.1521002303584993 1.9058736245094086
1.1486188203432914 1.9064626675698653
1.145563563626763 1.9048802357982721
1.1416204417264293 1.9036834685381607
1.13648471702557 1.9004124491520828
1.1567919091553036 1.9048924857650722
1.1530445013341981 1.905176422810955
1.1523444388184552 1.9049683915328097
1.14892132634905 1.9055808650822994
1.148709583337248 1.9052971221324255
1.1588477217698556 1.9030619960720792
1.1410413872900707 1.9026285881985592
1.1493317002236667 1.904677638321601
1.1580901414195646 1.9033820646391684
1.1599034534874555 1.902654611312845
1.1609094826949837 1.9021035894555653
1.1514159788276783 1.9043288602918034
1.1518693328317253 1.9037756491372195
1.1527554250467875 1.9035857584200024
1.148134088811973 1.903871480385563
1.1412576932210359 1.9020899385228274
1.1457540507883057 1.903009625108846
1.156916955895803 1.9030292442789343
1.1576637406246086 1.902427081788951
1.1585215999246763 1.9021790394173121
1.155367410085494 1.9032286540252308
1.155575626468055 1.902925780696282
1.1494150073851057 1.9028628283270987
1.1606683056702753 1.9009118027928629
1.1403975653906269 1.9008463755954732
1.1456319326452324 1.90216763580985
1.1517773964870173 1.9027822218725163
1.1600090246179307 1.9008895177291651
1.1412968582586387 1.9003869718273787
1.1452851434297355 1.901772676833195
1.1505434170352002 1.9018632385086778
1.1537620861365614 1.9020151846928717
1.1506745388390787 1.901778894384503
1.1582031357065468 1.900087355525784
1.1570397375162005 1.9011294617011074
1.1452458855769092 1.9001718275066406
1.1476325807012702 1.9011104398825547
1.1477516316426588 1.9012587336781104
1.1479128986851517 1.9011084257588324
1.147028618917862 1.9001410673305035
1.1540033822344615 1.9011092481350025
1.1529663988080336 1.9005978617672463
1.1511326606362597 1.900906980350828
1.1559917219777893 1.9003346971617414
1.1509476888316252 1.9003493016326927
1.1548388657827244 1.9007788068616873
1.1484422624245278 1.9004550613332396
1.151296788423014 1.900365453195169
