mlo mup beta
1.1827838336516285 2.0755905581837752 13.177061368370932
1.1293389190635774 2.5094046934044334 7.9373382963516885
1.1266371398613437 2.304488592671705 7.019928144153656
1.1273521586002206 2.0980209854537026 7.272165313946065
1.1537273164818767 2.854565773671066 10.759295945310887
1.1254745700352833 2.0753770608854074 6.5089528186779315
1.1339478742024753 2.114420394451285 7.973173520319573
1.1476516893629407 1.9382482580539375 3.569204624693148
1.182684990158774 2.4856046310661 12.083809498845827
1.1344701324391453 2.51631401562131 6.915544403576547
1.1704300195282504 2.6293944987437974 5.178517505427436
1.144672493104636 2.659226186741881 9.206299666070521
1.1365968028148767 2.079764313021315 4.820315628485748
1.1516198185712367 2.4679538862811037 5.411896416334844
1.14681188956787 2.265859557040107 9.421288978018309
1.1441115077400212 2.2771903836338256 5.453193331829002
1.138679375159693 2.5337984508784612 7.5998513333194
1.1531488605459987 2.0589705245463636 4.298600007591647
1.1326334294122984 2.089944066623254 6.461085945049183
1.1408116688203143 2.894897245175205 7.064604887299927
1.1563849417360155 2.392086378353066 5.339583569624587
1.181725768243914 2.73823282975803 11.69457804677699
1.1730941490429512 2.6374979726891863 12.38345219437478
1.1825459433852548 2.5571592923552062 6.83110974966395
1.1383321453152722 2.259852554904465 6.864834640319637
1.1419434625090024 2.0210554289770988 8.450126669500012
1.1395417030046513 2.327969925996921 6.799753467156389
1.1675153738285338 2.6784587866102973 5.494952171649675
1.1852085751960022 2.2142024526442126 9.548724406858769
1.1644068051740915 2.8899216309713847 5.657677229885216
1.1469328131877865 2.095566307895306 4.954904579847527
1.1701950745294063 2.2045791113320403 12.051076104871338
1.1702474851177391 2.3292999705185036 12.038603142854527
1.1411322601967664 2.1323798539380903 7.859149058897691
1.1617855073961123 2.2616540873084263 10.959773477039805
1.1595870204564487 1.9213141300433625 3.9554075151819053
1.1445598784656075 2.111842431742441 8.46529838929553
1.1574039494651118 2.649618520683286 10.262119673049895
1.152391385889422 2.7577254846091224 6.152522388020193
1.1540983478761202 2.7822197899551684 9.728556068271203
1.1534185887039567 2.718136398449105 9.597399300888801
1.1684266637683813 2.566547670365366 11.720439827150283
1.1521687447676663 2.234554435786118 9.436964476468486
1.159777980648397 2.0382409717766103 10.627365660833096
1.147193133135786 2.4109530361611684 8.447932867362306
1.1403308148340272 2.167371524098866 6.755038596091117
1.1583023799221426 2.7686100674279697 10.192949403073946
1.156959445389863 2.612856255121107 9.972723198843694
1.1562534392397694 2.3362681984189386 5.671173438053124
1.1641626527191948 2.2492007086898784 11.011750481142727
1.1559548846708043 2.1828275543811286 9.869308418229217
1.1818589747584278 2.0059183995275403 10.98299128378758
1.1599261903754121 2.504664768776089 10.318017895774993
1.1502136895762989 2.792845012399076 6.745392850243508
1.163322579737481 2.059132850259246 4.625259816323339
1.1460402035765354 2.056744938406212 8.332322390159502
1.148660949210295 2.8048441426578807 7.177792572345735
1.1445698249261231 2.21149690616458 7.372815930730175
1.1492095978766301 2.6721050971583136 8.203771536668862
1.138903344760683 1.9727918439704322 5.909549073249419
1.146171411202233 2.051807060573416 5.387275522255912
1.1771338151763273 2.5894880854535463 11.675164204587457
1.1793278809964303 2.159578866834904 11.440456466360658
1.1763316150300311 2.766441063183056 11.70860281459322
1.1459364264994687 2.2284950533845778 7.546131552055613
1.1813031752712861 2.647002855362543 10.819276999710489
1.151284578414917 2.2970909676779243 6.138444052921523
1.162965777065035 2.193473800082186 10.605908561074596
1.1436523509255 1.988432393621761 5.308805200476069
1.1591323908272304 2.22124854657409 5.516735097823647
1.1621445132975747 2.7816933716489727 6.1330906402230845
1.1830032957256416 2.411775515545124 7.944614870721194
1.1543170348486564 2.269449869121756 9.221256175581079
1.1509664230212104 2.621775244940264 8.312954613839795
1.1531142091422688 2.125486031316058 5.47291541111203
1.1517770474539546 2.6686884909559097 6.850124047981298
1.1645596347128957 2.240635799440322 5.433394042877204
1.1746594573945288 2.747164121900017 11.603679081724525
1.1585229360614513 2.6294946714313507 6.270387801705562
1.166960802494173 2.5227131977405994 11.025008300350223
1.1634605214537017 2.305841212508918 10.54248963980998
1.1420851480450323 1.9599240141832484 6.732191112541724
1.1571839517384817 2.7600413944113438 9.467140509964462
1.1525865279932703 2.700910410127652 8.44750251948934
1.1572177053389605 2.7038011723665 9.459675616305466
1.1543859416341484 2.080210702587324 9.241874383191968
1.1620302606513553 2.174366999918634 10.316881108776599
1.1506703515711845 2.3371997222168925 8.110253660914665
1.1749932625833577 1.9710807036834737 4.695609554832124
1.1596266110337954 2.690704055726145 6.339103203794904
1.1620945329834496 2.1026755685425575 5.1357384240191415
1.1795075240424464 2.2697787426096796 11.063806836587027
1.1746039064206029 2.0477003495714294 5.001053799157791
1.1518405734583312 1.9389267873267186 8.481557659883613
1.1521984104398946 2.0807735647013486 8.782503963577602
1.1679349919394877 2.754024277067406 11.028610086548085
1.1541466924889088 2.3905372327090535 8.833406623209465
1.1582875027508241 2.429568984343853 9.589416698919166
1.1680564570490226 2.5302083092492014 11.046931828112768
1.1519329438352472 1.9247642196251253 4.959029987114317
1.145243813052573 2.083285757704092 6.660704969636782
1.1717419294502132 2.490087601346208 11.391214817818131
1.1514272172497904 2.2408509156099123 8.336923003810393
1.1502754199199894 1.9498456054427284 5.027515596911309
1.1498463393620597 2.324341444946271 7.318758238893489
1.1534479906254775 2.1752961605299084 5.903737598659676
1.144136013808765 1.961908128589176 5.751870625773581
1.149079980417762 2.2359049846164543 7.512925595228198
1.178747747572752 2.32123936827957 6.469857865185485
1.182377808413777 2.4321322351465517 9.485539888268965
1.161139811561224 2.804944776972177 6.414319672174994
1.1541420591485432 2.5792507795485267 6.953934153406644
1.1698501509280774 2.090708102553505 11.206398162587426
1.1524041763362998 2.4416539152005337 7.130578584388761
1.1822420668682492 2.5642653041759624 9.150377361300349
1.1610405126074006 2.0669741708696034 10.020740222622868
1.1638893777599193 2.6524044454268054 10.284631956844077
1.1549257377630258 2.7345683015640434 7.041180673186526
1.1665827989915143 2.793947457517972 6.26570478964639
1.1723994607950743 2.7195629235954297 6.232840550623191
1.1554970342194892 2.479446065807627 8.726481741250195
1.1614971525477051 1.9870575219780342 4.762389503325238
1.14963464027309 2.133828956218381 6.526428953819249
1.155312413582091 2.8247279543603723 7.206323129255704
1.160425213935272 1.9610394451879578 9.712821271537335
1.1545965169077996 1.9948220172475015 8.931363115728422
1.150367114813777 2.0385156372501494 5.695034178931943
1.1749496964860355 2.822000282756212 11.215682809474359
1.1602861164930407 2.143480676781516 5.5940066750137625
1.1609772368824505 2.5188194120046257 9.697181842052169
1.1814542836908648 2.655597901297079 8.199337520904297
1.1511494630572916 2.146050489993658 7.9436374155774665
1.1467108379012647 1.9506924531803773 5.994121998174897
1.1549306778902326 2.106442121738696 8.856358576524116
1.1647772162029486 2.385910309008488 6.053985608059623
1.1701347586425663 1.9308392757176378 10.703750713520746
1.178389421647115 2.8545621330452793 7.046030154873046
1.1752794661373045 2.4536519635619864 11.160935681116346
1.1534454156818912 2.3910118302741368 7.4478499730466545
1.1551159994840248 2.37042353970793 6.784932275104943
1.1753283217382868 2.322081735208198 11.14948590758728
1.1683279028682372 2.394135559655282 5.988098318329914
1.1748952079386756 2.6760540953114447 11.134289556214984
1.1789783073669442 2.8926696894084882 10.633143181292162
1.1821392629307759 1.9565339874361216 9.248174960729873
1.179250753517095 2.6775691923641354 10.577374728189664
1.1598816953818711 2.727535704640864 9.365959941317012
1.1516039939444231 2.027864352736698 8.249232371330612
1.1559344025378426 2.057151974537451 9.012505331784325
1.1612672656217056 2.549025710996415 9.635951005049037
1.151236977176844 2.1615137650774328 6.744240372604759
1.1542477515904102 2.0865479961755287 5.78606712602163
1.1591549915869597 2.8137257118537793 9.181134711283356
1.1635424340577998 1.925027435362567 4.748369193559375
1.1782216860088737 2.630032430399644 10.78753103509651
1.181427305905698 2.6703688440412967 8.515136339239538
1.1725506105730326 2.3634783467042224 11.089398270516423
1.148692406780469 2.0585101775312062 6.418738884790329
1.1662318642790133 2.8598551195646094 6.447856590473496
1.1795439871935112 2.7129471781115786 10.429500939047143
1.1774044169716853 2.6032959563320364 6.798309641196015
1.1703218786774543 2.05849260331222 11.002511957730032
1.1731192668438215 1.9436496286608507 4.815893093537481
1.158026335683001 2.8713271454676415 7.120449186712111
1.1647942085820935 2.5952723335776886 10.141028383086756
1.1716214235317854 2.1734698714873972 11.023595768958582
1.1769506276384545 2.80114520971442 10.87985292763098
1.1725392217527406 2.227629144024399 5.819165054847938
1.161035123933081 2.3555119312816637 9.517405681673543
1.1795271440338198 2.4160671351886913 7.185803552725476
1.1773395929336687 2.095381648200843 10.94906855596612
1.1595601582979667 2.0128160263557913 9.500688779334133
1.163975012359722 2.2378044909798236 5.913301450054629
1.1713304128120592 2.75321720061099 10.921285080407117
1.1597881162937318 2.433897657979999 9.244402564256072
1.171873398342545 2.6944024129578428 6.386383302528486
1.166342060429663 2.6952599242716344 10.322022133776489
1.1576406086960356 2.3841675560818216 6.733605036155813
1.1604877328687933 2.762130481934335 9.293252460703503
1.181332151437413 2.473335093829359 8.64356427309223
1.1614473380578842 2.095444142065108 5.533695930015856
1.1568008463118082 2.872173180714733 8.02222641964645
1.1699259953593524 2.264549566081662 5.874483611292645
1.1786329486360363 2.2969853953645307 6.823163032557064
1.1669034618241998 2.1587232002398933 10.4500020495088
1.1806897640138774 2.214476375950589 9.823889362519337
1.1671708054460341 2.824597402971345 6.52639166951419
1.1578728520089263 2.8107296782933853 7.425500144275468
1.1719341011668984 2.5765461806195633 10.866194595542924
1.1516734281419705 2.0660066498292236 7.689992695992263
1.1642698909121514 2.2589200121015236 6.060714008761506
1.1517130016780803 2.1027710987117545 7.368313266865908
1.1786301508691088 2.5873203322192317 7.262833677915836
1.1496214411780896 2.018453631280385 7.184021362306517
1.1744373442407017 2.7901109572429847 10.874601135183292
1.1513893079045594 2.0814508257492004 6.711360302482435
1.1647463764733845 2.4966079312593576 9.92810346070105
1.1565314153037347 2.0848873489337487 5.891913628114873
1.1725608793664168 2.1244375654227503 10.916767416133423
1.168723504259336 2.871387795531903 10.506233499056787
1.1805528313384002 2.1120640852402284 9.867238913988084
1.1809486911548834 2.4238946238139807 8.708906287143112
1.176375992860869 2.3518517316154 10.764100364747712
1.1801796038808456 2.787340972010016 8.104655698132287
1.1544505855149927 2.2017273705168905 7.786356182848255
1.16947382822723 1.971951070036697 4.869913163435788
1.1774314854900727 2.475536399354136 6.898647829162444
1.172661674802125 2.455921130902182 10.819435592687942
1.1503331691777365 2.0395701255071454 6.889231808612495
1.1529808122164606 1.9441645000975345 7.690065951835836
1.1595073394113862 2.8956434868359935 8.695470114810034
1.167899092019312 2.560262176931472 10.361848250957571
1.1754281404164433 2.586268662097468 10.77414455586695
1.156722156507631 2.3178146241684985 8.174243587216228
1.1602340702269032 2.1983685051856297 6.2011357336600135
1.1591090016897323 2.334620103919171 6.7383775778322
1.1519619766396485 1.9574799958605293 7.526982606430536
1.154896243074388 1.91887808314715 5.764138247762698
1.1670505531992963 2.8723655050615564 6.675645444160779
1.1542287294812805 2.163972020337112 7.56539079713262
1.1566533327043005 2.3603911932024935 7.837643185960779
1.1723864881245911 2.380498166975632 10.759278035167632
1.1804443796760407 2.698089038118311 8.773251109471202
1.1649982213716246 2.538231514269139 6.593193317154997
1.1528407690365867 1.955018607079823 5.852059774863573
1.1595304180470027 2.3849378352391177 8.777563413929748
1.1808231410987626 2.2514335980642572 8.201406931046561
1.1653039687702442 2.3198837209152954 6.279857856703812
1.1768614967534843 2.4812032567575413 10.557521692433022
1.1596425557673196 2.809156219081413 8.501958952468426
1.1665382147268353 2.3176516389247026 10.104625406473435
1.159324447167337 2.0077907456919877 5.402281061899441
1.152645185948257 2.0638600063959642 7.446929319831964
1.1561973000963586 1.901173791346549 6.150641091231902
1.1604815881141013 2.2568208424433993 9.071188475953333
1.1606426009697466 2.8463480092571922 7.30124884664286
1.1586176924247134 2.6368969046089457 7.800739487093066
1.154864933290374 1.9122690009654613 7.159886527521206
1.1550889551488996 2.1912916796271547 7.478553297838243
1.1803599670982108 2.4870727149142784 8.473783092550597
1.1648928368433429 2.172280095842765 5.932953499506423
1.1660860196682137 1.9181102925010467 5.052664443721595
1.1805371320182534 2.3618052332001547 8.945330713218933
1.15936779446991 2.886298279571428 7.892802745232192
1.1722365624507385 1.9771901301952237 10.712663640904772
1.1739413978176594 2.3872072453961204 10.689703690095198
1.1602277508795553 2.2956706507681517 8.932530556624311
1.1640766259210586 2.59367566410058 6.785216365104967
1.1671537952323061 2.6492963559376586 6.637778542496381
1.179041086891805 2.747725149232367 9.906661374582171
1.163353362148736 2.810620830395448 9.39525467277963
1.1727699946277446 1.9756499363135474 5.116511542763567
1.1707860339576013 2.133650903635518 10.640593926697715
1.1617332489426193 2.4305899866498946 9.127022903948745
1.1650443198349487 2.4401566052886157 9.759549943165647
1.1788664481609261 2.159846991025808 10.17805650882071
1.1811025126692747 1.9377513830408661 7.676170388154331
1.1683292513956522 2.291792601536076 6.165948127760236
1.179090414415384 2.728586353882787 7.841835210053592
1.1680546740542035 2.4303616824199095 6.418905992519971
1.1620759713274904 2.769356051238737 7.158323258698758
1.1718647444123516 2.6266225734910766 6.612521779675763
1.1723221066550384 1.985507209912174 10.688463794911977
1.1736496050278196 2.40465425157847 6.511062012526983
1.177861286616255 2.726689140598897 10.228744047633976
1.1621316824768975 2.4192206241531427 9.136086918656797
1.1682510776212705 2.2292096029574657 6.05295935132955
1.1795303351357063 2.106347731450566 6.906412588642246
1.1562563208677021 2.0568280045812677 6.066859511329016
1.1699875782732614 2.073806654467962 10.544654065437438
1.1581916966775818 1.9006539623340764 7.504447847822741
1.1768052981360568 2.675986852154737 7.17405527365724
1.1792404613913186 2.1003158944317244 6.815887329070311
1.1614806398868973 2.723954391742096 7.317600249850781
1.1659507236012119 2.3805544148026283 6.489231431493087
1.1703497794334117 2.6015058393681336 10.407962952566647
1.1582881907815832 2.0940818128346255 6.146041581822464
1.1750481913714708 2.4838984545266865 6.765093413625406
1.159598171389029 2.537118449135707 8.05433720482895
1.1723156035278475 2.7866749090554572 6.780915594261023
1.1744002490816259 2.653986343813961 6.859074565179375
1.1792938313388437 2.72111946141176 8.11686959992756
1.178319525618042 2.0384296753693043 10.276035437938706
1.1577575558478277 2.0382935969559703 5.882183727164925
1.1536255091229535 1.95484890432129 6.195605019964628
1.1563116094540073 2.018268592688993 5.903489522132732
1.1813304969619471 1.9895157936878896 8.600014856746474
1.1573915277896938 2.1115869855402276 8.281540686846805
1.1680277424778718 2.019166126683067 5.2875979341120924
1.1642742086701037 1.9562058483492248 9.508069693666336
1.1798683509896275 2.4608043360554044 8.586904145818004
1.1528724279086773 1.9664508844568034 7.01384250055826
1.179544114429989 2.8937342597005182 9.026395034828347
1.161639922706366 2.8935275377995016 8.60254253334394
1.17943374846373 2.8001515117613556 8.385158691559402
1.1614366663991786 2.6420585202139115 7.436430277866931
1.1629215950461531 2.3068413671391186 6.65478136249668
1.1730645998035607 2.8194562267158685 10.464214448158353
1.1768988922468895 2.713170062396583 10.227229687157852
1.1689852538193002 2.765911190129896 10.150400147406856
1.1793541019723028 2.1431282860301026 7.1600732447934
1.1711465099098626 2.0721919760058105 10.534373874965535
1.1682377388578193 2.6855622280068396 10.047893136161653
1.1619681870106287 2.5159295372845536 7.191270804249397
1.171843612899071 2.5995186713327483 10.424653686149416
1.1766536539340435 1.9813243941607324 5.731242879017712
1.179446014303855 2.6218121679755986 8.366060186654709
1.1609133045881173 2.7265738073593124 8.063480585669547
1.1640868641952027 2.325002301304211 9.368309562698531
1.175251732080717 2.7899124479885837 7.0997754214427395
1.1720938172487243 2.546601515056389 10.415268072651717
1.1628898099168943 2.1619638263530345 6.2343063800337255
1.166325886357988 2.3312763584488456 6.492416898526892
1.1658645381034844 2.3757258135780326 6.60415284689938
1.160802935748448 2.320107638593541 8.60804203477095
1.1756299708374356 2.250150864788108 10.431721399228554
1.1749987786704192 2.3068001954881594 10.456624669795154
1.1791378205464322 2.811981105510905 8.424189824503635
1.1686018222584327 2.0767302175259488 10.253125250519869
1.165060382334921 2.780618054306766 9.40839321265329
1.179746183452814 2.363771318347989 8.953466247719005
1.161350935030819 1.9516504613813108 5.43539997010925
1.1770141700690888 2.497803042928625 10.157288575564621
1.1604894635330485 2.501822386483934 7.787909556779825
1.1723797258073727 2.2325220996601454 6.256302825574242
1.1533488093437096 1.998325443953068 6.920311249472064
1.1752037289851025 2.0048658817164298 5.619136802944206
1.1694980950212206 1.9372426454493719 5.165356230651113
1.1644645808130392 2.863862390697143 9.218556166521124
1.1703799378224273 2.7225716386148178 10.226301814838916
1.1563412188533781 1.9266985143884574 7.247331463644002
1.1678980317039638 2.6627729138133294 6.859313962392012
1.1757974407415275 2.1643191687722485 10.394651842230182
1.1611602377341308 2.4198120283839577 8.457999595279917
1.1644702495397925 1.9270500594028486 5.369824913533046
1.1600848229113079 2.119115680204187 8.696363548824506
1.178756837392386 2.103861605274601 9.87216505021362
1.1670628720672875 2.609741178430143 6.882385995648914
1.1617914670580989 2.694928078850674 7.731848587328036
1.158860368676989 2.2475493629667183 7.6475277650942
1.177381978612135 2.2458690258247964 10.111823299446934
1.161702091814389 2.6166121322711287 8.370120814831592
1.1682034952258498 2.473881253849003 6.689981110229139
1.17432651005481 2.2151395130279306 10.427224675614609
1.1594969226358343 1.9802595349463046 5.630678499099492
1.168323210028816 2.8812024997754326 6.962843391886665
1.1669183668087897 2.235407170351625 9.82441122545702
1.1779260785843362 2.8573192222829813 9.782181015032396
1.1659067102271203 2.5796087127232745 6.949120779538047
1.1733233756835544 2.375978325431746 10.376584970201947
1.178797363830587 2.4629509094436672 9.418980693133868
1.1681443204260216 2.866183343687848 9.882045235792432
1.1613720935366567 2.399420854718353 8.45492309838327
1.1701514739374916 2.1548531779044895 10.27394118850311
1.1561094780057215 2.0023531536741612 6.100156752916256
1.1580726420358558 1.9165906283416303 7.384439969694855
1.1648456756353096 2.734545751715985 9.22474686851594
1.170503598656134 2.67381476346502 10.170100251637802
1.155559148019719 2.068434815659673 7.200364812821624
1.178860887228978 2.252696621341833 7.582126084827927
1.160525977808274 2.260503154936554 7.066054960581194
1.1755016293700487 2.0011464780445554 10.434653104871733
1.1576767341215866 1.95274427849709 8.025721412832482
1.1779863119689205 2.1350626757517577 10.010715014448381
1.1678191898698134 2.575241010663392 6.861286174752834
1.1620031470386545 2.600839654155231 8.33279116840093
1.1593842263360115 2.217769384225221 8.003580267933835
1.1618724967829746 2.54984664625981 7.6618343268731355
1.1595900360627747 2.1932474019727954 6.981594670309782
1.1637612432733824 2.11019405439772 6.081390403272188
1.178608313632616 2.0611716175818056 6.7230232682335735
1.1674241735426794 2.341472057755444 9.790941896326025
1.1780014670598977 2.5243615387256995 7.7169942068392245
1.1604456127173302 2.158363783948692 6.627006228560029
1.1702361139339046 2.7216222277048345 6.906792782733049
1.1785372639831495 2.7857442815778306 8.299002891198159
1.1768925179409546 2.2190576550867065 10.119325602281593
1.1575528119445053 1.9323258307238589 7.5483962393617645
1.1640597360943092 2.8344403636330977 8.898371619185468
1.173283206856353 2.5088618780990766 6.863590828703867
1.1751116384794182 2.7608342663302183 10.193407063566958
1.1607447125868144 2.0896855728277677 8.744727144207681
1.177140837295659 1.9451168364114202 6.01002362347791
1.1674734353651361 2.225078254409154 6.337958787604446
1.1625656524127312 2.4336805203803378 8.626764491424362
1.1584221859456534 2.0457406577266593 6.214485526476087
1.1637011930975627 2.636012173205671 7.430292516021613
1.1704585359028679 1.9482306527234585 10.032796345576685
1.1730118366904079 2.61951108193014 10.218646233695026
1.1674791379525782 2.609826149217875 6.981299943894268
1.160447741060127 2.199103177935697 6.9583270046807915
1.1743353831560046 2.6570930338033 7.117260292192144
1.166116329996373 2.013908196339691 9.73794977179065
1.1598442024488498 2.21434386756916 7.301963694278346
1.155771402705743 2.0392386722064453 6.9500281856094155
1.179184656313379 2.292502261767041 8.380682647303344
1.1664383443297444 2.6350905870585386 9.405981926846824
1.180302050391144 1.964165839354539 8.464610299892536
1.1550619532189945 1.9758013382746573 7.091332885477966
1.1636747463975736 2.2008157656144802 6.587135609032156
1.1668194209627878 2.6232879963078233 9.481459890001053
1.1789773966801491 1.97790951361059 6.6434087628935075
1.1786638089189698 2.505221112707404 8.898543160630327
1.1689423245532622 2.0278850417631586 5.533865384671419
1.1569405353575088 1.9347500938862632 6.874312082542508
1.1687074426947306 2.827070974349331 7.085820152701279
1.1631321847741918 2.742042063764928 7.9939589548234
1.163684422441488 2.8027920689992896 8.513000287328534
1.1703293142425464 2.1283896643039255 6.021444471322592
1.1787614476961636 2.442640354068567 8.670476715514695
1.162423734690511 2.2878110581570152 7.092992069127625
1.1731619748443955 2.1094241759315357 6.068920781940857
1.1636081634559206 2.534498909836492 8.664364270933824
1.1785455663942275 2.4460047528235904 8.259664809359325
1.1573573377620316 2.08088123524774 7.105635151995363
1.1571033889499747 2.0172697376395745 6.352630402663525
1.1621009612098763 2.223069515036558 8.603496124213418
1.1645291252958443 2.8105111604108983 8.786659523337434
1.1632331427726166 2.575779379705009 8.418273717390424
1.1723567375712818 2.117490130271446 10.256380488080977
1.1771059735634473 2.375438185388537 9.790380688404998
1.1750857270713566 1.9912174850263626 10.259019155374364
1.1708037500441881 2.789031175121926 7.078549298020855
1.1628285723276819 1.9802058781343312 9.026145125450794
1.1776222065601722 2.8764024826132997 8.095181661068196
1.156663663199791 1.9558937707589785 7.3179554873279145
1.1660959248164342 2.4024317739109327 6.961799373890528
1.1719091958212349 2.767338514879975 7.098565486148315
1.1571162610662211 1.9402873885160392 6.691170882522616
1.1636718634464849 2.6279969966544714 7.791606961169917
1.1759824371580656 2.3901720235103268 9.94560396012338
1.1641697834725988 2.773938102485663 8.517294217925775
1.1613963222790211 2.1312211852637075 6.630761739142313
1.164596780853364 2.596620197507626 8.810437128215117
1.1720253941595542 2.3172423256669377 10.12088123766437
1.1695682314010099 1.9564008831798074 5.365343155541588
1.1615845618891278 2.004003480407289 5.8269584076500625
1.1635778641657692 2.6659803218234264 8.048529549871018
1.1667442621825692 2.612367279785383 9.344338403847098
1.1572965477474795 1.97687178018906 7.756825371797142
1.1775087997557607 2.081910312545116 9.90667021781339
1.1761929448402226 2.8780492723886315 9.772971897697182
1.175116404887543 2.81997620495148 7.442615442819813
1.1590195223055724 2.0160838299454578 8.235061546499313
1.1759888706813995 2.681723358496745 7.5568320488182685
1.1636081583113635 2.087491819680929 9.084853266883767
1.1746537575656806 2.833132933824829 9.95834791032235
1.1662985488683588 2.6461828349983323 9.20678070812856
1.1763948526869266 2.833680269665351 7.73877117500019
1.1644699438673631 2.880515787238159 7.941481373461926
1.1758566925934064 2.8662338992280274 7.625756009359154
1.1752899048819732 2.3042859750549782 10.019589039405734
1.1747395595657646 2.2960860881810983 10.06084331022682
1.1787880630059164 2.148620621399 9.222380407396082
1.168649904517109 2.4837983161660957 6.95182684681787
1.1783405913006135 2.120955883920374 9.520906168532836
1.168024105346877 2.818162617703643 9.494397112249919
1.1584537906672756 2.0045276179514815 6.22937860463195
1.1768523035180154 2.8226352258852563 7.900723838424362
1.1713744454250747 2.0850807360208745 5.948460142677677
1.1646865692960897 2.42705202252861 7.299775764926125
1.1634718960643449 2.2289667207029047 6.914327306115727
1.1665397402698516 2.3228380122810446 6.850052727131322
1.1769278739190452 1.939528863912789 9.583674522403205
1.1783085353987182 2.0331778224990242 9.67457011514976
1.1657448921182536 2.4238901426463366 9.112267990794585
1.1643421455040652 2.5350823261866533 8.544173839514869
1.1766332041212704 2.532574208914882 9.647950902518897
1.1796922016364206 1.953834722625233 7.594588330227213
1.1772099510272473 2.303790548514661 7.469504859062775
1.1632504220264694 2.3850645148019156 7.591445889527101
1.1769513465471972 1.9254937401048018 6.357988299063791
1.1656320778692169 2.589654217868275 8.976127656804065
1.1764210924444352 2.531735135798928 7.610251424734475
1.1654401764832154 2.551097559926199 7.3975541310048545
1.1730808823553793 2.608966994201139 9.965209383489528
1.1721292280805837 2.0869725905040424 10.169182224312571
1.1672746490157828 2.1141927900869524 9.622164076067202
1.1642276347606941 2.4587716937867645 7.5748322541650825
1.1653987782408664 2.7694809988335525 8.783024282802215
1.174315899768343 2.504199946227623 9.942141273430668
1.168297343084258 2.3197136497354585 9.627091497064281
1.1636449643921876 2.4410089517171056 8.244291262572414
1.1760175725898492 2.3538475657069817 7.290622983393261
1.1754811952421371 2.6658038246466123 9.807340378996361
1.1666996989962346 1.9586186505582044 9.421610701976862
1.1620355647028926 2.055517328593352 6.21337612418383
1.1719061072712715 2.051439147557 5.842296346080763
1.1636677206733372 2.4265102096936473 8.228348224929787
1.1614772044278758 2.208196501665917 7.91459127745229
1.1671654509588403 2.839820898422222 7.455856162522489
1.165432488144336 2.777768222384821 7.728317113669169
1.1610894628547603 2.133459217833366 8.187628152782768
1.1684801479879847 2.8248088508273463 9.492739107010959
1.167386089903438 2.568221216802576 9.303457271656308
1.17355534800692 2.2213501033715843 10.017786762212085
1.1675031802779132 2.5400633135482 9.328052021180817
1.1776465637771336 2.7328662620779647 8.78727359444225
1.1673116735878386 2.7852300294807417 7.444292015586614
1.1734751213600334 2.1797316481571185 6.537037361320543
1.1779539758423616 2.30950478878297 7.950534829609268
1.1740198447053714 2.404147215107734 7.106974545454769
1.1596592664565122 2.0544344427280072 8.06954063681553
1.1761144188564137 1.9765997060304554 9.915106546574636
1.177389686061318 2.5575901997005044 8.149576072326617
1.1775198321511064 2.1883452833444292 9.552640339127702
1.1733070936378092 1.916412592172502 9.453793627615992
1.173363106142078 2.668712636905747 9.863384654141068
1.1615690828608976 2.1905785007638356 7.467411519565783
1.170965563379818 2.2474361537794723 6.615714043750266
1.172137027385427 2.582837550348729 9.858859484996012
1.1678752219010238 2.7656982038771254 9.296216631352964
1.1637428271018204 2.38700053955468 7.898483615994053
1.1764238272442524 2.628418359709813 9.493196501176413
1.166495824865833 1.9212086747568267 5.741337453748848
1.1779476312755472 2.387940283513419 8.331380423832574
1.1697600193124704 2.2156577674677935 9.793719385744271
1.163865092403173 2.25583587113856 8.561472999346721
1.1628931880391 2.0622776565575487 8.793887279662222
1.177851280938123 2.0911815640860465 7.042151831000785
1.1766187877830712 1.904288595743091 6.8494044423422
1.1788483901791447 2.0759861647770648 7.470944219263462
1.1724337257541753 2.421746527022825 7.032506530341664
1.1633013744735785 2.105002624367141 6.500733957459678
1.1595311085978133 2.0825070163706343 7.149627951160618
1.1766719362429956 2.7023351870417556 9.340400109088362
1.1713123116691744 2.810442284929531 9.743876571944869
1.1780888499312732 2.339048485384571 8.690096203731343
1.1760132334776419 2.254042015555494 9.73354192753759
1.1654621731642645 2.8670205380904514 8.296997866302377
1.177383731071422 2.417205444959281 8.040519576692654
1.1683973918615909 2.4506795702735285 9.44732772766614
1.1758312080988413 2.4520843580924363 9.638734396355838
1.1748230524177845 2.6563584338889745 7.532087023646277
1.1783686150888275 1.9223827382038572 8.026238791030497
1.1701189490998496 2.3271007943532154 6.8325732209152275
1.1752306960228565 2.843032594225109 9.653165275457594
1.1665616041267346 1.998755138086536 9.465933738213767
1.163576732315144 2.3257187401593193 7.753655225206131
1.1711208746284947 2.452378052846619 9.764587093874228
1.1729330003640515 2.6201798339332245 9.797453217445922
1.159735827402771 2.013546512512829 6.358300949864779
1.1684897597774386 2.124362381672044 6.2422318779028565
1.1775027101675848 2.121225201286344 7.118853735402212
1.177213272884003 2.557333673989076 9.077544479981604
1.175814132264082 2.745945552883259 9.520266237570402
1.1644836536998984 2.3795814051427233 7.631992596748653
1.1711121258330894 2.4510384572828245 9.745347519883142
1.1582432077201186 2.0255774453381297 6.973028247288216
1.174184927208112 2.041061028054357 10.074779048015577
1.163767715405152 2.0303757009202754 8.954806764212789
1.1762734552558864 2.620074586669716 9.410995121706497
1.1758007123817977 2.494438598894323 9.5749135189207
1.1618948625778602 2.106802182347173 8.330986640676201
1.1757341579455254 1.9947860871164464 6.080990891817816
1.1639625659343529 2.1532758336553908 6.781041229966858
1.159383482710524 1.9823794997529582 6.342057801959701
1.158137810295863 1.9754400445783271 6.72090411538902
1.1640546264243654 2.3474186355873607 7.90623230165529
1.1760361211819343 2.891608452277861 9.358923437159886
1.1735437078678777 2.6699798417809086 9.707138851125345
1.1669353574679235 2.511080839558764 7.406736924599459
1.1644279395207624 2.3497807357131695 7.631643852056534
1.1755994499136415 2.308650510223023 7.281516611569412
1.1659885790328413 2.8257275898706804 8.080966321029562
1.1673150101569343 2.1356406024231434 9.416847148268007
1.1594145593697858 2.0561535951639227 7.083134085415178
1.173435611299281 2.414944186035831 9.77658322450711
1.162610419987494 2.186293862803182 8.124920955358892
1.16725078402228 2.242651793721256 6.810809143739469
1.1729553393536403 2.135463653477709 9.95611689691428
1.1757952170108747 2.4145368097751354 9.552382547471293
1.174770074612292 2.840826259375255 9.586629924991724
1.17206424209482 2.492420721423661 9.73970409739064
1.1668808019054437 2.2607186918652857 6.912058743348222
1.1681916885604358 2.645883636394963 9.216920428125361
1.172591489458138 2.821645869730664 9.660429666465383
1.1621012142246778 2.0200908813604177 6.191907897292467
1.167059735410276 2.3360522699895223 7.1150482683714
1.1664737922191475 2.832611817863885 7.983683669342714
1.1725954945230919 1.9222542316335303 9.382002949922681
1.1705790422088524 2.591899426612102 9.582825788684385
1.166174214256458 1.9563392786078193 5.698755760539456
1.1584038531285885 1.9852471915894474 7.341967158136766
1.1764406633550297 2.8356051848523265 9.082522823347663
1.170195292919777 2.2594100816619154 9.6714893993173
1.1657456010090412 2.5164173238928513 7.767112050687846
1.173514057061115 1.9098320338783843 6.114713678031864
1.1682866650569517 2.6162397749337063 9.222393147691289
1.175972624383923 2.310942517441206 7.4508235667596665
1.1725906984810401 2.095469881623963 9.947333162229118
1.1635543196540392 1.9272011973182157 8.151964484888019
1.1654929099350748 2.2209934508470277 6.960039416226834
1.1639781494602286 2.238957913192191 8.303209541229284
1.1774470684395038 2.3222896082664386 8.112936689659264
1.1647063070230486 2.210308126344654 8.660857792801913
1.163038270160441 2.198429043405195 7.430035283155366
1.1775756236806854 2.346746448173803 8.711452404677173
1.1701289296825954 2.8465649491738496 9.446961958492533
1.1700928177135812 2.268869519635994 9.630387565034088
1.1635120477606677 2.1966836845371707 7.253215909008771
1.1685538435660978 2.549034453773835 9.278566944058396
1.1680382149169404 2.3272750483551197 7.037966746883464
1.1786824006193661 2.1149416571443287 8.223428818560741
1.1714923998837938 2.560517649096046 9.6305340973094
1.1737090531366254 2.2231605591812826 9.790960322988303
1.1723911813587267 2.167611413750437 9.855692199622364
1.1662957268666942 2.2486124886859926 6.986980014437167
1.1764945479241677 2.837752304914811 8.870256089944936
1.1754681702181662 1.9004872015813525 8.532730170328943
1.1650669741975284 2.2620613763470168 7.252238651349238
1.1657003997622706 2.367837045370413 7.477030229122411
1.1667555175200102 2.876568839869816 8.46658475976323
1.1617407631178567 2.122130739843433 7.285634139166342
1.165451184881229 2.365633788123582 7.586466625634259
1.1741283847327857 2.152549517377195 6.696339292232949
1.175568630460797 2.7400864153402846 7.981897287314569
1.1753529104213143 2.6155195377231424 9.404098886683663
1.169412837267976 2.2313151063862504 6.740159595768912
1.1753871833680172 2.563909593897745 7.791235709358043
1.1668299065936032 2.7899736608121812 8.464316746506105
1.17351780275667 2.414693596534119 9.632766075573898
1.1731354521226587 1.9352557688726937 9.516320873681815
1.1779427274553387 2.2189805309062245 8.598464303827582
1.1711344779801651 1.983442015605425 5.704693569501417
1.1614859944551867 2.1104754120678715 7.642433989814895
1.1662765850604517 2.59019686618368 8.007079481836925
1.1639348248473316 2.0052375102128375 6.0435293553825
1.174616947661724 2.2715728411970164 7.1665303069062585
1.1777088654681704 2.0362876867520265 6.924703762677437
1.16765929879279 2.088672270846164 6.257651792362251
1.1751668199351235 2.4787610081787124 9.472393081268278
1.172538082164283 2.753153270867026 7.558033785622007
1.1695986513632202 2.725936676048222 9.286950218498728
1.1757711779475837 1.9412818153949893 9.380148310880497
1.1772633595002995 2.3206328296232006 8.715235773265519
1.1781977643137982 2.0006597246308013 6.999928325403586
1.1658320447618844 1.934049530793588 5.917787899104981
1.1594583292465575 2.01372599780951 6.9193122153640925
1.1657656012836752 2.412750873998403 8.363801716044051
1.1615615272736768 1.9668133020545415 8.099668834742538
1.1753335534759706 2.711747368262567 7.9918801105475605
1.1735905181114017 2.225806519473238 9.701889443838526
1.1670472622814865 2.369169471983117 7.370429320901202
1.177534000611434 2.0374701926686605 9.448352288805996
1.176072744393946 2.5717620163207955 8.205629379540504
1.1615020236472864 1.9921901885654043 6.285912707825853
1.168000466706661 2.2975788267162054 7.078079496921591
1.1637897801563832 2.1731938901340886 7.277053222746275
1.176436065144904 2.4220732179598534 8.088814021043653
1.1707214020810142 2.0198323577432027 9.82291398871246
1.1762257852244704 2.517840438740127 8.19663054611823
1.1752976052370183 2.686951755344257 7.9801342518539915
1.1762956896141579 2.4690745594572423 8.127195520178287
1.1591970777353284 1.986166381243987 7.097505478316567
1.1726662287986558 2.4044990197165332 9.579404948804584
1.1672046520682795 2.7202310538410477 8.46638551481006
1.17553361403905 2.555562809136882 9.238269041633199
1.1646191537883697 2.250103117766687 8.146678363823714
1.1732385581003213 2.6371927839425076 7.592974766135779
1.1682904464959103 2.621493686350407 8.984769872149649
1.1776292676993376 2.02776448980592 9.387261470660764
1.1731406252127903 2.8993325717450698 9.439594669070148
1.1657104463556789 2.3914752126686114 8.150904427974844
1.1613336157173948 2.0510773870234265 7.9796072761986245
1.1692893241635494 2.070333025987067 9.61725062096369
1.1748822434706372 2.284877831205156 7.309209449314084
1.165747567797229 2.329322621393849 8.452696100765616
1.167286494039784 2.6393516365787377 8.537799217469585
1.1615010974352513 2.0869613510645806 7.608156249689465
1.1750099447599893 2.5767450698019587 7.830528660614782
1.167216560551622 2.076919687853118 9.284088018268323
1.1660660498439517 2.265555242010241 7.279628720576559
1.172728426485076 2.100125878085169 6.411572412798531
1.1663187976665903 2.461386811298749 8.27200833559749
1.1771503464586694 2.280434179414842 8.80988280800613
1.1664129557697112 2.3844953914967477 7.658107773377951
1.1711500675864015 2.555416580380813 7.427983708520422
1.1644261296118288 1.9618441027258766 5.991172555023182
1.1744598512598388 2.315980719413904 9.530285232860045
1.1624153985233252 1.9256786809865754 7.197816688869175
1.1664654735050275 2.437839096009297 7.865571808732868
1.1701905978612706 1.9952012729128072 5.790490286320868
1.1751791575809123 2.4273582720321114 9.361864596900906
1.1604729087586314 2.041330768109265 7.038094419531166
1.1616542357573163 2.0429074342810325 6.697425283217635
1.17608350335889 2.2268386484555736 7.470609437204532
1.17735485305752 1.943177730910198 8.895979370605172
1.1772944749210448 2.2412017404846996 8.14234288961999
1.1658512682100508 2.265448081508711 7.349928734001052
1.1729251830955945 2.5278986447224314 9.465236605293669
1.166748588663231 2.3753230746087137 7.568444755046759
1.1692858190364686 2.345161576659327 7.166959842367612
1.1764969634844111 2.4202367126729945 8.746389290967853
1.1679207640430525 2.8440015812660895 8.087212468420764
1.1679630447453015 2.573749365523745 7.737429943653149
1.1779968574522517 2.0545950176919185 9.10295445778539
1.1686598675092137 2.1681477363130712 9.365793606262873
1.1600936237891633 1.9751673842167594 6.743510347514384
1.1673225194529655 2.553184268452714 7.914837329357967
1.1619244302873342 1.9623080688360934 8.031038885974834
1.1703740076367024 2.610737938582938 7.53423224656993
1.166892329398386 2.5203301931735034 8.130715428469063
1.1762885234569689 2.430744157367781 8.268737125297255
1.1758923684735616 2.088595011022853 6.822207278542386
1.1629324913774683 1.988292786253374 8.43649038726821
1.1708128760706074 2.2665444036625666 9.51040640883757
1.1736114492971812 2.1016055624873182 9.741477160656924
1.1678141153046129 2.4599736169010686 8.81875419869253
1.1733176974859232 2.674823854794564 7.715200432526958
1.1747100672800705 2.275038495221223 9.482665764048214
1.175602731896793 2.7674873384713647 8.834611029244915
1.1729563737270827 2.6102910548098888 7.6433468601646055
1.172193865332273 2.45080955405506 7.393929962204078
1.1652068759213379 2.074304588358837 6.476415154936197
1.1663410054977947 2.0409343342448585 9.12710314366858
1.1733610283629228 2.5036696389870077 7.581432166296503
1.172585364869984 2.625028512555331 7.6393918173760476
1.1654247147316243 2.0631580825869658 8.910574118083234
1.17436418969444 2.720757551290858 7.959287149222375
1.1776890792519223 1.9302220363292797 8.036342335483122
1.175627946351806 2.1692492319997965 9.476212269759687
1.1747448296561747 2.633122794885499 9.178866855620843
1.176918546583855 2.26569843727047 8.754740764223472
1.175430610478732 2.487601051750323 8.012542141953153
1.1680229279025398 2.69774961008521 8.087510573862943
1.1737903821860027 2.7098517722908615 9.22805453981663
1.1629541743730072 2.0326681618745197 8.376033620347973
1.16138981331878 2.0139717505036985 6.64210877056613
1.1735975108283938 2.376537230643375 7.454889597894507
1.1681854390689117 2.807498373860624 8.452894435116578
1.1724975799728798 2.2597566770574202 9.531190647596281
1.1745323777502092 2.6638720745520335 8.007560541645018
1.1694292177378087 2.2288092243127178 6.924684277524632
1.1668712824789744 2.3520713169240928 8.523220136355448
1.1752426805446532 2.8386323585697544 8.706917491046495
1.1747040352186513 2.745353304369839 9.051337499804065
1.1738241111220231 2.6185523898928316 7.872442105004865
1.1629142145788016 2.1072558385619096 7.386343211964904
1.165883278681878 1.9135639109165874 7.923048223117208
1.1740352395940588 2.45403424271406 9.275048164573054
1.1753380177701904 2.4319104555878326 9.074760293651446
1.1721866423583118 2.235388095232791 9.523434459875826
1.1683678403454785 2.807999207425804 8.380764963466177
1.1712352790398464 2.725226907219105 9.204396908895774
1.1732239113915868 2.7674788347354267 9.210964719511187
1.175162907512983 2.78602612105382 8.710727233867036
1.1668845117881537 2.166967012825551 8.885792481856905
1.168156804449134 2.4816403407235983 7.754219779542687
1.167189392475815 2.2311140823176916 8.819408542121788
1.1691447219196625 2.29308232476587 7.173621839879862
1.1749001915325727 2.8792150931482356 8.741437127316122
1.1653828579016487 2.2102874051785184 7.466189407669253
1.1612922388883948 2.0406049770415438 7.477920780678179
1.1650088611145484 2.0850872714455075 8.63536131068142
1.1752213974165973 2.308368208925188 7.658830687777558
1.164661751994992 2.165509713920921 8.116880486536003
1.1668967175751686 2.061208728048183 9.092963812868065
1.1770476129281957 1.9584275874766408 9.037543568762507
1.1650133915434309 2.0643796063145774 8.682705464798115
1.1618854293939505 2.0437257651395604 6.974802717828078
1.1767386469694636 1.9604478567433243 9.154285276133232
1.1607567611512373 2.0102233857743266 7.090127872495557
1.1640188656767312 2.069691339982162 6.751067420216485
1.1747404897493818 1.977766151977981 9.585580322043592
1.173591497086679 2.2572076706011566 9.41218804116237
1.1710827296580304 2.4107348877192476 7.42662264408029
1.1686101611577007 2.769230414611114 8.30080380719765
1.171494889572987 2.228080786843573 9.455870492846618
1.165851504421369 2.2449596315342926 7.627493333535176
1.1688469236653507 2.6656117513508484 8.03125849260275
1.172931314703706 2.7076912962274537 9.137263225927711
1.1702193726683383 2.0689541651464047 6.2859365560963365
1.17475051917306 2.5375890252870934 8.118094853945983
1.1704388456943826 2.7919031715232494 8.94919606114854
1.1686389776575112 2.7089036138911524 8.352960806748083
1.1742918181222923 2.852267173876797 8.823329484817462
1.1731560001350134 2.8496573556821145 8.052870193258492
1.1750885244250502 2.2168608403750416 7.375030843458244
1.1654204280660772 1.962220198993218 8.651477106326807
1.167764204755959 2.178544011537476 8.985534223910959
1.1698693038475851 2.7081810809864697 8.843341696532141
1.173948752617538 2.6425763570800758 8.113207484652927
1.1711812268756536 2.7018244398617086 7.839098728779014
1.1743136072007896 2.8232495433691263 8.408722911708857
1.1702409359782118 2.7109619447140028 7.898029773442332
1.1684414010019477 2.5238630068532624 8.596997623641098
1.1691865956540157 2.6238987359492354 7.947181874191733
1.1701348769873523 1.9517217936331084 5.9054429570185984
1.1769987099220742 2.1771973593916503 8.00858636183278
1.1667790845368187 2.0677885154582145 9.002421372114696
1.170889392405182 2.2618651061663275 7.1114362692808335
1.163740311832966 1.9758473729131725 8.328002739894474
1.170310083310753 2.792366675471543 7.995452250425407
1.1735088808435452 2.722885447567398 8.141089427076423
1.1708744355455107 2.6319330311668927 7.811953575938764
1.169986954943179 2.370048522159262 7.441194022306645
1.1736200174952987 2.8147901683316334 8.286805277127671
1.1759136731548963 2.2828189403951775 8.011616081949333
1.173837162831131 2.8381272048826243 8.424168613055972
1.1739137657142595 2.673093425899482 8.229617890744919
1.1739066590486946 2.827949677594713 8.65561925548137
1.170497533005467 2.6610522722891994 7.88759011893425
1.17391323390423 2.1915374664013982 9.395827875151586
1.1683180624756462 2.475800042740993 7.960676603987231
1.1666376244217198 2.2818240836399344 8.20516731035587
1.175172036637604 2.1729713566272717 7.272241306889654
1.1739138954796584 2.368555492549377 9.149759272369813
1.1692305481164889 2.6014031875901233 8.600999571691165
1.1627346267825722 2.008945148760616 8.100876979727474
1.1763621951947927 2.2478348161058057 8.324549298444438
1.1735981365828922 2.4322422782566053 9.100463078335038
1.172601469919893 2.449697792596296 7.6856612990934305
1.1711546313888057 2.3645663307718348 7.433128465319756
1.1652172331935715 2.128394572546761 8.362772091128727
1.1733563422402087 2.3861723877170475 9.194007734410953
1.1677794068177132 2.0518350624698245 9.171265173709733
1.172810435271428 2.2359957871021354 9.366267226984197
1.1755358546382146 2.074117468132407 9.438826547826295
1.1760623938782497 2.177938485238085 7.633766995350028
1.176119892559108 2.269491653434988 8.302120893105348
1.1692684344347 2.5381931936893114 7.933249223722164
1.1659303857820627 1.9823680402388502 8.815251280922208
1.1654422209317816 1.929214257031562 6.450234228426131
1.1719043636481952 1.9121458230929422 6.368320749751554
1.1720697467475096 2.572299039298018 9.072403207187914
1.1755974915761225 2.057766277530935 9.453454548713758
1.1735881588450492 2.72830955883293 8.706177825574128
1.1700772944183795 2.478207678149145 7.733988329523452
1.1714058109984213 2.247814754131446 7.143824261844273
1.169612120487857 2.4014991975437616 8.91596743351047
1.17092389474672 2.2245615653431074 9.292263986191292
1.1671725166514086 2.310824775218367 8.03637081743249
1.168786093972969 2.414080494293854 7.7610410097123275
1.173550832128178 1.9224849580750132 8.829052887277939
1.1618096085324547 1.9954584176876051 6.804207776175746
1.1690868203440112 2.5649410754036297 8.147802301093238
1.1713620869165724 2.381223671631306 7.5078468983190625
1.1619378839459977 1.9922830110150467 7.768776418577623
1.174361627000005 2.5880478472716515 8.585755537419681
1.170848053517036 2.897786543941841 8.69296889205409
1.163290019040031 2.041929386072363 8.098269701044776
1.1679586697070448 2.1909721895349383 7.1088652857251695
1.1666564047217214 2.2003609683062977 7.3844902972995
1.1703668464267074 2.790876306911352 8.309564595481735
1.1719814459315203 2.815712094080864 8.847087398728043
1.1711814057975767 2.605763570013489 7.938373794338764
1.1734357222998346 2.611344911578683 8.203533892280273
1.1780133600787734 2.0198717068003784 7.607096995642399
1.1715137800498678 2.7941305265285696 8.794475096608746
1.1698488915355407 2.359948376062948 8.933096773624964
1.175394349728601 2.327795641247941 8.188933012283726
1.1722371960831501 2.467401193083433 9.059598982842653
1.1640374865602934 1.9976833306733495 8.348789863019116
1.1726292062588541 2.8150202973761553 8.376710327886556
1.1704100087589624 2.7191121141538095 8.546847301636458
1.1690284934542554 2.474276875237715 8.045985047719515
1.1696871644208011 2.532766441747434 8.025096629500293
1.165350872229685 2.0112981753693657 8.67764446424335
1.1727305428599424 1.9905925331946877 9.5531622474579
1.174517887327505 2.117245757305648 9.394257269367255
1.1721716453761881 2.5301799183563087 8.963725462780411
1.1731383699043758 2.5169998499232724 7.99159578177148
1.1678316090956133 2.173009469502943 7.082265302479993
1.1680589459780832 2.3551537066086383 8.262966933434363
1.1724604200127944 2.8031091838251085 8.598917448009814
1.1714726056772446 2.264769765590022 9.215752200774075
1.1753659944042458 2.331319528914801 8.395425179166345
1.1713826492838249 2.834081772695477 8.48931360702373
1.1687396944305237 2.3972806738710197 7.881032374285757
1.1699002308609914 1.9281725985245064 8.767817025688109
1.1733511526629465 2.6366029987221564 8.595956864298039
1.1698053664237582 1.905946538788951 8.130540496330877
1.1722583125740371 2.724532027600403 8.687967926521596
1.1742813412942115 2.2199126043033135 9.178549966019583
1.1731900353319913 2.3327420956471956 9.106541189582376
1.1751919500407926 2.2528885693155303 8.95123815051477
1.1731293978759152 2.657443549850377 8.442293265746633
1.1737776077471278 2.413065990860346 8.852686512810816
1.1626565415973726 2.00467424362224 7.850161883932149
1.1738741535832213 2.47545217188989 8.29690662402584
1.168349842130588 1.9394225865522814 6.112249036465354
1.174125387897069 2.04704847035146 9.499762913230036
1.1758866781463606 2.115588814617873 7.354603751650428
1.1714053975065735 2.7135071975961393 8.352364887076877
1.1700672577182143 2.4650825638352196 7.917276574228721
1.164592834557993 2.0529712219543677 6.796212267420602
1.163136495749569 1.9762419032651253 7.922411445263869
1.1683575809527638 2.3021316085976418 7.654606195352203
1.1708349848583754 2.6591633346994725 8.346960089893575
1.1716013807479202 2.707331099772512 8.534908751410487
1.1693931100590895 2.4749555937301313 8.410324870302897
1.164570564809682 2.065597305841296 6.930065600860425
1.1759077919603784 1.9855162615627284 9.247825901501303
1.1669755544735527 2.047952837548868 8.904319740795769
1.1713103256425015 2.130589395407908 9.341155195722575
1.1721791933135188 2.657717390347756 8.611005330217282
1.1665694578362529 2.0315669393980134 6.392181015148816
1.1738094056058868 2.250555120980489 7.555075816315576
1.1671424442942597 2.1268581579500316 8.678806395350671
1.163764674880042 2.054243136564252 7.915511952948117
1.1703800940772773 2.5151142348316466 8.560001338571984
1.173336855033098 2.1637744470561264 7.10607830252162
1.1720045146633447 2.5642129550042934 8.125949031228897
1.17554992821659 2.2452076060131887 8.64447224860224
1.1756490002966313 2.2028145136070587 7.8782967798342565
1.166449070854526 1.9171056134312385 7.4337051774706016
1.1775896645967228 2.0183938148915868 8.70077102015858
1.1736506715227928 2.404746852640692 8.15120126061951
1.166556784736865 2.1437404910768283 7.247345707907336
1.1732685713606368 2.402081839734215 8.861667376395093
1.163329265208942 2.0263212142188007 6.909635445993592
1.1715350104386664 2.5017135175596015 8.0243259038837
1.177046046476753 1.9502124909729497 7.36006074504234
1.1744615567651875 2.2437684658587713 8.980769098683098
1.170702525407019 2.0484061858356193 9.401553039723405
1.1699353122757084 2.4450031761550726 8.144654753925481
1.174992245399374 2.268415010197721 7.945628493040655
1.1668208633759103 2.186855878590365 7.586501022236488
1.1742152039164564 2.3881098319298997 8.453890276690798
1.1679028427322433 2.1087786104065422 8.859139714969949
1.171465672680836 2.4098285682659455 8.849641676574036
1.1687045555793154 2.315210926500797 8.468040713658342
1.1680004655570349 2.278457123876461 8.196113832204984
1.174094761178748 2.3686307245871765 8.584531034471205
1.176007839863213 2.06482646428145 7.150713359276736
1.1747524809622223 2.3191581969567334 8.482290278219256
1.1753127275101871 2.212332250591864 8.81100033432166
1.1757196996333468 2.0657188934597266 9.197612034677366
1.1716184899190811 2.5539289899258844 8.37080508498755
1.1711821205987363 2.5156407964795338 8.528572336391841
1.169957841555145 2.0895538885385756 9.21452843443413
1.1662156508522403 2.1517504559968703 7.492968526748857
1.1692146835741402 2.2835016374463364 7.604066115945335
1.1717651284426736 2.2052590254854696 7.2015147886765725
1.1721100508537639 2.430621527447095 7.964272094433603
1.1642341585796803 2.067505195287818 7.7883102719090544
1.1730482619007232 2.429853234439747 8.69512922612749
1.16634976920266 2.111195144487226 8.419352454191468
1.175608532142385 1.9714685783085166 6.650194657816833
1.1746130089665034 2.2641707794468937 8.752523214768472
1.1674758989728997 2.2178192908723187 7.769173304597182
1.1697464256775134 2.3636243046376926 8.493427988676077
1.1661292637016663 1.9355462024703687 8.0118525774959
1.1699145701012865 2.38904905282534 8.296739472654313
1.1770020942612902 2.091150623018362 8.164279091500081
1.1628331326996448 1.988780496417898 7.030812524933454
1.171646660747929 2.3927558601056482 8.752248140347021
1.1741638579856035 2.2504408201192767 8.866231566390866
1.1732680140010587 1.936860916274757 6.422939590951126
1.1683570842071496 2.281289983918237 8.16820711968255
1.1711105401927293 2.374873065538351 7.91956251202895
1.1667045117991652 2.1544396182990413 7.517298210920872
1.174451371625364 1.984627788795081 9.302688712955645
1.1720087666417398 2.4071399632894064 8.69217756200134
1.1707672056407623 2.158484967784169 9.106838362079015
1.1705826535355652 2.356006201066383 8.631712131480633
1.1737318075649343 2.257714386983957 7.787890526831498
1.1735809265402841 2.31541482798137 8.078749175714549
1.1739014416009965 2.096949759164562 9.222215244614446
1.1687924089369597 2.208184078826192 8.648343681162032
1.1691948997801536 2.3080574144587516 8.035630872403397
1.1720260321631473 2.3634611156971133 8.716265789210905
1.169238371088537 2.231601989991505 7.515030058970103
1.1745726075486396 2.261198773183529 8.553510392525357
1.1685887141976283 2.25338642632288 8.388045497803274
1.1719632822693486 1.9481188639794826 6.252934581703581
1.1673890337336241 2.1915748083109268 7.8928843326927325
1.1691175929670985 2.2175406410039695 8.648308969776403
1.16867259472117 2.2237298693460548 7.5937734941208515
1.1679855682564915 1.9340972073081624 8.313048544378656
1.1691374855253915 1.969936918286822 8.996564878068977
1.1704723201848328 2.134598705161594 6.974097765965487
1.176248512290976 2.114929754082937 7.993703638965448
1.1670190128303108 2.064379128300865 8.641594577563454
1.1737218042545554 2.224224492458885 8.837860546783313
1.171451455876198 2.2327692968566604 7.448622237179642
1.1651676236921995 2.0550432363123297 8.127747875495057
1.1661288553860145 2.019091324128889 6.546579348089201
1.1742722183254586 2.199774138707319 7.71841286581579
1.1672849920407178 1.9214070172057396 7.045550064957924
1.1763185813961394 2.0876685556519305 7.720105178851197
1.1694720543514856 2.1662873943312326 8.81857388099273
1.1673542589855235 1.9214787163199891 7.012552095682638
1.1721001869376138 2.278740778269341 7.726954052208374
1.169592217757482 2.2151926367414885 7.491049817605559
1.1754773017206572 2.1509321614896972 8.630008767622972
1.165304015500046 1.996566569370028 6.5879134102939965
1.1639262066222034 1.9839009124778617 7.706797414331556
1.1769845894803714 1.9592634918044505 8.057228929178113
1.1707031254159226 2.3215340436372967 8.049459725007404
1.1716510420497852 2.3493233382260956 8.235637312816243
1.1706076342412866 2.207495382736049 8.821520760361452
1.1744318963396856 2.0292133933007572 6.736471850401383
1.171277142184474 2.066968332663371 6.6526249466643606
1.1712413969960687 2.3372031090850633 8.326396719889551
1.1641717590401919 1.9822551379170545 6.911820424834364
1.1689227894877217 1.9521679684084514 8.71216224572596
1.17034569270676 2.291386298384651 7.98028143337871
1.1724701578435637 2.3137070899960994 8.20395886714349
1.1738324438355996 1.9178844841766294 7.8958756626200834
1.168252606982063 2.1387639307213333 7.259643250403469
1.1698795880372344 2.1399249538226957 8.847528707788616
1.1650562846276213 2.0335007438261345 8.038544620466997
1.1766416558447401 1.9957883943422507 8.645752292536415
1.1729766603856202 2.0981274388942155 9.121041897994495
1.1707613778898236 1.9700524662078938 6.249920865886809
1.1750769036255564 2.1128385273314203 7.5241176247963
1.171920846882951 2.2991670564580167 8.121988372778317
1.1711739568983244 1.9144743677362843 7.9578903997367725
1.1680142483134808 2.147211421396489 8.300794743601095
1.1700829588162922 2.0795509363475184 8.97707972167122
1.1720593907692543 1.9977324478954412 6.382948772679088
1.1721633377773863 1.929952662137644 6.663450884131347
1.1668831052453097 2.089233500599257 8.199104627509932
1.1709052370662034 2.1006210985288734 8.993153152486117
1.1712172047799014 1.9844120358552233 9.132255528240744
1.1741328848006871 1.983814799009684 6.615330898513486
1.1687833618590067 1.9234271345894403 7.8810833235431765
1.1724075464445454 2.0900993799800247 6.969798485332328
1.1654403387912107 2.038481344440246 8.008821169548284
1.167398261307948 2.1065119308162727 8.222468156279298
1.1755585381119213 1.954010752489017 7.10860103660632
1.175974835459307 2.08637210833182 8.081157492078324
1.1716985797768786 2.2329735479322035 7.8074724683689105
1.173944986026712 2.1450495315053963 7.62330583749563
1.1743955117709013 1.9268543308003188 7.937499598673416
1.1751987212561747 2.0235685479871637 8.99061276255182
1.1737126956706865 1.952037756768857 6.6981652009567725
1.1766784430256811 1.9725636005702907 7.8453004601484135
1.1721838072003594 2.221493513204998 8.520131105696557
1.1676577141974436 2.0672714939775636 6.993307206821083
1.1719267008682734 2.2144476874882013 7.777486783772076
1.1718829760554654 2.000679335186426 6.452755078348533
1.1676956954364852 2.10667667505113 8.129798024183172
1.172561454105858 2.0878448002973586 8.956525698791262
1.17397480737041 2.0534350269897614 8.965084510187197
1.1728557415321292 2.134874903581227 8.761846570532288
1.1737359770483873 2.107353211120863 7.436370701838262
1.1694241314408758 1.925032686344164 7.841340815822203
1.1736710819832068 2.1301755247850553 7.656110994177878
1.1716277610168508 2.195872189666045 7.834776840978144
1.171369582922074 1.9384035315041677 8.486385941857705
1.1740710334245463 2.1436360346422356 7.98192511758527
1.1682171068031852 1.942837045354085 6.743950144521142
1.1707611709257622 1.9476479294442077 8.583889789040695
1.169566450639367 2.128557953659047 8.464510526804503
1.166002358199387 2.0197750179584584 7.056465320356944
1.1762451945559136 1.9812562849305433 8.23556609307626
1.1756531426495989 1.955061821076555 8.070308076383206
1.1713829045399606 2.0594693822186425 6.854675448483663
1.171631817984241 1.947215197887941 6.609735561646627
1.1675969355346416 2.002044092600349 8.46777317698248
1.1679775242755384 2.1054799967671856 7.768069039737361
1.1712181712678102 1.9211068729488776 7.40191652323746
1.1680611578988884 1.9532955876140836 8.1630494683111
1.1729606067974536 2.152712163652929 8.454360452286778
1.171018406942053 2.001574799109728 6.53574182041787
1.1710972978619734 2.18054663837238 8.095086482429762
1.1742146848710435 2.033548683601293 8.884978628391279
1.1713972056699367 2.0149101512639 6.621770650553259
1.1728535907782427 2.1579192849490183 8.293588323184474
1.1678466084505446 2.077860325866653 7.390556976375297
1.1666509187677456 2.002470300720733 6.8794726986487
1.169112382429433 2.0103311494113014 6.609150600932292
1.1722829160236201 2.1223618803562396 8.65240364191557
1.1676684368440484 2.0014107321532792 8.409806836287327
1.1713061817568025 1.9611133113644712 6.569204838373361
1.1656382257176388 1.9989678431744502 7.557578825400505
1.1736576664931093 2.1229810527979147 8.229476493592212
1.1751097369503207 1.9536313796696652 8.134780689502515
1.172098015108174 1.9441984488941992 6.773866041065304
1.1733392005415444 2.1368565332080833 8.329742173454237
1.1738168782760103 1.940993632711804 8.11653714601803
1.1754400966933662 2.0270400467432093 8.558274903275533
1.1706829249126927 1.9691856104289673 8.728111477740121
1.1742352228584156 2.0928358990563622 8.401093874763387
1.1668999080993538 2.043450144367341 7.386346572867701
1.1692934872225207 2.1170610310396984 8.082837987897786
1.1681883431804172 1.9462899242604648 7.840726798344862
1.1724404292768404 2.1119312247074005 8.540477321970284
1.1690343499817661 1.9924311932883438 8.60063336749746
1.1662960942160268 2.005817361857893 7.820702880716718
1.1710328328354087 2.1239958650460715 7.594618256879604
1.1729807226440163 2.1090872189834347 7.619879838660971
1.1677564671436262 2.0719818138657145 7.6878755710871545
1.1697075483395263 2.0618801972010803 7.058769452046112
1.1697962982137233 2.1253201243208015 7.8873649738862515
1.1752744289583745 2.053794532172226 7.962024019132409
1.1713877416862095 1.9824131539085583 8.806886804824419
1.1747821708278214 2.0699937428240993 7.9148486700307235
1.172727094666539 1.9344840461795705 7.85109384033753
1.1670033209528132 1.9606896479186202 7.354170393708049
1.1741554152965512 2.0885764430010547 8.089779266450508
1.174170738195201 2.0852974036410648 7.983892805455751
1.1687137288792924 2.072369208048141 7.370342178138285
1.1705294057975824 2.0243443039872973 6.8036145207363425
1.1707908668250173 1.9524615948045012 6.7661916880817525
1.1719671057926428 1.9554544877734952 8.497974087900035
1.1707686707211027 1.9381116397399332 8.01026887170062
1.1694484521493302 2.0718313220473723 7.3070771802138825
1.166581382870744 1.9863160657365582 7.46959045948914
1.1668264008884273 2.0086032171520536 7.47209238190818
1.173461514019507 2.0061137043245005 7.009279228134194
1.167698202632585 2.010823861354327 8.116398502604305
1.1722565914481666 1.955143129544159 6.8979376410541615
1.1738791234340142 2.0641000910481084 8.353339025743857
1.1687045890038639 2.0028523124209183 8.404512729449214
1.1678911933416152 2.034551747133443 7.312528969395959
1.1688091245927927 2.020210298899856 8.378865667537557
1.1709634863654779 2.106995071472481 8.009379747830488
1.167590838617023 1.9653387701490475 7.674028996163484
1.1676341198718163 2.0022882988857686 8.027770379908516
1.1748842402308077 1.9667802418725284 7.824408813260902
1.1719393832767497 2.0364340708863025 7.035898506610879
1.1745992402469188 1.9973054883198376 8.389159995150377
1.1721860617263258 2.0776612095782365 8.39117186862542
1.172377769133275 2.053132787936928 7.293085769110476
1.1724597271045887 1.9653155050286135 6.949037402200759
1.1750995739054124 1.9901592391160228 7.931176897416396
1.169175039534846 2.0577575561540993 7.459821869998912
1.1722252523966779 2.062000936040694 8.46348875847952
1.1686524138464578 1.9644685472870398 7.045231977556071
1.1699379290025433 2.070039513612648 8.009516595187858
1.1733167668171702 1.951714496817507 7.821998674813054
1.1681848548171103 2.01666762613957 7.991826825722056
1.1726028158402004 2.0033276702733547 7.036608446937734
1.1699912544459756 1.966696931678897 8.193104755166162
1.1741220993253425 1.967096439172367 7.877089418186603
1.1719975692043683 2.069836190486005 8.298697633862409
1.1723345561303373 2.0713354537094752 7.710432553863647
1.173719593367835 2.0442520272771394 7.802074823230617
1.1739249476628877 2.0176458395746053 8.300067933757077
1.1714532038347139 2.038737994222035 7.1860648047364215
1.1743184784454612 2.017016770425224 7.628688019824375
1.1718333867766664 2.011075888886099 7.0081342201922805
1.1714983463942872 1.954426863795457 8.053536254919548
1.1722992298999577 1.9908002477724145 8.50026341036623
1.1694123103270289 2.0307501910028325 7.288511544539759
1.1732398658569998 2.0243520831729733 8.312341807086531
1.1714613568873764 2.0567740654744746 8.172258538509324
1.1689456678253252 2.025713394396296 7.518761493909446
1.1729244919720136 2.0363268669479506 7.633490173046873
1.1713452110378508 1.9668880826316044 8.083716151247936
1.1717652388702575 1.96046448438662 7.34735151765039
1.173300921150587 2.0286873205279403 7.871555984993785
1.1735774182333736 1.9964616555398094 7.739149063704025
1.170497784465201 1.9692815637841696 7.954167282365724
1.170519885741228 1.9647879924513618 7.845639013639202
1.1706688322057899 1.965567314869234 7.44753427170747
1.1725224898335749 2.0141416170099333 8.07921972547294
1.172450146008524 1.9755936906725748 7.628555393862168
1.17124255542222 2.017564038061419 7.9951872200147776
1.1708838857053423 2.0199676620998104 7.735010599515128
