mlo mup
1.0405989678690153 2.040693086004643
1.0234680455391305 2.005676928989198
1.1815139200015676 2.069152035366516
1.0171990762738548 1.9831489296291516
1.100308107597722 2.0632625353162704
1.149705479438446 2.0960071102455564
1.089882564118437 2.0287622981639513
1.059839893579377 1.9739095755204012
1.0789364765072484 2.0110165794166726
1.0549375589759675 1.9330373309826732
1.0544162971976918 1.9244757955848133
1.086308810400577 2.01543628389008
1.0744303627728504 1.9911597457545749
1.136818899379741 2.0612712954640764
1.0646739964181577 1.9487717420221802
1.1684890681942952 2.077714405487374
1.0762169751037087 1.9857389167880426
1.0905651028907495 2.0099031542768184
1.0715039502403425 1.9718572787180797
1.1839846232264146 1.9385518419572363
1.0796768399404142 1.9815306291445363
1.151272704726572 2.0618339486046318
1.0675339253847593 1.9153869222880517
1.1569563816876727 2.0646991405974924
1.1095840862485729 2.0195539748669473
1.181712078824218 1.9842987616460284
1.183396945840078 1.9276625626700068
1.0901343347127754 1.9850703061256914
1.0939390891195135 1.9905528106456967
1.1825375843580435 1.9583050303166947
1.0896662590377744 1.9801947653836574
1.0834184069683708 1.9614141267351874
1.089767696284495 1.9788300262310343
1.1818533098663369 1.9733332704387947
1.1148667451337146 2.016995467482779
1.1568957585387283 2.0545755219465525
1.1159360310998978 2.018082045672173
1.0811152037382785 1.9073980938008637
1.1338150626705632 2.03354918830053
1.1020702101654973 1.9938087423944229
1.0969926200213866 1.9818989666664468
1.087731538481883 1.9490288897390378
1.0833502698566635 1.9194908389464829
1.0996043303886736 1.9855399840562877
1.1487608659723492 2.043492913990255
1.0885265611917156 1.9488476694587649
1.1169516699500384 2.011470145717078
1.093260930650221 1.968127019242591
1.1581060099166955 2.049538751773664
1.110226911180172 2.0017799690967673
1.182487222569305 1.9331695516405554
1.1322349228591735 2.0266234010979067
1.169103139824505 2.0529881413098647
1.1072950766352088 1.9948364904859577
1.1806784213149313 1.9809392883409536
1.0902231695033244 1.9398700662309385
1.1101740086189613 1.997248827622458
1.0870172845598736 1.91076151675839
1.1429879292591552 2.034661568014072
1.1334118140383544 2.0251115889705784
1.1747556233444219 2.0373684376152164
1.126633709236972 2.017239814778578
1.1212644881707272 2.0106948020343327
1.0935006366670001 1.9535887357402388
1.0892070220793344 1.9094022633033978
1.1641855554376834 2.049190884590424
1.1548018138853804 2.041546966123589
1.1438125940298518 2.0326941129427927
1.0993971698892566 1.9678630987159091
1.1267370265767995 2.0143658921068406
1.1447731266658385 2.0323026603632757
1.090452784249244 1.912919745410256
1.1329685755371284 2.020102291422299
1.1033027419052057 1.9751700813428714
1.1502980628754171 2.0358717905205994
1.0935153230730472 1.9343271688534371
1.0929512204437755 1.9083204315214253
1.0993303108404446 1.9623668122313687
1.0927564728275478 1.9079633759335912
1.1170814191556346 1.9970167621447088
1.0921393303810574 1.9153544631878834
1.1623552586004513 2.042809452885925
1.09814903461436 1.9428710432185554
1.1503828454966014 2.0326343003584335
1.0988513546662309 1.9456598436485606
1.1270096545084844 2.007611137948851
1.112250646905798 1.9851692407967894
1.1392251613613655 2.0209417679517756
1.1299491074448116 2.010580669852419
1.150822924555049 2.0301982520698365
1.1702005692222852 2.0401662937486633
1.0994051814730568 1.9350221800766194
1.1621097296244516 2.0387155270404116
1.1496899224515291 2.0284592535963606
1.0975129238695722 1.9177340210305172
1.1686769410794982 2.0401493106766164
1.1755337323101682 2.022292702112769
1.1154032395128788 1.9838310532682844
1.1168043636344673 1.98657075187371
1.0996212383848885 1.9056335502222197
1.1000677512036252 1.9001517221895257
1.1393475138964322 2.015857437002081
1.121875708420489 1.992931468927566
1.129122640663162 2.0035907232452144
1.1787794071379605 1.9885815460750644
1.1458936768557164 2.0212426811469903
1.1697037843517608 2.036340121801645
1.1041162537727591 1.9376389025331182
1.1059766109766216 1.945568990438911
1.1027148550455494 1.9278736119417395
1.1153083541481927 1.9769332601698575
1.1027932081357443 1.904338460572422
1.162663514228025 2.032790508110431
1.1084030897926627 1.9549030982234925
1.14515447052739 2.017466442204503
1.1434942608119327 2.015401747557193
1.1038481015560337 1.9088218410163784
1.158680679328444 2.0287343265380966
1.109093833823089 1.9533793440847707
1.1095063503327276 1.9554310443545022
1.132586493836862 2.0016532944599006
1.1248899911954118 1.9900567099375304
1.1137107175485728 1.9666576046697053
1.114813347575275 1.9685597860824045
1.1202349922633819 1.9803547006848374
1.1201817939190646 1.979995931903657
1.1505924994717878 2.0192821209040077
1.1094112715773776 1.9421266175870273
1.1808530442819416 1.9243868849210064
1.12360875248819 1.9833738897343265
1.108959330486873 1.9368961028028173
1.1207761070602338 1.9764797591505934
1.1256661151848422 1.9857034408392844
1.1809239478793465 1.9020162214508156
1.1455646032500117 2.0120597490355125
1.1107618623800857 1.9399283186001444
1.1510819509020447 2.017176096045821
1.1807554764496166 1.9213070005819108
1.107231880844172 1.9203927742787001
1.1108353049085904 1.9384890597970927
1.109508775644936 1.9331553996710908
1.1086322536381865 1.902191107204852
1.139823177266981 2.0038844209342903
1.1111637355964696 1.9373447050505423
1.1122509216875098 1.9407326004711558
1.1091920288087813 1.9258931099510272
1.1125301763298996 1.9440766337171531
1.1724592194372785 2.0222734891873193
1.1207328008114081 1.9705400970099904
1.1094845300489862 1.907022251127842
1.1176380344460304 1.9631038671443795
1.1233631399456567 1.9764262644658337
1.1331437426916289 1.9934215004330056
1.1138922861730647 1.9459051102648834
1.114592950861797 1.9493186535898617
1.1148567780193823 1.9524434895567016
1.11365000610968 1.9446447984109052
1.112087538166333 1.936075449389705
1.1472005389183433 2.0095042535026506
1.1385485280368948 1.9994149369774468
1.1161258077397553 1.9549763380584526
1.1417441863182807 2.0034986706301563
1.1412499848471904 2.0028149423193202
1.1126819991859473 1.9339536886953734
1.116298069025262 1.9509657528137196
1.14473900106197 2.0059070222319884
1.1798541020228668 1.9419355912288803
1.1512225143881982 2.0126307784108137
1.151954748218219 2.01340031919823
1.1140029604766282 1.93799933575282
1.1096421202767281 1.9123557661346255
1.162988674389568 2.023135326922784
1.1330726465600518 1.990291086756019
1.1112439686712823 1.900091977261856
1.120461115313479 1.9638777279106128
1.1538557082685479 2.0146065024547504
1.1335260606091397 1.9904195030843823
1.1191753963966795 1.95981424709362
1.1134353302380673 1.9342216324296972
1.1257180792906323 1.9756738651250676
1.1363035340707062 1.9940875636661783
1.1119221995339479 1.9091320047404674
1.1530357544948542 2.0132086347748595
1.1617657316866343 2.020800922088415
1.1169418824880375 1.9477495110005303
1.168896714393803 2.0240085614945063
1.1183297784440678 1.9530942102039899
1.1166871245254737 1.9428375157819484
1.1427003588242675 2.000786019254854
1.1796699395978107 1.9410188983216936
1.1783530422040989 1.9716339048173166
1.1754567075234656 2.00381095937464
1.1254190612618136 1.970854215198989
1.1310784190050764 1.983189938790676
1.1186693666543561 1.9511985884810752
1.113336874648152 1.9243491090120544
1.1518025903354183 2.009684949000196
1.1326934479715214 1.9854512929849983
1.1294727504560382 1.979499794078932
1.1325478657672743 1.9847505987751362
1.1545826225094769 2.0122701492767887
1.1558316900128025 2.0133174382327503
1.113163431319312 1.919420391771988
1.121643860429868 1.9582749506283348
1.1369686883612895 1.9907606026517144
1.1128096709640913 1.912914457710855
1.113939253974233 1.9207844423969804
1.117250358626935 1.9373917739143376
1.122831331457812 1.960549539797308
1.1791388287454105 1.9499315844224452
1.1396799451312116 1.993368018482137
1.117912136004864 1.9380700361396064
1.1340175052924615 1.9847471040904239
1.1493039180662343 2.004319417849984
1.1597849183113411 2.014366669145877
1.1482893440590218 2.0027678292222117
1.130465478337986 1.975456577381659
1.1519825381259792 2.0061389082190657
1.171760056859124 2.015237407575289
1.1196930177731343 1.9389455217897456
1.1553429437030753 2.009219507987014
1.1523684069944404 2.0060846549568554
1.1537115626701027 2.0074475193041215
1.1265043124836747 1.9646674563245978
1.1267577792616188 1.9648638101363758
1.1206632875459315 1.9403569448638218
1.116554029958161 1.9003917283605722
1.1617605825006747 2.0147968383150263
1.13437493908849 1.9811938403990508
1.1259838432148255 1.9619969680362705
1.1175992271044286 1.9260807579630566
1.1173962591022244 1.922386899817644
1.1559294657526695 2.008529035659496
1.1375627960763801 1.9857765166988004
1.1513794499099037 2.00364547830553
1.1312018032549271 1.9725059371353058
1.1732046213993386 2.008421508418039
1.1195037538431454 1.9323367974798789
1.1167347619349373 1.9166273508197595
1.1344669884092227 1.9790951242042327
1.1602359274433784 2.0117569650534417
1.1196406205425427 1.9294942402859412
1.127227120152773 1.9620695635274759
1.135656611279754 1.9808239020608538
1.1595420433508192 2.0105996154263344
1.1238514495808134 1.9468148547793713
1.1230316292834268 1.9432092204524058
1.120466742174568 1.930085925619082
1.1359418388938554 1.9799991915889394
1.162533197034014 2.0129149587202892
1.1175494181162682 1.9123772954853553
1.1795242226150309 1.9258386806725498
1.1176746568745477 1.9137693398164672
1.1579444299246537 2.007531797846569
1.1437944000811806 1.9912575799781624
1.1404795615884098 1.9861058605050466
1.120521690355862 1.9275309783118648
1.1239532102337721 1.9405916394106195
1.1369319571168535 1.9800450674619952
1.1290557661086724 1.9624454842384964
1.127359055616416 1.956458164618748
1.1285925584597785 1.9591327648974304
1.1194492573725054 1.9173486554335166
1.1311588102650834 1.9658464638296844
1.1737703725404227 2.0021487068404675
1.1190011211290645 1.9158492200146968
1.1544386701773859 2.002342934779835
1.1235326284379852 1.9356471995301525
1.1258741394153386 1.947258085964525
1.1317137397535584 1.966613047852945
1.119784914354951 1.9192834271266546
1.147383413267234 1.9937768982631539
1.130835927142974 1.963787383073102
1.1213184486346617 1.9231208450331567
1.120888819911134 1.9037806027909647
1.1230381357223143 1.929953541321978
1.1261034452121046 1.9424964959343705
1.1208869585490446 1.9201585317408032
1.1198896487423455 1.9126872130111774
1.1274580287666398 1.948860259334456
1.127728174392109 1.950308565808334
1.1535058768853022 1.9993181302311451
1.1229266678437329 1.926595169746029
1.1745827895937684 1.9956646650795362
1.122341011762064 1.922949740056438
1.1226174423970063 1.9240009871512993
1.1265677252461557 1.941579631499084
1.1223122454111598 1.9090192283464427
1.1299083308090478 1.957225570962488
1.1405396792034117 1.9810239725556729
1.1475448891077291 1.9913976011747754
1.145941169414495 1.9889323873087146
1.1233562465497071 1.9268346164642414
1.1286051249501372 1.9491856188180605
1.13138057393913 1.959398202611297
1.1664515404671802 2.0102828439908387
1.1765558361112811 1.977599839417766
1.1775980522143954 1.963627444118333
1.1779157234771362 1.957806861207878
1.124821006615833 1.9300899797397817
1.1554140508643924 1.99931318618476
1.1224403442780675 1.918536995190799
1.1334233349952827 1.9632350827863965
1.136047916588798 1.9689751557928137
1.1440708815101868 1.9846825998882098
1.1572955848927307 2.001209682722023
1.122800981903681 1.9181409329443366
1.122864002256844 1.9190834705746291
1.1298704655935172 1.9497973993072335
1.13716188600629 1.9708009689851453
1.1299537646611422 1.9497761184726414
1.1246857078846295 1.9257521281765912
1.1247303763393734 1.9027989401538228
1.1526219362668635 1.9941164789152674
1.175676454454874 1.9839022864378644
1.152282934603487 1.9934563550097077
1.1233498948259801 1.9159538623186916
1.1460832372959682 1.9847634890658246
1.137727581201872 1.9689133570711745
1.1590214242094 2.0008329682135515
1.1726344594864417 2.0002602899638946
1.1772390007696885 1.963951677525928
1.1297156304831424 1.9405563488197048
1.1402256451655104 1.9724410051267518
1.1234832677431719 1.9154334468631613
1.1287681138925418 1.9375253526229501
1.143325074842898 1.9791412230892984
1.173573209873013 1.9956655599298303
1.162538943505732 2.0039548003070355
1.1319146890971061 1.951220106606813
1.1255553133016498 1.9059643507540842
1.1532640370787797 1.9928371140476298
1.1241218964566841 1.912789502816348
1.1250882870778882 1.919920942388488
1.1690846439875076 2.0063789899760294
1.129731816983374 1.9385482285191276
1.1376958113556153 1.9667374323982678
1.126131073464514 1.906954830385856
1.1249036253531444 1.9167211090255287
1.1718998504854063 2.001777342580162
1.146299415794538 1.982579997837864
1.13983047716204 1.9696024946718869
1.1425060783872718 1.9751899377481632
1.163467869563539 2.0033695299882677
1.1765976118187171 1.9687519267715154
1.1298307459626364 1.9358051215712038
1.131652770290087 1.9425942765709687
1.1382150178258716 1.965541610394771
1.1271726410896514 1.9230010537985232
1.1324466233471984 1.9474991985091041
1.159579494209078 1.9986480888089861
1.1430296362093095 1.975033331091097
1.1781790129635432 1.9358735678011758
1.1787090871571957 1.919707964103175
1.129915396355572 1.9325437822667573
1.170782135796677 2.0019251424292515
1.1329637618659516 1.9451196525782708
1.1644640150471532 2.0026436618205037
1.1569381728679344 1.9941303214868575
1.1345758705728868 1.9524109550466973
1.1346170804533497 1.9510965271841934
1.1526531966865963 1.988028401623027
1.1328763542737927 1.9411629672465238
1.1271094259866303 1.9167690363335423
1.1273505144276141 1.918090697742944
1.1345319154663158 1.948289206232791
1.134995339839098 1.9509633082316225
1.1285984877966968 1.908567664403556
1.1580852986470747 1.99407795087187
1.1341812679175522 1.946148362544008
1.1683832445019064 2.002881386825459
1.1495819075131148 1.9826423748569444
1.131084219226944 1.93282659066573
1.1341091581700125 1.944572673099496
1.1323752798012383 1.937226434252375
1.132659597269999 1.9382695557821652
1.1355180934037825 1.9514481050022912
1.174961062670759 1.9819499479067875
1.1581768753130919 1.9934836815345083
1.129424568169469 1.9226930033414793
1.1297689194413445 1.9260232338182806
1.1300570450475174 1.925406857922378
1.1330892269039416 1.9380209787022324
1.177986859897333 1.9353449594127325
1.1750599050794521 1.9805147721987808
1.1602892521737724 1.995912065779188
1.1287312053566734 1.900066440459788
1.162463874762204 1.9982525302002168
1.1396620970563793 1.9619606012892612
1.1439488886143956 1.9708038485926878
1.139564235549311 1.960812949249548
1.1329524325583757 1.936635428190921
1.1447530574258458 1.97150328658837
1.1577993623499556 1.991852250498044
1.1762381696840836 1.9666807958369823
1.1365145075122758 1.9496829887392817
1.1545638196229273 1.9873171957807645
1.160039863544307 1.9941052415416003
1.135970905882995 1.9474060190546163
1.1397778580799676 1.9599744080196446
1.140883151925054 1.9628968321340987
1.134522016120572 1.938598940303302
1.1754606436357762 1.9751322836782155
1.1398928625839182 1.9594668816110394
1.1598314530566336 1.9935768984294684
1.141842002912194 1.9644312641640589
1.1355004442709151 1.9431957671046052
1.1531943939330633 1.9841440107556865
1.1311166223115012 1.9244840370212923
1.1468997830932088 1.9726205482395645
1.1548776346018588 1.9864110263381998
1.142431567528278 1.9641346070747394
1.1406827432500004 1.9596256443279054
1.1362015316707053 1.9429627247321577
1.148261792754233 1.9754578966559901
1.1389861106186865 1.9541018448672718
1.1381534406024665 1.951533668249314
1.1512486582494736 1.9803512172222593
1.1481080419861045 1.9746643347525858
1.1531599437593916 1.983023903075601
1.1555408559416243 1.9862815831640594
1.13060344126398 1.91716888765921
1.1330719163816876 1.9290110505638407
1.1480296160900716 1.9729558321150351
1.1561464855129016 1.9867852092448666
1.1345301553701752 1.9345466365566892
1.1428127443754579 1.9635172318249448
1.170900864682145 1.9958829855846627
1.1316137782571474 1.906126302506527
1.1522390338416182 1.980789784624919
1.136961588354442 1.9428992162271708
1.1435352560396546 1.9641941365745446
1.174280527760538 1.981120820358117
1.1600346026313464 1.9910342908437386
1.1319946560876086 1.903578200887966
1.158236239561255 1.9884667037544168
1.176825579724098 1.9525198795636025
1.133259133355311 1.9266397128614
1.1776745613878092 1.9328510256864289
1.1373943435274314 1.9418295793392994
1.1653876242586643 1.996563617348638
1.1527375915685958 1.9803963226608785
1.1356788456366145 1.9362317369956656
1.134399430199644 1.9303782903904818
1.1313642163576996 1.916819565233285
1.1692302788589608 1.9969832602297881
1.130868479300306 1.9141261321117962
1.169205684013644 1.9969215961427593
1.1336808435080012 1.925636263102612
1.169809147456142 1.9962198809086695
1.161983618100244 1.992425643822252
1.1378933864065535 1.941008506560565
1.1379412477450526 1.9407437132498102
1.1510269742575514 1.9757919781685185
1.1497815662220392 1.9726508310080662
1.142429715867494 1.9580549964607084
1.1390268149541567 1.9452358018312368
1.161512367197696 1.9908158512890046
1.1767064899392032 1.9496763228988043
1.1509223603102703 1.9742316705547376
1.1598521562828583 1.988607037728701
1.1519895066553816 1.9772637893565266
1.1327523479572517 1.903932544770161
1.152670960014712 1.9778064934041026
1.174925640609645 1.9721603747923337
1.154006374648462 1.9799866199558764
1.1468698375736022 1.9668225529703884
1.1712127842154498 1.9919571706299362
1.1545926775880218 1.9803832869521785
1.1364011397935556 1.9332677696695837
1.1624358801474446 1.9911376391694442
1.1493760977702825 1.9706591332741046
1.1776878504515271 1.9269527240203221
1.1739499157336932 1.978838009257925
1.1584151343130729 1.98531294642852
1.141487981673862 1.9513990388342557
1.1343931724641572 1.9090923860938303
1.1648445855119551 1.992859840837956
1.1610495847762936 1.9885864953835057
1.1745726692270313 1.973057674920303
1.1343678660849867 1.9070129962367433
1.140787245897172 1.9457807706855572
1.176609651330674 1.947634299448448
1.1419586869201561 1.9508680185467056
1.135053853767857 1.921571600498179
1.1650803101413068 1.9925543117049505
1.1673954111299556 1.9935927061639944
1.1454398418927085 1.9604327109045265
1.1552823042361398 1.9791847386343115
1.1331099409775742 1.915507577476891
1.1754881047364667 1.9650690983349757
1.1612540169974146 1.9877800876359786
1.139409382621704 1.9382357819682123
1.1413352704867201 1.9470362912577022
1.165189464198005 1.9920406544505258
1.1478848998264664 1.9651013253072454
1.1683964388663448 1.9929863798279908
1.1433703343264234 1.954929058458357
1.1439653709642374 1.9562100602049337
1.157762901998226 1.982054267039596
1.135009636399233 1.9079275729528327
1.1679119248216026 1.9927149475413173
1.151478440171945 1.9708250554585203
1.140418930142599 1.939247789846508
1.1419043322491484 1.947072234254844
1.1567656680836915 1.9802619104296373
1.1479778249451067 1.9642569860094405
1.137699876960571 1.9297027393293593
1.1726795107414216 1.9833930091738776
1.1569305631379694 1.9801800161703513
1.1532404111691865 1.9726671522070591
1.1767611253973338 1.9385027224318316
1.1397141214171336 1.9359620166360585
1.159394593148393 1.9828756532993606
1.1418202488333615 1.9420488516482879
1.1356375342045482 1.9192332351674692
1.1609595116463451 1.9850642027460794
1.150579551731538 1.967323678562458
1.143577262305473 1.9480353847206247
1.1418905899056742 1.9404037073852927
1.1485450270402273 1.9630920191910861
1.1569858881650603 1.978211532187643
1.1360109797447935 1.91802399409067
1.1764727787106377 1.940875163445091
1.1446675885901996 1.9526258954457056
1.17388965167948 1.9729619112350791
1.171753408344145 1.9850097552948194
1.1364340670282023 1.9194815354614865
1.1362144296193484 1.9186272590553604
1.1355376700601052 1.9121886475835725
1.1487329244325175 1.962242788874223
1.1667694321931223 1.9893551263148095
1.1434782953354123 1.944519075136429
1.1730277094200752 1.978485225741829
1.1457199075769524 1.9532518479019076
1.142422260483115 1.9385822533765142
1.140059185135329 1.9319666484294087
1.165142864820115 1.987872439162429
1.1463918155074733 1.9538822183541111
1.1640016941715103 1.9866017034604515
1.1748020344577836 1.9643663821513244
1.1414157095500217 1.9350209458084326
1.1380827039400674 1.9069163318339606
1.177489471340818 1.9080492571615606
1.1419535664705012 1.935672387332933
1.1770641609482064 1.9264457503949557
1.1462886586161438 1.950231833142712
1.172162595036801 1.9804774059657195
1.136654029536267 1.9153331505694444
1.1465181299814322 1.9516868374452607
1.168642094172193 1.9875621560706367
1.1427087065464365 1.9364157256257837
1.1719622306927062 1.9809792346867003
1.1395839028948909 1.922096142508957
1.1413129397273396 1.9302430503023094
1.1456973828885681 1.9460923956674565
1.1385216774467861 1.9042593350409063
1.1577818198482834 1.973750881281892
1.1754372947003655 1.9552021742810846
1.1536396979344006 1.9665731607520776
1.1418122643579143 1.931328999121192
1.1430478844747238 1.9351099893960972
1.171991620662295 1.9799155536318571
1.1758856132747786 1.9452622262480805
1.139422690230961 1.9015528020206574
1.1446214815851123 1.9387985541917523
1.1672584525127894 1.9858741940085662
1.1389927091949605 1.9041419236234567
1.1491610950604327 1.9566116576775394
1.1392262972794804 1.9191319476172262
1.1399295720240414 1.909146999766919
1.1617495637386994 1.980061353319282
1.1493331136593052 1.9565533635054204
1.1737711877032377 1.9683028100065
1.1455655946431518 1.941381061488191
1.1391973783643143 1.9173831097960725
1.156588953145599 1.9702268297638312
1.1394524872246465 1.9039929468609558
1.1701989855864836 1.983482664047646
1.142954696319729 1.9329498203252422
1.1396589967696393 1.909694023458876
1.1563862614001028 1.9694247412015766
1.1736406293285748 1.9683983778626508
1.1388322566249394 1.9130181649631863
1.1735854532996186 1.9685798353027772
1.138912771572518 1.9132130749978793
1.1403048707838992 1.9080974177534868
1.1439586479652877 1.9348916755867294
1.1515999281575906 1.9597385812807675
1.1457228698958102 1.93993222407291
1.1724571464429079 1.9753671718410684
1.1686832082766319 1.984552039366713
1.1408961964961344 1.9213041866895226
1.1432333818738347 1.932129201054405
1.1422873006627006 1.9275854128006564
1.152825081526761 1.9613677356276742
1.1487212104414941 1.9487071831700347
1.1578184918795202 1.9705418648778121
1.1653580845362495 1.982417101747112
1.1614532863492457 1.9772214785060258
1.1405868980131615 1.9013369963784863
1.1753558677481686 1.9486680607889726
1.1454526851316078 1.9369253964237074
1.1430349028475089 1.927020777792012
1.148390436816548 1.9458345942263067
1.1396432523174598 1.9152417566318407
1.1769358080263723 1.908499217416775
1.1475056602843205 1.940941625193106
1.1402032897782555 1.9141828016611104
1.1618887269490135 1.9763768568251867
1.1413787341494528 1.909382436307462
1.1412444423277368 1.9192325056226502
1.158324075227465 1.9692842059814126
1.1615249973614474 1.975231381011817
1.1437751360172599 1.9289244374187586
1.141287696136037 1.917852469584401
1.1405366464172 1.9124729157772582
1.1407013807949862 1.91326954276876
1.1468022146334862 1.9379020599574637
1.1725914035724 1.970832660416713
1.1543064473926319 1.9610957316828599
1.1696879644283917 1.9805700842842884
1.16564193352625 1.9802654156211268
1.1730001149227258 1.9683421685614353
1.175669006221375 1.939062534296163
1.1628327068391264 1.9766510350382027
1.1623349583294758 1.9755774095559377
1.1666034444357587 1.9807222498019457
1.1675767482513932 1.9810854100596367
1.1458423330197967 1.933781578306931
1.1581326217026922 1.9677618707252051
1.1510370949426743 1.9520696115868856
1.155811418698939 1.96330753369882
1.1412220297273605 1.913873755392669
1.1511387614614368 1.9513806669429798
1.1418551502588434 1.918662175961745
1.1458209929348813 1.9332363549292508
1.168090729785406 1.9806245766184187
1.1519425040170008 1.9531729690208732
1.1686602737683611 1.9805467070956384
1.1431927738604442 1.9027328898146594
1.1531967407416808 1.9567015776376062
1.171958669351865 1.9721548649043639
1.144788590997341 1.9276686299219228
1.1639180620648042 1.9768688743041776
1.1747510058330333 1.951339193277459
1.1663602935750077 1.9788106429191914
1.1485650315898501 1.9388581172289294
1.1555024936879537 1.9608078028361078
1.1458202862402058 1.9300473500740891
1.168693226150941 1.9795823332531102
1.1606902598332962 1.97051252145793
1.1745035273903544 1.9548800342586008
1.174896739449732 1.9478609258930573
1.1462680362783857 1.9299914543817975
1.1723642972952641 1.9688542544259353
1.1700617064964551 1.9773241320133614
1.1630237072060254 1.9729232698630836
1.1463666784980346 1.9298185935961114
1.1609738237453637 1.9696579522831406
1.1706461745287884 1.9749285972417305
1.173559129825608 1.9605498090717
1.1466695465643393 1.9303125784205282
1.161064143407919 1.9693265547221308
1.172091832920065 1.9695151901372434
1.1437020293660871 1.9011786598912315
1.1568148600190766 1.9611027766407574
1.1427555896213526 1.9134453948882482
1.1515697756552843 1.9468621329330213
1.1460757738071619 1.9271976540902078
1.1766240463008435 1.901638164590652
1.1767032015070575 1.9137855109710185
1.1455721605352425 1.9239984579924403
1.1690778022908475 1.9772307549975876
1.1727558353103302 1.9652253229197854
1.1491111927546762 1.9368715581601283
1.1482925210678172 1.9344699233148186
1.151023587310907 1.940820011011414
1.1749045028190683 1.9427071993276628
1.144485553290396 1.9196174644593038
1.1670954923991639 1.976425059374312
1.1507358468210442 1.9402044399883502
1.1598322429305106 1.9658854632156348
1.175216224042104 1.9383722878937526
1.1514628615841895 1.941759112039317
1.1607151552769401 1.9671691236710016
1.1662044625478964 1.9751315707773294
1.145825487067599 1.9217624956403985
1.1753921356734989 1.9356776192417637
1.147223222221765 1.9286372868318218
1.1468459387950896 1.9268225311639433
1.154113057578988 1.9519715257108188
1.1570278930376567 1.9588264394991874
1.1444904386741634 1.917588203350977
1.1674236741885364 1.9753114017212203
1.1497146820125155 1.9358177949445756
1.1665285500560576 1.9741015515954765
1.1735325084082597 1.9578215694596455
1.1482721494913806 1.9313182859440663
1.167161352634165 1.9744092262474764
1.1678819525424933 1.9750611240091367
1.1557854287102138 1.9553798538852953
1.1439809110748111 1.9129247507654148
1.1763005320740199 1.908930519803161
1.1618537836032372 1.9679360917723825
1.1521218242520803 1.9415153123449416
1.1721821219043336 1.9663895178800184
1.14438021354095 1.916182949836309
1.1522733702489667 1.9417542033712027
1.1487365655628152 1.9323768662695584
1.1455539819196165 1.90625814950544
1.1523010814392605 1.9433455163862698
1.1469469649638868 1.9247350860317964
1.170082229870978 1.9720432716119343
1.1666253091942105 1.9728382411518275
1.1755452353988989 1.9313847256675132
1.176409955568091 1.9138602048474715
1.1456834166117642 1.9194185902370444
1.1542349928247542 1.9478792924502677
1.1762954537116643 1.9166300054708125
1.1594428532179533 1.9624142234107114
1.1751564383850648 1.9363489539380299
1.1643208126135167 1.9705015629853109
1.1473741349830375 1.9225646872842006
1.1622309250658875 1.9668464301240174
1.161485983640316 1.9652022273811638
1.1763066210666266 1.9041283036626842
1.1474531527084078 1.922073983321032
1.1635375278983329 1.9682873103029206
1.1699885841244688 1.9707289468902804
1.156905491411564 1.954154546879587
1.1598752840872297 1.9614645323859161
1.1468819429319113 1.9035088806049874
1.157831790242651 1.9568797282363537
1.174437136769666 1.9418171904304335
1.1506519346179092 1.932783031629605
1.1480568982881845 1.9221599893770551
1.155929207926097 1.9483516477185132
1.1579740709803394 1.9557021610793093
1.1758089320251608 1.9210513896747001
1.1459608889195547 1.9157283982544915
1.156655009470191 1.9512777218280555
1.1510514338386324 1.9324369201391405
1.1520280105420067 1.934883680564912
1.15740386283674 1.9528874678480845
1.1755050837755994 1.925623459503326
1.1732876696397199 1.9543712598922813
1.1503964007747225 1.9290564457829096
1.172479388229006 1.9593629210726544
1.1718431531013538 1.963224973426178
1.1581733132402308 1.9551161893205151
1.1577959527966946 1.953152774775674
1.150130830294673 1.9272618125022953
1.174121905738507 1.941859831056949
1.1582052278769261 1.9548431666894357
1.147417159073011 1.9189353892846561
1.1481268526901438 1.9085050297875992
1.1595360788795894 1.9574435174727403
1.1480083498284896 1.901882243178853
1.1478851866148656 1.9059873772009908
1.1535646521642582 1.9378897674539364
1.147398258588153 1.9184299301858123
1.1490393934496157 1.9222369554650378
1.1544594640279826 1.9398797029793868
1.1482524820830462 1.9032599917134754
1.1547210100273144 1.9393903216072867
1.1489034631190633 1.9210982855059207
1.1552438239320701 1.9415216504261479
1.1529106883685243 1.9353626738143217
1.1469521545812067 1.9135326182369448
1.15997231853368 1.9573250328721696
1.1758327146748866 1.918318029111237
1.1684835321322367 1.9689150181016062
1.1752981207123108 1.9256970964542062
1.147341187025575 1.9163323933262528
1.1522079965901986 1.9324244517061573
1.1480612043972893 1.9183015807956438
1.152130229565187 1.9322326443711224
1.1604495904007661 1.9576196061104034
1.1754795527764512 1.9229835275139566
1.1570665521666603 1.9475967175930464
1.1479355246293241 1.9000493127540816
1.175694973482448 1.920047180626417
1.1741031378970503 1.939023585016242
1.1732318400100745 1.9502033912173646
1.1519902610931425 1.9298547950916982
1.1751170126372128 1.9280751586876328
1.1509731668757015 1.9266895878228123
1.1664539977398398 1.9670437948802646
1.1493379243544042 1.9026429978849941
1.152377202110673 1.9317885734992304
1.156025618823683 1.941332044319926
1.1618197556660768 1.959305143076659
1.1546664785515723 1.9374759751820168
1.1562264921161254 1.9409263581217748
1.1522746648931723 1.9294905643038365
1.1513620156669662 1.9269113982777173
1.1507586254840536 1.9233433863926517
1.1487227596161995 1.905587611029498
1.1488810150058002 1.9178425745824486
1.1737798309335974 1.9410418088109174
1.1755876437839317 1.9188764997788967
1.157801351507597 1.9467809723401406
1.1517756789867553 1.926528292524749
1.1687833028979984 1.9664927817258564
1.1546400266587227 1.93547305854367
1.149983937515355 1.9032266719400137
1.1568802462996552 1.940913755472075
1.1643956564041285 1.9631025112133542
1.155377969568489 1.9370794913681029
1.150165596180874 1.90534668454846
1.172836759376655 1.9498750504217794
1.1679960690252729 1.9660761670758014
1.172388534933706 1.9551549776643966
1.1682442789656875 1.9657858280760196
1.1714975952436062 1.9592992063219226
1.1568539432593365 1.940213639982343
1.1497880520179178 1.9042875055004738
1.1630674733345796 1.9596963958988736
1.1737969005612867 1.9384514494110567
1.1586877607212551 1.9471882107587755
1.1603170307496748 1.9527271295090634
1.1561325995805958 1.9379259373457833
1.175190253260241 1.9211075048751316
1.1548466118808656 1.933939640162563
1.1518873249635004 1.9229104021232417
1.1525904490613477 1.9262799442783418
1.1603189835630432 1.9505946703032646
1.1709120174951477 1.9603869794310416
1.1715037162972248 1.957989155072288
1.1504067771657946 1.9012806990723568
1.1506253174366867 1.9077989005131286
1.1613222466216697 1.953336754862456
1.1732468863621364 1.9434310832431112
1.1501643215357527 1.9105303055484921
1.1562599394252386 1.9363610309155876
1.1641466244746546 1.9590741258392956
1.1588167584615323 1.9439302180125366
1.155350719057258 1.932942157529609
1.1616224483300557 1.9528506193857356
1.1585824629966055 1.9431993025582506
1.1526627872736863 1.9218591152794198
1.1530276425455535 1.9241733747974146
1.173396136367162 1.9388547415259012
1.1582457828737946 1.9397599471763631
1.153524845306641 1.9255081667128235
1.1531408397717207 1.9233744689686827
1.1708765532942653 1.95838596418089
1.151777933587747 1.9061013560398987
1.1518118786379334 1.9060996723842891
1.1531723644135106 1.9224487481041903
1.1737592531655578 1.9353853496314601
1.154993559881047 1.9297754876794007
1.15098206347563 1.9164833310187186
1.1518531480999392 1.9059797452578755
1.1515836039207372 1.9096952870929178
1.1699148216386936 1.960126037812718
1.1626596715715707 1.9548422579409335
1.154290166234016 1.9275136748330712
1.174538244128622 1.9251528025469686
1.1620508302138415 1.9524222765347634
1.175374700554526 1.915442263618387
1.1546487579115117 1.9273547647283777
1.175044977240004 1.909213928489977
1.1586620480929855 1.938594637410739
1.1519921486785154 1.905682715546244
1.1718874460242668 1.9507292455926828
1.1522385107798638 1.9016842859499081
1.17254021468327 1.944768737214893
1.1514344626249229 1.9160151447959797
1.165763486535784 1.9586752405353416
1.1644141949504285 1.9569948859486934
1.1619568013575012 1.9492309075578804
1.161251269673359 1.9476512578923362
1.1676342484795967 1.9601396152993051
1.164207925750445 1.9566975514393343
1.1623178022082923 1.9504205591439723
1.158253089635028 1.9371410020450437
1.161181196110911 1.9473462180404728
1.1743054220308604 1.926409663722106
1.160691367493895 1.9444974677297808
1.1525982419402927 1.9044404238280537
1.160205200911744 1.9422328214756799
1.159571814458257 1.9394369839234493
1.1524969961515126 1.91724429721512
1.1551216789926722 1.9266775966541625
1.1614410438713652 1.9460437596399716
1.1726332509941253 1.9432578284183788
1.1638396433178508 1.9538717692262006
1.1532527714035028 1.9033107700374108
1.1530376101725683 1.9048214364775473
1.1649262705462609 1.9566981200609515
1.1751354897974833 1.9114107569491368
1.15284863546945 1.9170877115297134
1.174757504393817 1.9188675938336224
1.1717231575743123 1.948024677333198
1.1602890943493864 1.9403869341129418
1.1746842280667575 1.9191987986192087
1.167375927102611 1.9575061940862428
1.175049611840742 1.9121888678029222
1.1610583363024887 1.943114010249734
1.1538903805178733 1.903251253925105
1.1712525055064331 1.9496778530364083
1.1555688514546074 1.9232431212231365
1.160663673237503 1.9400852557396697
1.1651322852917607 1.9536788972239756
1.1663449158552208 1.9557876270061545
1.163765603128921 1.9492128792895638
1.1695297680126293 1.9559943948656784
1.1668370110070494 1.9564939767869205
1.1548490703567948 1.9206906887683004
1.167078875652765 1.956301171165905
1.171092268843725 1.948707793982844
1.1627968237436654 1.9473023799881262
1.1642523618195397 1.951307382372075
1.1576048339840646 1.9297620275782512
1.1681582660727556 1.95654558565124
1.1675211377166372 1.9556872681376771
1.162904607677904 1.9469322395343607
1.1664641204327533 1.9540073364311483
1.1532518015299162 1.914463254446338
1.1648669743261753 1.9511232782724601
1.1683721383890961 1.9553491967273606
1.1682893292472354 1.9554280943416635
1.1736161855780332 1.92800302652694
1.1642341363518298 1.9484150055073817
1.1666646664045954 1.9536863694048916
1.17173409744107 1.944016738590323
1.1617524823738705 1.940114699144445
1.1691330353855105 1.9543331501708008
1.1622736037798527 1.9416859611339374
1.1687303922300283 1.954343357025757
1.1734370747438412 1.9290610960403332
1.163620046792495 1.9459164370421287
1.165051910367436 1.950136423455287
1.1675805966397914 1.9537425111969866
1.1657624867620844 1.950814688594576
1.1612588666977741 1.9379665350153943
1.1618221927870072 1.93893331720133
1.1743118673951194 1.9182503938778068
1.167580093166527 1.952765734088556
1.1696683211802381 1.9505886904836611
1.1745621513009052 1.9151831217980113
1.1647674350366857 1.9477356587145584
1.171626167825916 1.9406744153543676
1.1630680225684191 1.943102302519915
1.1583904679219865 1.9279366368314546
1.158043311188372 1.925619075620434
1.1593593507319495 1.9310098580882034
1.1634842046617413 1.942924049073464
1.1557200792043876 1.9051092192339651
1.1553274297327152 1.9101621507646298
1.1675852785180285 1.9517784297113012
1.1594418732949592 1.9311766807641029
1.1736639410360628 1.9230045311770436
1.162480283686029 1.9387940004911237
1.1594453020600863 1.9295976638867456
1.1574911172602877 1.922814321677203
1.1677394126308103 1.949177677240485
1.1735733842034355 1.9224511935424546
1.1658293222386518 1.9477408274484074
1.1596130408907728 1.9301550529344333
1.164096408045197 1.9430052676039642
1.1729216061790626 1.9297881400735835
1.1552167847730919 1.9157497012831963
1.17399586733016 1.90682977042828
1.1619813263339833 1.9369408013099942
1.1555737931924641 1.910654663997717
1.1700006762176849 1.9464276399623204
1.174379502975091 1.9116127460840087
1.1707766398860464 1.9441809535666434
1.1711198934471785 1.940620061405215
1.1664152617783161 1.9459344633191469
1.173858763764212 1.9087401237471708
1.1740514944617053 1.9044774722421203
1.158914251162337 1.9262708517277423
1.1739213237482804 1.9183932897136051
1.1704079366934383 1.9439772503876058
1.1567363904130517 1.9100516208784442
1.169594430420288 1.946260208996215
1.1739445294814599 1.9032367244054549
1.1723176995524267 1.9337472834335796
1.1649835416954648 1.9436203108697294
1.1734712020358995 1.9210254449081734
1.1595316504041695 1.9268105490862149
1.1734589598400391 1.9213431419706972
1.1649673360994504 1.9432715830303084
1.1570510049431133 1.906510638274428
1.1574175331723493 1.9200040367622409
1.1719332354617291 1.9353941191746125
1.1736368181395445 1.9196606413720352
1.1639467434414117 1.9386089053690156
1.1560696459371775 1.9139123106502056
1.1704927435183863 1.9414044578212883
1.1600502093261462 1.9276673572580438
1.1737346038861682 1.9188014623228686
1.1600235018909861 1.927596227783313
1.170372204439956 1.94147990369221
1.15769036201864 1.9088689933732035
1.1723920705143924 1.9308471152212747
1.1735954949110388 1.9199143039013906
1.1661224736041034 1.9422611877259488
1.1573221995019989 1.9037587981244792
1.16665997701967 1.942782160416547
1.173759881063368 1.9018797696566152
1.1694914067672948 1.943902777666848
1.1580820659034647 1.9084249134447413
1.1652935772841806 1.9402474897567015
1.1723909425607275 1.929496785714953
1.1736998208136538 1.9097481889305479
1.1736118313865826 1.918693339534925
1.1600554418754778 1.9251644499135592
1.158139048559202 1.9061432277481711
1.1697089989661669 1.9408272700027598
1.1609143989153736 1.9289083128267088
1.158021088634894 1.9188637776655049
1.1685649208168443 1.9440617190001566
1.1684789670590128 1.9441003729120858
1.1583526533854869 1.9031075102279345
1.1728699219642431 1.9241919194896058
1.164170104016688 1.9374404942066863
1.1715545182373681 1.9349255294423384
1.167234659500979 1.941088251942366
1.1677986165635654 1.9431426838759236
1.159429709728574 1.9211567756565484
1.1637280603533222 1.936112799237534
1.1572800737779463 1.9130365988268783
1.160995497887543 1.927658957383928
1.164945571024629 1.938240556580205
1.1685082867263394 1.9433293974067638
1.161940386335416 1.9307069398833743
1.1728516458912213 1.924342907568528
1.1682776577094203 1.9414996446258046
1.1599116697408864 1.9220054311248242
1.1715356170439426 1.9341218529923032
1.1613900195966342 1.9281096715365915
1.1659967884774693 1.9389012922087623
1.1641810853808836 1.9357125860550684
1.1676182654119085 1.9403373892947735
1.1586908423582536 1.9047951457396874
1.1732174414841452 1.9192245721675132
1.162880375164036 1.9319491044945183
1.1594876752470444 1.908539111311649
1.1733470499146277 1.9099243346910626
1.1697639634801809 1.9381184380362702
1.1658925109499163 1.9372788698476586
1.162904123305119 1.9307872664213168
1.1651475026473654 1.9365527842454906
1.1732720636267255 1.9066516047237196
1.163970970630841 1.9333730052953046
1.1594476351045935 1.9035643258347752
1.159459530605522 1.9079868254834937
1.162063907123899 1.9270552226876856
1.170501443169703 1.9352430115275707
1.161195911621576 1.9227598400381585
1.1655320316438675 1.9351368790604846
1.1712643913791498 1.9316271275732757
1.1588028183913681 1.9136730084850577
1.165637030086126 1.9347831628222005
1.166649312127456 1.9365239632905966
1.163219771947106 1.9291482281091503
1.1714439808393307 1.9294785302403865
1.1732367901461622 1.9149570019588684
1.160025449335953 1.9017441850689247
1.1604524109867829 1.9031395480489302
1.169945583878525 1.9347850442762915
1.1595429758787883 1.9001674008892246
1.1728200650351297 1.9092455873040495
1.1598990611487288 1.90562552528334
1.1643517330582074 1.9311909865497472
1.1659751475394797 1.9344515694740294
1.1622571706983975 1.9233336341208658
1.1593506604173962 1.915115841025118
1.1662304875752767 1.9334793853684882
1.1625383309387702 1.9245789043186703
1.1714323189784073 1.9271697438095015
1.168276018079672 1.9353850388023646
1.160413657470397 1.9055298271978693
1.1708682425591186 1.9303008385492941
1.1658110106630404 1.932997007014946
1.16422956494868 1.928876548944301
1.1649149549202245 1.9295299055034052
1.1612427051616088 1.903239234211813
1.1599634135337349 1.9134775574872445
1.1707449338311695 1.9293207552583898
1.161630222553049 1.9200889345748864
1.1613277051223727 1.9073319253469843
1.1662245139221559 1.9320701307880428
1.1716989973212555 1.922422020643387
1.1658881210634136 1.931182397862885
1.1606047473656242 1.9004055066618168
1.1727918845186736 1.9157341334549491
1.1618505676773256 1.9085430701815287
1.1658212430362644 1.9298213502888117
1.165831778643247 1.9300196412862667
1.1727405259845227 1.914930432617265
1.1682173961538005 1.9330188205410694
1.1661477772924562 1.9296617001391985
1.170028732856509 1.9297991079047867
1.1721509734997788 1.9091015986871314
1.160909377583361 1.9111899028882564
1.1727451664530428 1.9143345135531826
1.1664336017160768 1.9300301373348758
1.1626202510506478 1.9204476614116082
1.1642522240897444 1.926071865903075
1.1619051008185992 1.9070387380311469
1.1689876643565946 1.9320143210391645
1.1694627733514187 1.9308386157539505
1.1612241418450753 1.9161769607280446
1.1616076278071077 1.9009617114813515
1.1615361167645815 1.9015651759607552
1.1676989041567563 1.9299233379043197
1.161267602782511 1.9160631198256748
1.1674762964585728 1.929561697285295
1.1701811801511006 1.927737772754024
1.1723332232766814 1.9165338442517543
1.166206266996732 1.9284058516674405
1.171824539762421 1.919695358733319
1.1619431679248269 1.9012383062544438
1.1708717263371735 1.9232998674288468
1.161864033493409 1.9008606351505246
1.1626584035935266 1.9068085313172118
1.1624793523362522 1.9188252892775706
1.1622692185572707 1.9171454652340232
1.1646387249223238 1.9241723079701794
1.1628250193402863 1.908263330736424
1.1647924788352921 1.9240940511468152
1.1668689493683113 1.9277901457543778
1.172308553077765 1.9108479819674946
1.1705968933758346 1.9239084675280236
1.1620712601399155 1.9040785549372512
1.1691867381753145 1.9287844764223665
1.1629491124618703 1.90227836704545
1.1704437139356534 1.9248673133900502
1.1624346681518458 1.9166196835807923
1.1673417504047519 1.9271716176951994
1.1649963385465738 1.9230676777362226
1.1689914357343087 1.9285268936051052
1.1659648369534463 1.925073972030732
1.1722145416213952 1.9136100433848664
1.164628970210742 1.9212027072536502
1.1711695042298886 1.9205491215680182
1.1663435308623704 1.9251470276435745
1.1668252231686385 1.9263786612407763
1.1633971411205624 1.9026046387506783
1.1651997054341354 1.9220813230323226
1.1721696384673619 1.914027408516687
1.1720965160632972 1.9137901123086942
1.1624492328887306 1.9002871772137175
1.1660493769787048 1.9225285442074078
1.163519267752609 1.9048350425733112
1.1684404911992212 1.9258714463545297
1.1653855293373383 1.9212670886012768
1.1716408930930666 1.9072148085192049
1.1679244286976485 1.9252300520125158
1.1639426667589574 1.9083637211671372
1.1642305384505134 1.9198964269629155
1.1676690139426726 1.9238613759751855
1.1661057858635173 1.9215816532549932
1.1704190993650399 1.9208587910644381
1.1672550469119245 1.9241176764750498
1.1675827528378475 1.9236463931443215
1.1629707651133123 1.9137785123360438
1.1695360148457006 1.9228886531575002
1.166011942894701 1.9210132989368756
1.1668703361691881 1.9218545146539916
1.1711588936127675 1.903070199607752
1.1712216433826066 1.917001165402035
1.1633463176426622 1.9146170437283128
1.17115051162211 1.9066659705848705
1.1700517275740612 1.9206167070368643
1.1706573142259127 1.9200446588813556
1.1645290699006527 1.9186105910549833
1.1689131813371056 1.9222261938998055
1.1634401300778416 1.9158320492589738
1.1645987206126356 1.9019239381319213
1.1653467786754408 1.9198514618707734
1.1647260886667405 1.9072660159697845
1.1653667835670185 1.9064248558993688
1.1649384223059869 1.9073273032609461
1.1639486025165642 1.9121421505621705
1.1709989402692105 1.916843568980588
1.1708123979769112 1.9176653470523903
1.1652911572710696 1.906739307498173
1.1650001987141803 1.9051741834411318
1.1714683646966872 1.90017869451464
1.1703379553171651 1.9199421907035792
1.1714301987472349 1.9157549307607822
1.1712128762392404 1.9008629522615295
1.1641466367424296 1.913103372881696
1.1705804258521302 1.9178245080741878
1.1655702882132324 1.9180952846231798
1.1644641583098911 1.9005166794099735
1.1710267098285256 1.9040084045189447
1.1664190550848132 1.9085180899522656
1.1700026203427794 1.919397935227632
1.1664993559402936 1.9084899362311816
1.1660504064435866 1.917746476961998
1.1663213922869815 1.9083601229881244
1.1696563287977852 1.9195139341113976
1.1655255645606677 1.9017211028516425
1.1653330051721307 1.9007170799204323
1.1660870451606715 1.9019589738442795
1.1655937289911065 1.9075639747690734
1.1701712618659807 1.917541278046861
1.1673651718862041 1.9198629219526144
1.1699629766245276 1.9032786471677359
1.1658375458135972 1.9166706102719453
1.1645008085464863 1.9142847937850858
1.170636847524068 1.9039720126442792
1.1691033735746985 1.919854055140022
1.1654005975214323 1.91598910911967
1.1692886164758358 1.9084934022371023
1.167782484053126 1.9194132124751015
1.169273763928789 1.908258164206921
1.16478485951433 1.9128698705152314
1.1665506740601894 1.9169210854882222
1.1685747372422601 1.908749131746421
1.1671531212105961 1.9064890385046125
1.1678406643878692 1.907012257571874
1.1696545832544065 1.9073122187438512
1.1697512793822138 1.909887107284963
1.1675807412357078 1.9189478801480295
1.166772493996059 1.9048815347982782
1.1679374291143587 1.9020717556631905
1.168508585542993 1.9029123480575487
1.1649912823812196 1.915440873132977
1.1683005384201877 1.9188161430983541
1.1670124252106162 1.9074666026292462
1.1671146387628422 1.9049091045103475
1.1689562477801174 1.9079660928933029
1.1679599218532783 1.9097920954164809
1.1699610967451992 1.9010980663501806
1.1658669072812766 1.9130096976885897
1.1698332127440396 1.9042967317283044
1.1693393838899389 1.904554196920515
1.1662706071372986 1.9148995766081558
1.1688145379719823 1.9094527585868148
1.1684659738859628 1.9065627417899853
1.1667213325945571 1.9012709164070158
1.1700364391915699 1.913235805569727
1.1666134018562027 1.910997535666736
1.169363606482341 1.9056951309340753
1.1696003999802131 1.9112498621133596
1.1688978603745188 1.9037667721303775
1.1666844765338538 1.9117957954598654
1.1674921931172144 1.9013477327271247
1.1695141497981014 1.911928808292573
1.1694171902857122 1.9015706707429172
1.1688241580094598 1.9007710724124423
1.1687745497254038 1.910088749732565
1.1666987402017106 1.9122493055961398
1.1675974046489754 1.9160185023467338
1.1688550485600604 1.9111442054198797
1.1669417262209378 1.9149735172163707
1.168012565379128 1.9162221223897409
1.168530150251565 1.9006031147703184
1.1688418149009303 1.9146667329547185
1.168517607953504 1.900501139363524
1.168302548724641 1.9147417803617932
1.1681395655663658 1.9137389025740876
1.1688150040928966 1.9132400644382288
1.1684985489605848 1.9135590320048885
1.1684830327376297 1.9122116771102995
1.1682508052583185 1.9126023564768342
